21
1
2
4 1 7 4 0 -1
4 2 7 2 0 2
haar_y4
-2.166992e-001 0 -1
6.576661e-001 -2.236406e-001 
1
2
11 2 1 6 0 -1
11 5 1 3 0 2
haar_y2
8.299299e-003 0 -1
-6.390556e-001 2.339094e-001 
1
3
3 2 6 6 0 -1
3 2 3 3 0 2
6 5 3 3 0 2
haar_x2_y2
-5.018956e-002 0 -1
2.868092e-001 -3.238865e-001 
1
2
4 2 8 2 0 -1
4 3 8 1 0 2
haar_y2
-1.962337e-001 0 -1
9.047531e-001 -4.801859e-002 
1
2
4 7 3 1 0 -1
5 7 1 1 0 3
haar_x3
7.369566e-003 0 -1
1.228018e-001 -7.134931e-001 
1
2
13 0 2 2 0 -1
13 0 2 1 0 2
tilted_haar_x2
2.143993e-002 0 -1
-2.247238e-001 2.202473e-001 
1
2
4 5 3 3 0 -1
5 5 1 3 0 3
haar_x3
-1.706431e-002 0 -1
-8.725494e-001 7.621881e-002 
1
2
13 0 2 4 0 -1
13 0 1 4 0 2
haar_x2
-1.418061e-002 0 -1
2.991800e-001 -2.144109e-001 
1
2
3 4 9 3 0 -1
6 5 3 1 0 9
haar_point
2.621047e-001 0 -1
-1.355278e-001 6.244460e-001 
1
2
7 4 2 2 0 -1
7 4 1 2 0 2
haar_x2
9.854028e-003 0 -1
1.070306e-001 -8.833987e-001 
1
3
0 2 4 6 0 -1
0 2 2 3 0 2
2 5 2 3 0 2
haar_x2_y2
2.976413e-002 0 -1
-2.847764e-001 2.633856e-001 
1
3
11 0 4 4 0 -1
13 0 2 2 0 2
11 2 2 2 0 2
haar_x2_y2
3.616858e-002 0 -1
-7.004549e-002 3.283843e-001 
1
2
6 4 2 2 0 -1
7 4 1 2 0 2
haar_x2
-1.014228e-002 0 -1
-7.547188e-001 8.932292e-002 
1
3
5 3 10 4 0 -1
10 3 5 2 0 2
5 5 5 2 0 2
haar_x2_y2
-1.391631e-001 0 -1
5.007801e-001 -1.368679e-001 
1
3
1 3 6 2 0 -1
1 3 3 1 0 2
4 4 3 1 0 2
haar_x2_y2
3.892884e-002 0 -1
-1.332201e-001 5.190149e-001 
1
2
11 5 4 3 0 -1
11 6 4 1 0 3
haar_y3
-3.501028e-002 0 -1
-8.926513e-001 9.973340e-002 
1
2
1 1 3 1 0 -1
2 2 1 1 0 3
tilted_haar_x3
-3.575648e-002 0 -1
4.623470e-001 -1.808297e-001 
1
2
11 5 4 3 0 -1
11 6 4 1 0 3
haar_y3
2.363914e-002 0 -1
9.015013e-002 -3.859849e-001 
1
3
0 4 10 4 0 -1
0 4 5 2 0 2
5 6 5 2 0 2
haar_x2_y2
7.731134e-002 0 -1
-1.296872e-001 5.566579e-001 
1
2
14 2 1 3 0 -1
14 3 1 1 0 3
haar_y3
-6.600204e-003 0 -1
-3.838795e-001 1.952549e-001 
1
2
0 2 1 3 0 -1
0 3 1 1 0 3
haar_y3
1.895868e-002 0 -1
6.905056e-002 -9.496044e-001 
-1.199911e+000

5
-1
