66
1
2
2 0 2 6 0 -1
2 2 2 2 0 3
haar_y3
-7.259552e-001 0 -1
3.383962e-001 -2.440805e-001 
1
2
1 5 2 1 0 -1
2 5 1 1 0 2
haar_x2
-2.253356e-002 0 -1
-3.403883e-001 1.213195e-001 
1
2
4 0 2 2 0 -1
5 0 1 2 0 2
haar_x2
-6.122965e-002 0 -1
-5.458993e-001 5.779041e-002 
1
2
4 0 2 3 0 -1
5 0 1 3 0 2
haar_x2
9.866607e-002 0 -1
1.345254e-001 -3.210046e-001 
1
2
1 5 2 1 0 -1
2 5 1 1 0 2
haar_x2
-4.919973e-004 0 -1
2.214577e-001 -1.653007e-001 
1
2
2 0 2 2 0 -1
3 0 1 2 0 2
haar_x2
-8.319408e-002 0 -1
-4.928213e-001 5.370608e-002 
1
3
1 3 2 2 0 -1
1 3 1 1 0 2
2 4 1 1 0 2
haar_x2_y2
6.412005e-002 0 -1
-1.029133e-001 3.066038e-001 
1
2
3 5 2 1 0 -1
4 5 1 1 0 2
haar_x2
-2.568467e-002 0 -1
-4.589260e-001 7.092029e-002 
1
2
3 5 3 1 0 -1
4 5 1 1 0 3
haar_x3
2.244125e-002 0 -1
9.127870e-002 -3.174980e-001 
1
2
0 0 5 4 0 -1
0 2 5 2 0 2
haar_y2
3.394591e-001 0 -1
6.642050e-002 -4.581781e-001 
1
2
2 0 3 1 0 -1
3 0 1 1 0 3
haar_x3
3.685050e-002 0 -1
6.447387e-002 -4.261548e-001 
1
2
4 3 2 1 0 -1
5 3 1 1 0 2
haar_x2
-4.511203e-004 0 -1
2.353252e-001 -1.293341e-001 
1
3
4 3 2 2 0 -1
4 3 1 1 0 2
5 4 1 1 0 2
haar_x2_y2
-7.883008e-002 0 -1
4.605436e-001 -5.623705e-002 
1
2
1 0 4 3 0 -1
1 1 4 1 0 3
haar_y3
-3.261426e-001 0 -1
4.626048e-001 -4.950375e-002 
1
2
1 0 3 2 0 -1
2 0 1 2 0 3
haar_x3
-7.821369e-002 0 -1
-3.774919e-001 6.999170e-002 
1
2
2 0 2 1 0 -1
3 0 1 1 0 2
haar_x2
1.584157e-003 0 -1
-1.378491e-001 2.053780e-001 
1
2
3 0 3 1 0 -1
4 0 1 1 0 3
haar_x3
1.900943e-002 0 -1
8.787078e-002 -2.931844e-001 
1
2
0 0 5 3 0 -1
0 1 5 1 0 3
haar_y3
2.716058e-001 0 -1
-1.125422e-001 2.185992e-001 
1
2
1 0 2 2 0 -1
2 0 1 2 0 2
haar_x2
7.710557e-002 0 -1
4.753295e-002 -5.234045e-001 
1
2
2 3 3 1 0 -1
3 3 1 1 0 3
haar_x3
-6.824340e-002 0 -1
1.818137e-001 -1.458466e-001 
1
2
0 5 3 1 0 -1
1 5 1 1 0 3
haar_x3
2.056212e-002 0 -1
8.668742e-002 -2.607772e-001 
1
2
1 5 3 1 0 -1
2 5 1 1 0 3
haar_x3
2.532296e-002 0 -1
6.051664e-002 -3.496120e-001 
1
2
2 5 2 1 0 -1
3 5 1 1 0 2
haar_x2
2.164139e-002 0 -1
7.038117e-002 -3.370956e-001 
1
2
0 2 4 2 0 -1
1 2 2 2 0 2
haar_x4
-3.463627e-001 0 -1
6.219186e-001 -3.737212e-002 
1
2
1 5 2 1 0 -1
2 5 1 1 0 2
haar_x2
1.787052e-003 0 -1
-1.160402e-001 2.158473e-001 
1
2
1 5 2 1 0 -1
2 5 1 1 0 2
haar_x2
2.025202e-002 0 -1
7.124380e-002 -3.473919e-001 
1
2
0 1 6 3 0 -1
0 2 6 1 0 3
haar_y3
-1.206154e+000 0 -1
-8.631835e-001 1.870737e-002 
1
2
0 1 6 3 0 -1
0 2 6 1 0 3
haar_y3
-4.079840e-001 0 -1
1.618701e-001 -1.436633e-001 
1
2
4 1 1 3 0 -1
3 2 1 1 0 3
tilted_haar_y3
1.694594e-001 0 -1
-2.644613e-002 7.132962e-001 
1
2
3 4 1 2 0 -1
3 5 1 1 0 2
haar_y2
1.283724e-003 0 -1
-2.935976e-001 7.570800e-002 
1
2
0 0 2 1 0 -1
1 0 1 1 0 2
haar_x2
-1.880778e-002 0 -1
-1.789588e-001 1.057786e-001 
1
2
0 0 2 2 0 -1
1 0 1 2 0 2
haar_x2
6.407665e-002 0 -1
4.724596e-002 -4.705823e-001 
1
2
0 3 2 1 0 -1
1 3 1 1 0 2
haar_x2
2.171858e-003 0 -1
-1.139564e-001 1.726999e-001 
1
2
2 0 1 6 0 -1
2 3 1 3 0 2
haar_y2
2.873019e-001 0 -1
6.962343e-002 -2.969564e-001 
1
2
0 0 2 6 0 -1
0 3 2 3 0 2
haar_y2
-7.424691e-002 0 -1
-3.156568e-001 5.818812e-002 
1
3
2 4 2 2 0 -1
2 4 1 1 0 2
3 5 1 1 0 2
haar_x2_y2
-1.467722e-003 0 -1
1.619902e-001 -1.123356e-001 
1
3
2 4 2 2 0 -1
2 4 1 1 0 2
3 5 1 1 0 2
haar_x2_y2
-3.062425e-002 0 -1
-3.713399e-001 5.574736e-002 
1
2
3 1 3 4 0 -1
4 1 1 4 0 3
haar_x3
-3.992074e-001 0 -1
5.845641e-001 -3.342228e-002 
1
2
2 4 3 1 0 -1
3 4 1 1 0 3
haar_x3
-3.250206e-002 0 -1
-1.684876e-001 9.929282e-002 
1
2
2 5 2 1 0 -1
3 5 1 1 0 2
haar_x2
-1.042169e-003 0 -1
1.484224e-001 -1.184990e-001 
1
2
3 5 2 1 0 -1
4 5 1 1 0 2
haar_x2
9.124258e-004 0 -1
-1.537725e-001 1.667535e-001 
1
2
2 5 3 1 0 -1
3 5 1 1 0 3
haar_x3
-1.699934e-002 0 -1
-2.203826e-001 1.103488e-001 
1
2
1 1 4 1 0 -1
1 1 2 1 0 2
tilted_haar_x2
-3.726997e-001 0 -1
-3.846568e-001 4.879040e-002 
1
2
3 0 3 3 0 -1
2 1 3 1 0 3
tilted_haar_y3
-3.361551e-001 0 -1
1.083641e-001 -1.345482e-001 
1
2
1 0 2 1 0 -1
2 0 1 1 0 2
haar_x2
-1.357456e-003 0 -1
1.368826e-001 -1.334529e-001 
1
2
0 5 2 1 0 -1
1 5 1 1 0 2
haar_x2
-3.856742e-002 0 -1
-2.994322e-001 6.722464e-002 
1
2
0 3 3 1 0 -1
1 3 1 1 0 3
haar_x3
-9.968948e-002 0 -1
4.844159e-001 -3.866357e-002 
1
3
2 4 2 2 0 -1
2 4 1 1 0 2
3 5 1 1 0 2
haar_x2_y2
1.249360e-003 0 -1
-1.184999e-001 1.355476e-001 
1
3
2 4 2 2 0 -1
2 4 1 1 0 2
3 5 1 1 0 2
haar_x2_y2
1.534998e-002 0 -1
9.762733e-002 -1.955346e-001 
1
3
0 4 2 2 0 -1
0 4 1 1 0 2
1 5 1 1 0 2
haar_x2_y2
-1.535997e-003 0 -1
1.412976e-001 -1.117569e-001 
1
2
3 4 2 2 0 -1
4 4 1 2 0 2
haar_x2
-6.122902e-002 0 -1
-4.598162e-001 3.261418e-002 
1
2
0 3 6 3 0 -1
2 3 2 3 0 3
haar_x3
2.577700e-001 0 -1
-3.425110e-002 5.050802e-001 
1
3
0 4 2 2 0 -1
0 4 1 1 0 2
1 5 1 1 0 2
haar_x2_y2
1.144995e-003 0 -1
-1.112906e-001 1.390053e-001 
1
2
1 1 5 2 0 -1
1 2 5 1 0 2
haar_y2
-7.072467e-001 0 -1
-8.895240e-001 1.610258e-002 
1
3
0 3 2 2 0 -1
0 3 1 1 0 2
1 4 1 1 0 2
haar_x2_y2
-1.671534e-003 0 -1
1.322660e-001 -1.125119e-001 
1
2
4 0 2 2 0 -1
4 0 2 1 0 2
tilted_haar_y2
-1.443319e-001 0 -1
-4.856816e-001 2.997788e-002 
1
2
4 0 2 3 0 -1
3 1 2 1 0 3
tilted_haar_y3
1.170704e-001 0 -1
-2.535147e-002 5.809170e-001 
1
3
1 0 4 6 0 -1
1 0 2 3 0 2
3 3 2 3 0 2
haar_x2_y2
4.853306e-001 0 -1
2.691369e-002 -5.434836e-001 
1
2
0 5 3 1 0 -1
1 5 1 1 0 3
haar_x3
6.295943e-002 0 -1
2.828207e-002 -4.287027e-001 
1
2
1 0 5 2 0 -1
1 1 5 1 0 2
haar_y2
-7.287620e-001 0 -1
-8.101909e-001 1.394523e-002 
1
2
1 2 2 4 0 -1
1 3 2 2 0 2
haar_y4
2.556203e-001 0 -1
1.412897e-002 -6.531181e-001 
1
3
2 4 2 2 0 -1
2 4 1 1 0 2
3 5 1 1 0 2
haar_x2_y2
1.249360e-003 0 -1
-1.066473e-001 1.164004e-001 
1
3
2 4 2 2 0 -1
2 4 1 1 0 2
3 5 1 1 0 2
haar_x2_y2
-1.467722e-003 0 -1
1.407741e-001 -9.679022e-002 
1
2
2 0 4 1 0 -1
2 0 2 1 0 2
tilted_haar_x2
-3.544579e-001 0 -1
-4.343879e-001 3.012031e-002 
1
2
2 5 2 1 0 -1
3 5 1 1 0 2
haar_x2
1.283432e-003 0 -1
-9.124035e-002 1.366937e-001 
1
2
2 5 3 1 0 -1
3 5 1 1 0 3
haar_x3
-4.617681e-004 0 -1
1.175249e-001 -1.214889e-001 
-1.128542e+000

6
-1
