101
1
2
3 2 8 3 0 -1
3 3 8 1 0 3
haar_y3
-1.897191e-001 0 -1
4.072978e-001 -1.713955e-001 
1
2
6 4 3 2 0 -1
6 5 3 1 0 2
haar_y2
-1.360884e-002 0 -1
2.913533e-001 -1.255115e-001 
1
2
6 3 3 3 0 -1
7 4 1 1 0 9
haar_point
-3.200437e-002 0 -1
3.250665e-001 -7.936137e-002 
1
2
4 0 7 3 0 -1
4 1 7 1 0 3
haar_y3
1.065938e-001 0 -1
-1.060474e-001 2.585082e-001 
1
2
0 3 4 1 0 -1
1 3 2 1 0 2
haar_x4
-7.498990e-003 0 -1
2.545356e-001 -9.043995e-002 
1
3
1 3 14 4 0 -1
8 3 7 2 0 2
1 5 7 2 0 2
haar_x2_y2
-1.502440e-001 0 -1
-5.484847e-001 4.799533e-002 
1
2
1 1 6 1 0 -1
1 1 3 1 0 2
tilted_haar_x2
-1.264650e-001 0 -1
-6.198925e-001 4.940270e-002 
1
3
10 6 2 2 0 -1
11 6 1 1 0 2
10 7 1 1 0 2
haar_x2_y2
1.701038e-003 0 -1
-8.677512e-002 1.610556e-001 
1
2
0 2 1 3 0 -1
0 3 1 1 0 3
haar_y3
1.174953e-002 0 -1
4.165439e-002 -4.189119e-001 
1
3
11 2 2 2 0 -1
12 2 1 1 0 2
11 3 1 1 0 2
haar_x2_y2
4.047214e-003 0 -1
-6.317977e-002 2.095194e-001 
1
3
2 2 2 2 0 -1
2 2 1 1 0 2
3 3 1 1 0 2
haar_x2_y2
-6.073162e-003 0 -1
2.608634e-001 -8.633445e-002 
1
3
4 0 8 6 0 -1
8 0 4 3 0 2
4 3 4 3 0 2
haar_x2_y2
-1.031218e-001 0 -1
-4.360905e-001 4.346959e-002 
1
3
0 1 14 6 0 -1
0 1 7 3 0 2
7 4 7 3 0 2
haar_x2_y2
-1.412246e-001 0 -1
-3.236208e-001 6.446144e-002 
1
2
9 0 6 2 0 -1
9 1 6 1 0 2
haar_y2
3.997142e-002 0 -1
3.132111e-002 -5.369252e-001 
1
3
3 6 2 2 0 -1
3 6 1 1 0 2
4 7 1 1 0 2
haar_x2_y2
3.990179e-004 0 -1
-1.214177e-001 1.243891e-001 
1
2
3 4 9 3 0 -1
6 5 3 1 0 9
haar_point
2.837602e-001 0 -1
-5.428781e-002 3.190205e-001 
1
2
7 1 3 3 0 -1
8 2 1 3 0 3
tilted_haar_x3
-2.679748e-002 0 -1
-2.460368e-001 7.194517e-002 
1
3
10 2 2 2 0 -1
11 2 1 1 0 2
10 3 1 1 0 2
haar_x2_y2
5.727935e-003 0 -1
-4.545234e-002 1.834714e-001 
1
2
5 3 2 4 0 -1
5 5 2 2 0 2
haar_y2
-3.311046e-003 0 -1
-2.324761e-001 8.727058e-002 
1
2
0 5 15 3 0 -1
5 5 5 3 0 3
haar_x3
-9.542041e-002 0 -1
1.479116e-001 -1.086095e-001 
1
2
3 2 1 3 0 -1
3 3 1 1 0 3
haar_y3
7.694269e-003 0 -1
-6.207957e-002 2.529437e-001 
1
2
10 5 3 3 0 -1
10 6 3 1 0 3
haar_y3
-2.606513e-002 0 -1
-2.552349e-001 1.951864e-002 
1
2
2 5 3 3 0 -1
2 6 3 1 0 3
haar_y3
3.493660e-002 0 -1
3.003081e-002 -5.456676e-001 
1
2
8 2 1 3 0 -1
8 3 1 1 0 3
haar_y3
-1.320609e-002 0 -1
1.319451e-001 -1.019813e-001 
1
2
0 6 2 2 0 -1
0 7 2 1 0 2
haar_y2
-1.832143e-003 0 -1
1.260110e-001 -1.145575e-001 
1
2
14 0 1 3 0 -1
14 1 1 1 0 3
haar_y3
6.610857e-003 0 -1
4.986759e-002 -2.694685e-001 
1
3
0 0 4 4 0 -1
0 0 2 2 0 2
2 2 2 2 0 2
haar_x2_y2
-3.019950e-002 0 -1
1.740761e-001 -8.212443e-002 
1
2
14 1 1 3 0 -1
14 2 1 1 0 3
haar_y3
8.627374e-003 0 -1
5.319855e-002 -3.806950e-001 
1
2
1 1 6 7 0 -1
4 1 3 7 0 2
haar_x2
-1.266424e-001 0 -1
-2.706853e-001 5.423665e-002 
1
2
3 1 12 6 0 -1
6 1 6 6 0 2
haar_x4
-6.221240e-001 0 -1
3.862713e-001 -1.709278e-002 
1
2
0 1 12 6 0 -1
3 1 6 6 0 2
haar_x4
-5.502728e-001 0 -1
5.357236e-001 -3.200620e-002 
1
2
11 1 4 2 0 -1
12 2 2 2 0 2
tilted_haar_y4
9.138179e-002 0 -1
-2.108687e-002 5.045525e-001 
1
2
0 5 3 2 0 -1
0 6 3 1 0 2
haar_y2
-1.686548e-002 0 -1
-3.140971e-001 4.621058e-002 
1
2
11 1 4 2 0 -1
12 2 2 2 0 2
tilted_haar_y4
-4.182713e-002 0 -1
9.497283e-002 -5.473699e-002 
1
2
4 1 2 4 0 -1
3 2 2 2 0 2
tilted_haar_y4
1.141890e-001 0 -1
-2.257867e-002 7.665352e-001 
1
3
9 4 2 2 0 -1
10 4 1 1 0 2
9 5 1 1 0 2
haar_x2_y2
-4.415534e-003 0 -1
1.241062e-001 -4.785686e-002 
1
2
4 6 7 2 0 -1
4 7 7 1 0 2
haar_y2
-6.410506e-002 0 -1
3.012728e-001 -4.481874e-002 
1
2
14 1 1 3 0 -1
14 2 1 1 0 3
haar_y3
-6.717438e-003 0 -1
-2.069754e-001 6.416153e-002 
1
3
0 3 10 2 0 -1
0 3 5 1 0 2
5 4 5 1 0 2
haar_x2_y2
-5.759367e-002 0 -1
3.460886e-001 -4.716277e-002 
1
2
4 5 9 3 0 -1
7 6 3 1 0 9
haar_point
-1.467073e-001 0 -1
1.426926e-001 -5.184293e-002 
1
2
0 1 1 3 0 -1
0 2 1 1 0 3
haar_y3
6.434927e-003 0 -1
4.777559e-002 -2.914200e-001 
1
2
11 1 2 3 0 -1
11 2 2 1 0 3
haar_y3
-5.357131e-002 0 -1
4.015933e-001 -5.310623e-002 
1
2
2 1 2 3 0 -1
2 2 2 1 0 3
haar_y3
8.968894e-004 0 -1
-1.151624e-001 1.552759e-001 
1
3
1 6 14 2 0 -1
8 6 7 1 0 2
1 7 7 1 0 2
haar_x2_y2
-3.441446e-002 0 -1
-3.333184e-001 4.731506e-002 
1
3
1 0 12 2 0 -1
1 0 6 1 0 2
7 1 6 1 0 2
haar_x2_y2
-6.270374e-002 0 -1
-5.185974e-001 2.432744e-002 
1
2
5 6 8 2 0 -1
5 7 8 1 0 2
haar_y2
-2.274457e-002 0 -1
1.340410e-001 -5.994993e-002 
1
2
0 4 1 3 0 -1
0 5 1 1 0 3
haar_y3
-3.441584e-003 0 -1
-2.251543e-001 5.895823e-002 
1
3
10 2 2 2 0 -1
11 2 1 1 0 2
10 3 1 1 0 2
haar_x2_y2
-6.423598e-003 0 -1
1.352919e-001 -2.989237e-002 
1
2
7 1 6 1 0 -1
9 3 2 1 0 3
tilted_haar_x3
-7.402509e-003 0 -1
-1.373305e-001 9.692299e-002 
1
3
10 2 2 2 0 -1
11 2 1 1 0 2
10 3 1 1 0 2
haar_x2_y2
4.702367e-003 0 -1
-2.777947e-002 7.643148e-002 
1
3
3 2 2 2 0 -1
3 2 1 1 0 2
4 3 1 1 0 2
haar_x2_y2
-6.581999e-003 0 -1
2.679115e-001 -6.239103e-002 
1
2
8 2 1 2 0 -1
8 2 1 1 0 2
tilted_haar_x2
-2.420370e-004 0 -1
5.725466e-002 -9.297036e-002 
1
2
7 2 2 1 0 -1
7 2 1 1 0 2
tilted_haar_x2
-3.642867e-002 0 -1
-5.157815e-001 3.148052e-002 
1
2
8 5 1 2 0 -1
8 5 1 1 0 2
tilted_haar_x2
-6.701638e-003 0 -1
1.331249e-001 -5.918783e-002 
1
3
2 4 4 4 0 -1
2 4 2 2 0 2
4 6 2 2 0 2
haar_x2_y2
-1.517702e-002 0 -1
1.350341e-001 -1.028798e-001 
1
2
10 1 4 3 0 -1
10 1 2 3 0 2
tilted_haar_y2
1.456253e-001 0 -1
1.467287e-002 -4.106173e-001 
1
2
3 5 2 1 0 -1
3 5 1 1 0 2
tilted_haar_x2
-2.771869e-002 0 -1
-7.290434e-001 1.598101e-002 
1
2
10 1 5 2 0 -1
10 2 5 1 0 2
haar_y2
4.681352e-003 0 -1
3.724109e-002 -1.715218e-001 
1
2
5 1 5 3 0 -1
5 2 5 1 0 3
haar_y3
1.064238e-001 0 -1
-4.222064e-002 2.983275e-001 
1
2
9 6 4 1 0 -1
9 6 2 1 0 2
haar_x2
3.713351e-003 0 -1
-7.537583e-002 1.303792e-001 
1
2
0 6 1 2 0 -1
0 7 1 1 0 2
haar_y2
-6.983288e-003 0 -1
-3.079760e-001 4.270351e-002 
1
3
5 1 6 2 0 -1
8 1 3 1 0 2
5 2 3 1 0 2
haar_x2_y2
3.791871e-002 0 -1
2.226056e-002 -3.046250e-001 
1
2
2 7 4 1 0 -1
4 7 2 1 0 2
haar_x2
7.287318e-003 0 -1
-7.105947e-002 1.699913e-001 
1
2
0 7 15 1 0 -1
5 7 5 1 0 3
haar_x3
-1.970923e-002 0 -1
1.209352e-001 -1.236993e-001 
1
3
3 3 2 2 0 -1
3 3 1 1 0 2
4 4 1 1 0 2
haar_x2_y2
-5.621254e-003 0 -1
2.472682e-001 -5.131482e-002 
1
3
3 6 10 2 0 -1
8 6 5 1 0 2
3 7 5 1 0 2
haar_x2_y2
3.012221e-002 0 -1
3.710510e-002 -2.438606e-001 
1
2
7 5 2 1 0 -1
7 5 1 1 0 2
tilted_haar_x2
-2.094470e-002 0 -1
3.560838e-001 -4.211954e-002 
1
2
0 2 15 6 0 -1
5 4 5 2 0 9
haar_point
-9.783607e-001 0 -1
-5.354999e-001 2.639266e-002 
1
2
4 6 3 1 0 -1
5 6 1 1 0 3
haar_x3
6.805958e-003 0 -1
2.810856e-002 -4.049580e-001 
1
2
13 0 2 3 0 -1
13 1 2 1 0 3
haar_y3
-1.335938e-002 0 -1
-1.499103e-001 2.570521e-002 
1
2
0 0 2 3 0 -1
0 1 2 1 0 3
haar_y3
1.749129e-002 0 -1
4.000163e-002 -3.009517e-001 
1
2
8 0 7 3 0 -1
8 1 7 1 0 3
haar_y3
-9.636630e-002 0 -1
3.178266e-001 -2.648169e-002 
1
2
0 0 7 3 0 -1
0 1 7 1 0 3
haar_y3
2.024470e-003 0 -1
-1.775340e-001 1.095931e-001 
1
2
10 0 5 2 0 -1
10 1 5 1 0 2
haar_y2
-8.457663e-004 0 -1
3.948262e-002 -1.009071e-001 
1
2
0 7 2 1 0 -1
1 7 1 1 0 2
haar_x2
6.544213e-004 0 -1
-1.071424e-001 1.261952e-001 
1
3
13 2 2 6 0 -1
14 2 1 3 0 2
13 5 1 3 0 2
haar_x2_y2
2.077673e-002 0 -1
-8.950625e-002 2.314461e-001 
1
3
0 2 2 6 0 -1
0 2 1 3 0 2
1 5 1 3 0 2
haar_x2_y2
-2.745815e-002 0 -1
4.506540e-001 -2.915735e-002 
1
2
14 5 1 3 0 -1
14 6 1 1 0 3
haar_y3
-3.252435e-003 0 -1
-3.036896e-001 7.978644e-002 
1
2
3 1 3 1 0 -1
4 1 1 1 0 3
haar_x3
-3.953308e-004 0 -1
1.045537e-001 -1.168941e-001 
1
2
8 0 4 2 0 -1
8 0 2 2 0 2
haar_x2
8.059123e-002 0 -1
6.883344e-003 -6.111228e-001 
1
3
1 4 12 4 0 -1
1 4 6 2 0 2
7 6 6 2 0 2
haar_x2_y2
1.762896e-001 0 -1
1.383768e-002 -7.569999e-001 
1
2
12 2 3 1 0 -1
13 2 1 1 0 3
haar_x3
-1.274926e-002 0 -1
2.873639e-001 -3.960895e-002 
1
2
2 1 8 3 0 -1
4 1 4 3 0 2
haar_x4
7.195172e-002 0 -1
3.719011e-002 -3.280754e-001 
1
3
5 1 6 4 0 -1
8 1 3 2 0 2
5 3 3 2 0 2
haar_x2_y2
-6.845571e-002 0 -1
-3.259867e-001 1.893753e-002 
1
2
1 0 12 1 0 -1
4 0 6 1 0 2
haar_x4
1.944700e-002 0 -1
-6.560855e-002 1.724359e-001 
1
3
10 0 2 2 0 -1
11 0 1 1 0 2
10 1 1 1 0 2
haar_x2_y2
2.549571e-003 0 -1
-7.818757e-002 1.446908e-001 
1
2
0 2 3 4 0 -1
1 2 1 4 0 3
haar_x3
-2.028891e-002 0 -1
2.202483e-001 -5.203060e-002 
1
2
13 4 1 2 0 -1
13 4 1 1 0 2
tilted_haar_x2
-7.993577e-003 0 -1
-1.368857e-001 6.503483e-002 
1
3
4 0 2 6 0 -1
4 0 1 3 0 2
5 3 1 3 0 2
haar_x2_y2
-2.187148e-002 0 -1
-4.042533e-001 3.035651e-002 
1
2
12 0 2 6 0 -1
12 0 1 6 0 2
tilted_haar_y2
-1.063913e-001 0 -1
4.333681e-001 -1.760178e-002 
1
3
3 0 2 2 0 -1
3 0 1 1 0 2
4 1 1 1 0 2
haar_x2_y2
1.816530e-004 0 -1
-1.170549e-001 1.005233e-001 
1
2
12 0 3 6 0 -1
13 2 1 2 0 9
haar_point
-1.186665e-002 0 -1
-7.419764e-002 1.097706e-001 
1
3
5 0 2 2 0 -1
5 0 1 1 0 2
6 1 1 1 0 2
haar_x2_y2
3.532152e-003 0 -1
-7.228185e-002 1.722961e-001 
1
3
2 0 12 4 0 -1
8 0 6 2 0 2
2 2 6 2 0 2
haar_x2_y2
-1.561216e-001 0 -1
-4.808840e-001 2.307330e-002 
1
2
5 1 3 4 0 -1
5 1 3 2 0 2
tilted_haar_y2
1.366059e-001 0 -1
1.791682e-002 -6.423584e-001 
1
2
8 4 4 1 0 -1
9 4 2 1 0 2
haar_x4
4.780451e-003 0 -1
-5.949042e-002 1.386874e-001 
1
2
0 5 1 3 0 -1
0 6 1 1 0 3
haar_y3
-5.342280e-003 0 -1
-2.747230e-001 4.696221e-002 
1
2
8 4 4 1 0 -1
9 4 2 1 0 2
haar_x4
2.133211e-002 0 -1
1.148992e-002 -5.701329e-001 
1
2
3 4 4 1 0 -1
4 4 2 1 0 2
haar_x4
2.264420e-004 0 -1
-1.175053e-001 1.093043e-001 
1
2
11 2 2 4 0 -1
11 2 1 4 0 2
tilted_haar_y2
-8.042741e-002 0 -1
1.659731e-001 -1.572758e-002 
1
2
4 2 4 2 0 -1
4 2 4 1 0 2
tilted_haar_y2
-5.025725e-002 0 -1
2.045368e-001 -6.460891e-002 
-1.044401e+000

12
-1
