5
1
2
3 2 4 6 0 -1
3 5 4 3 0 2
haar_y2
-2.887700e-001 0 -1
7.730262e-001 -6.645170e-001 
1
2
2 0 6 8 0 -1
4 0 2 8 0 3
haar_x3
1.057548e-001 0 -1
-6.736106e-001 5.909765e-001 
1
2
2 4 5 4 0 -1
2 6 5 2 0 2
haar_y2
-2.213154e-001 0 -1
7.335412e-001 -4.563376e-001 
1
2
8 0 2 1 0 -1
8 0 1 1 0 2
tilted_haar_y2
8.164870e-003 0 -1
2.049916e-001 -7.959664e-001 
1
2
2 0 1 2 0 -1
2 0 1 1 0 2
tilted_haar_y2
-4.139203e-004 0 -1
3.534261e-001 -6.263804e-001 
-1.236048e+000

0
-1
