210
1
2
0 3 3 1 0 -1
1 3 1 1 0 3
haar_x3
8.942469e-002 0 -1
-1.415022e-001 3.584987e-001 
1
2
3 3 3 1 0 -1
4 3 1 1 0 3
haar_x3
3.264979e-002 0 -1
-1.536832e-001 1.967376e-001 
1
2
0 0 4 1 0 -1
1 0 2 1 0 2
haar_x4
-2.878502e-002 0 -1
1.446029e-001 -1.060670e-001 
1
2
1 2 3 2 0 -1
2 2 1 2 0 3
haar_x3
5.886525e-002 0 -1
-4.451640e-002 2.309114e-001 
1
2
1 2 3 4 0 -1
2 2 1 4 0 3
haar_x3
-1.057477e-001 0 -1
1.255183e-001 -1.131720e-001 
1
2
5 2 1 4 0 -1
5 4 1 2 0 2
haar_y2
1.458063e-001 0 -1
-1.532951e-001 7.486261e-002 
1
2
2 2 3 2 0 -1
3 2 1 2 0 3
haar_x3
-1.210619e-001 0 -1
1.497323e-001 -7.073264e-002 
1
2
2 1 4 3 0 -1
4 1 2 3 0 2
haar_x2
1.116040e-001 0 -1
-1.526928e-001 7.406850e-002 
1
2
3 1 3 3 0 -1
4 2 1 1 0 9
haar_point
-1.804701e-001 0 -1
1.060090e-001 -1.288468e-001 
1
2
3 5 3 1 0 -1
4 5 1 1 0 3
haar_x3
4.206970e-002 0 -1
2.987944e-002 -4.608210e-001 
1
3
1 2 4 2 0 -1
1 2 2 1 0 2
3 3 2 1 0 2
haar_x2_y2
1.165884e-001 0 -1
2.708522e-002 -3.181452e-001 
1
2
1 0 4 3 0 -1
1 1 4 1 0 3
haar_y3
3.779845e-001 0 -1
-5.423946e-002 1.633035e-001 
1
2
3 0 2 3 0 -1
3 1 2 1 0 3
haar_y3
-1.381594e-001 0 -1
2.182979e-001 -4.464035e-002 
1
2
1 0 2 1 0 -1
1 0 1 1 0 2
tilted_haar_x2
8.810996e-002 0 -1
5.961891e-002 -1.377241e-001 
1
2
0 4 3 1 0 -1
1 4 1 1 0 3
haar_x3
-2.013836e-003 0 -1
1.065726e-001 -8.712850e-002 
1
2
0 1 1 3 0 -1
0 2 1 1 0 3
haar_y3
-1.473747e-003 0 -1
4.509601e-002 -1.788148e-001 
1
2
3 2 3 2 0 -1
4 2 1 2 0 3
haar_x3
-5.751858e-002 0 -1
1.603719e-001 -4.981631e-002 
1
2
4 0 2 3 0 -1
5 0 1 3 0 2
haar_x2
1.003055e-001 0 -1
4.494157e-002 -2.178015e-001 
1
2
2 0 3 1 0 -1
3 0 1 1 0 3
haar_x3
4.420969e-002 0 -1
2.298630e-002 -2.686192e-001 
1
2
0 3 4 1 0 -1
1 3 2 1 0 2
haar_x4
-1.677141e-001 0 -1
3.533305e-001 -1.975823e-002 
1
2
2 1 4 2 0 -1
3 1 2 2 0 2
haar_x4
7.144727e-002 0 -1
2.607514e-002 -2.418696e-001 
1
2
0 0 3 2 0 -1
1 0 1 2 0 3
haar_x3
7.856092e-002 0 -1
1.191654e-002 -4.533716e-001 
1
2
0 0 6 1 0 -1
2 0 2 1 0 3
haar_x3
1.217827e-001 0 -1
-3.282627e-002 1.914356e-001 
1
2
1 0 3 2 0 -1
2 0 1 2 0 3
haar_x3
-1.697690e-003 0 -1
6.640598e-002 -1.173846e-001 
1
3
3 1 2 2 0 -1
3 1 1 1 0 2
4 2 1 1 0 2
haar_x2_y2
1.747632e-003 0 -1
-9.785481e-002 6.561764e-002 
1
2
2 4 3 2 0 -1
3 4 1 2 0 3
haar_x3
1.879115e-002 0 -1
3.568133e-002 -1.537582e-001 
1
3
2 1 4 4 0 -1
2 1 2 2 0 2
4 3 2 2 0 2
haar_x2_y2
9.220720e-002 0 -1
3.718156e-002 -1.464343e-001 
1
2
3 0 3 4 0 -1
4 0 1 4 0 3
haar_x3
-1.235159e-001 0 -1
2.209424e-001 -3.258673e-002 
1
2
0 2 3 4 0 -1
0 3 3 2 0 2
haar_y4
2.075051e-001 0 -1
3.439771e-002 -1.866169e-001 
1
2
0 0 4 1 0 -1
2 0 2 1 0 2
haar_x2
3.823792e-002 0 -1
-7.820024e-002 8.039726e-002 
1
3
0 0 2 4 0 -1
0 0 1 2 0 2
1 2 1 2 0 2
haar_x2_y2
3.329378e-002 0 -1
-5.687939e-002 1.079853e-001 
1
3
0 3 2 2 0 -1
0 3 1 1 0 2
1 4 1 1 0 2
haar_x2_y2
6.963953e-002 0 -1
-2.366924e-002 2.401570e-001 
1
2
1 1 5 3 0 -1
1 2 5 1 0 3
haar_y3
-3.071707e-001 0 -1
5.620071e-002 -1.116349e-001 
1
2
5 0 1 2 0 -1
5 0 1 1 0 2
tilted_haar_y2
2.361266e-001 0 -1
2.763482e-002 -2.504363e-001 
1
2
1 4 3 2 0 -1
2 4 1 2 0 3
haar_x3
1.588368e-002 0 -1
4.046261e-002 -1.363979e-001 
1
2
0 1 2 4 0 -1
0 2 2 2 0 2
haar_y4
-3.235132e-001 0 -1
-3.728652e-001 1.664346e-002 
1
3
1 0 2 4 0 -1
1 0 1 2 0 2
2 2 1 2 0 2
haar_x2_y2
1.690856e-002 0 -1
-2.669514e-002 2.169594e-001 
1
2
0 0 5 4 0 -1
0 2 5 2 0 2
haar_y2
-1.158483e+000 0 -1
2.954822e-001 -1.973905e-002 
1
2
1 1 5 2 0 -1
1 2 5 1 0 2
haar_y2
-5.961246e-001 0 -1
-2.746599e-001 2.001191e-002 
1
2
0 1 2 1 0 -1
1 1 1 1 0 2
haar_x2
-3.588011e-002 0 -1
-1.560616e-001 4.132659e-002 
1
2
3 2 3 1 0 -1
4 2 1 1 0 3
haar_x3
1.597556e-001 0 -1
-1.517080e-002 3.949766e-001 
1
2
5 4 1 2 0 -1
5 5 1 1 0 2
haar_y2
1.342507e-002 0 -1
-1.185811e-001 4.603292e-002 
1
2
1 0 3 1 0 -1
2 0 1 1 0 3
haar_x3
5.070329e-002 0 -1
1.463392e-002 -3.689691e-001 
1
2
3 3 3 2 0 -1
4 3 1 2 0 3
haar_x3
-3.427917e-001 0 -1
5.171676e-001 -1.129263e-002 
1
2
4 1 1 3 0 -1
4 2 1 1 0 3
haar_y3
-1.314383e-001 0 -1
9.426256e-002 -5.850087e-002 
1
2
1 3 3 1 0 -1
2 3 1 1 0 3
haar_x3
-4.224652e-002 0 -1
8.409838e-002 -8.029558e-002 
1
2
2 0 3 2 0 -1
3 0 1 2 0 3
haar_x3
3.846278e-002 0 -1
3.924576e-002 -1.622519e-001 
1
2
0 0 3 2 0 -1
1 0 1 2 0 3
haar_x3
6.882027e-003 0 -1
4.013744e-002 -1.570428e-001 
1
2
3 5 2 1 0 -1
4 5 1 1 0 2
haar_x2
3.464593e-002 0 -1
2.185833e-002 -2.376789e-001 
1
2
2 3 3 1 0 -1
3 3 1 1 0 3
haar_x3
-6.993710e-002 0 -1
9.026225e-002 -6.221312e-002 
1
3
3 2 2 4 0 -1
3 2 1 2 0 2
4 4 1 2 0 2
haar_x2_y2
-1.288344e-001 0 -1
-2.278288e-001 3.246585e-002 
1
2
3 2 3 1 0 -1
4 2 1 1 0 3
haar_x3
7.451248e-002 0 -1
-3.008471e-002 1.995119e-001 
1
3
4 0 2 4 0 -1
4 0 1 2 0 2
5 2 1 2 0 2
haar_x2_y2
-2.165706e-001 0 -1
-5.536468e-001 9.639408e-003 
1
2
2 2 2 1 0 -1
3 2 1 1 0 2
haar_x2
1.620056e-003 0 -1
-6.144630e-002 8.610901e-002 
1
2
1 2 4 4 0 -1
1 4 4 2 0 2
haar_y2
1.240543e+000 0 -1
1.486637e-002 -3.531100e-001 
1
2
0 0 4 6 0 -1
1 0 2 6 0 2
haar_x4
4.400272e-001 0 -1
-1.130674e-002 4.884419e-001 
1
2
1 1 3 1 0 -1
2 1 1 1 0 3
haar_x3
6.053210e-002 0 -1
1.490966e-002 -3.999389e-001 
1
2
0 4 4 2 0 -1
1 4 2 2 0 2
haar_x4
1.733685e-001 0 -1
5.758015e-003 -7.189785e-001 
1
2
0 0 6 2 0 -1
2 0 2 2 0 3
haar_x3
1.479071e-001 0 -1
-2.855470e-002 1.693196e-001 
1
3
2 4 2 2 0 -1
2 4 1 1 0 2
3 5 1 1 0 2
haar_x2_y2
-4.606489e-002 0 -1
-3.091920e-001 1.449480e-002 
1
2
2 1 2 1 0 -1
3 1 1 1 0 2
haar_x2
7.029133e-002 0 -1
8.681468e-003 -4.654485e-001 
1
2
1 3 1 3 0 -1
1 4 1 1 0 3
haar_y3
-2.085929e-003 0 -1
7.651891e-002 -6.092189e-002 
1
2
1 2 2 3 0 -1
1 3 2 1 0 3
haar_y3
4.049713e-001 0 -1
7.310482e-003 -6.983479e-001 
1
2
0 0 6 1 0 -1
2 0 2 1 0 3
haar_x3
-7.276427e-002 0 -1
9.562020e-002 -4.595947e-002 
1
2
1 1 1 4 0 -1
1 3 1 2 0 2
haar_y2
2.972870e-001 0 -1
7.847240e-003 -5.949382e-001 
1
2
3 0 1 3 0 -1
2 1 1 1 0 3
tilted_haar_y3
-1.561446e-002 0 -1
3.140613e-002 -1.333446e-001 
1
2
0 0 4 6 0 -1
1 0 2 6 0 2
haar_x4
1.774026e-001 0 -1
-3.132380e-002 1.902462e-001 
1
2
2 2 4 1 0 -1
4 2 2 1 0 2
haar_x2
-1.148778e-001 0 -1
-3.611888e-001 1.368589e-002 
1
2
1 0 4 6 0 -1
2 0 2 6 0 2
haar_x4
1.273909e-001 0 -1
-1.318315e-002 3.610322e-001 
1
2
0 3 4 1 0 -1
2 3 2 1 0 2
haar_x2
2.519682e-002 0 -1
1.754206e-002 -3.186651e-001 
1
2
3 2 1 3 0 -1
3 3 1 1 0 3
haar_y3
8.851683e-002 0 -1
-2.590698e-002 2.082429e-001 
1
3
0 4 6 2 0 -1
0 4 3 1 0 2
3 5 3 1 0 2
haar_x2_y2
3.001841e-001 0 -1
6.772828e-003 -6.610742e-001 
1
2
1 3 2 3 0 -1
1 4 2 1 0 3
haar_y3
1.235976e-001 0 -1
-4.012423e-002 1.151623e-001 
1
3
2 2 4 4 0 -1
2 2 2 2 0 2
4 4 2 2 0 2
haar_x2_y2
-1.437927e-001 0 -1
-9.281056e-002 4.633754e-002 
1
2
1 2 4 4 0 -1
2 2 2 4 0 2
haar_x4
-1.096998e-001 0 -1
4.888398e-002 -1.211523e-001 
1
2
0 5 6 1 0 -1
2 5 2 1 0 3
haar_x3
2.694697e-002 0 -1
-3.879523e-002 1.164413e-001 
1
2
0 2 3 3 0 -1
1 2 1 3 0 3
haar_x3
-6.407475e-002 0 -1
1.352607e-001 -3.847886e-002 
1
2
3 0 1 3 0 -1
2 1 1 1 0 3
tilted_haar_y3
-2.201405e-001 0 -1
-1.572607e-001 3.730742e-002 
1
2
2 4 2 1 0 -1
3 4 1 1 0 2
haar_x2
-2.254220e-002 0 -1
-1.324668e-001 3.493201e-002 
1
3
1 0 4 6 0 -1
1 0 2 3 0 2
3 3 2 3 0 2
haar_x2_y2
-7.240964e-002 0 -1
5.784020e-002 -8.134335e-002 
1
2
3 0 3 1 0 -1
4 1 1 1 0 3
tilted_haar_x3
-2.649550e-001 0 -1
1.857295e-001 -2.635248e-002 
1
2
3 1 2 2 0 -1
4 1 1 2 0 2
haar_x2
1.271827e-001 0 -1
2.233095e-002 -2.702919e-001 
1
2
0 1 6 1 0 -1
2 1 2 1 0 3
haar_x3
-2.854426e-002 0 -1
5.265385e-002 -8.305930e-002 
1
2
3 1 2 4 0 -1
3 3 2 2 0 2
haar_y2
4.450187e-001 0 -1
1.856095e-002 -2.472013e-001 
1
2
3 0 2 2 0 -1
3 0 1 2 0 2
tilted_haar_x2
4.257641e-001 0 -1
9.174709e-003 -4.256836e-001 
1
2
1 1 4 1 0 -1
3 1 2 1 0 2
haar_x2
-1.265058e-001 0 -1
2.918428e-001 -1.558701e-002 
1
3
0 3 6 2 0 -1
0 3 3 1 0 2
3 4 3 1 0 2
haar_x2_y2
2.305749e-001 0 -1
2.148885e-002 -2.017408e-001 
1
2
0 1 1 2 0 -1
0 2 1 1 0 2
haar_y2
-4.079140e-002 0 -1
-1.277209e-001 3.144516e-002 
1
2
3 0 2 2 0 -1
3 0 2 1 0 2
tilted_haar_y2
2.550116e-001 0 -1
-3.085641e-002 1.690273e-001 
1
3
0 0 2 4 0 -1
0 0 1 2 0 2
1 2 1 2 0 2
haar_x2_y2
-1.687046e-002 0 -1
-7.452789e-002 6.684899e-002 
1
2
1 3 2 1 0 -1
1 3 1 1 0 2
tilted_haar_x2
-1.017135e-001 0 -1
-1.596937e-001 3.166422e-002 
1
2
2 0 3 1 0 -1
3 0 1 1 0 3
haar_x3
6.923807e-002 0 -1
9.714047e-003 -4.166686e-001 
1
2
0 4 1 2 0 -1
0 5 1 1 0 2
haar_y2
1.702340e-003 0 -1
-1.041861e-001 4.002677e-002 
1
2
3 0 2 1 0 -1
4 0 1 1 0 2
haar_x2
4.241762e-002 0 -1
2.263397e-002 -1.855968e-001 
1
3
1 3 2 2 0 -1
1 3 1 1 0 2
2 4 1 1 0 2
haar_x2_y2
-2.660666e-002 0 -1
1.787695e-001 -2.544211e-002 
1
2
1 0 2 2 0 -1
1 1 2 1 0 2
haar_y2
4.040831e-002 0 -1
-3.428205e-002 1.210569e-001 
1
2
0 0 2 1 0 -1
1 0 1 1 0 2
haar_x2
1.828273e-003 0 -1
-5.366158e-002 8.250947e-002 
1
2
1 0 3 2 0 -1
2 0 1 2 0 3
haar_x3
2.736063e-002 0 -1
2.507499e-002 -1.630741e-001 
1
2
2 5 3 1 0 -1
3 5 1 1 0 3
haar_x3
-1.954500e-003 0 -1
5.838032e-002 -6.985048e-002 
1
2
2 3 3 3 0 -1
3 4 1 1 0 9
haar_point
-5.268136e-001 0 -1
-3.881816e-001 1.108802e-002 
1
2
3 4 2 1 0 -1
4 4 1 1 0 2
haar_x2
1.693344e-001 0 -1
-9.400968e-003 5.298986e-001 
1
2
2 5 3 1 0 -1
3 5 1 1 0 3
haar_x3
-1.886532e-002 0 -1
-1.172003e-001 3.662369e-002 
1
2
0 5 4 1 0 -1
1 5 2 1 0 2
haar_x4
3.927908e-002 0 -1
-2.406508e-002 1.869947e-001 
1
3
4 2 2 2 0 -1
4 2 1 1 0 2
5 3 1 1 0 2
haar_x2_y2
4.634289e-002 0 -1
-2.419183e-002 1.572672e-001 
1
3
4 2 2 2 0 -1
4 2 1 1 0 2
5 3 1 1 0 2
haar_x2_y2
-4.979642e-002 0 -1
1.205327e-001 -4.200360e-002 
1
3
2 0 4 6 0 -1
2 0 2 3 0 2
4 3 2 3 0 2
haar_x2_y2
-2.379032e-001 0 -1
-1.360532e-001 2.893659e-002 
1
2
5 0 1 6 0 -1
5 2 1 2 0 3
haar_y3
-1.902968e-001 0 -1
4.752311e-002 -9.002284e-002 
1
2
0 2 6 1 0 -1
2 2 2 1 0 3
haar_x3
-6.113393e-001 0 -1
4.519158e-001 -1.037351e-002 
1
2
0 0 1 2 0 -1
0 1 1 1 0 2
haar_y2
9.853631e-002 0 -1
1.116220e-002 -4.470496e-001 
1
3
0 0 2 2 0 -1
0 0 1 1 0 2
1 1 1 1 0 2
haar_x2_y2
1.077410e-001 0 -1
4.758152e-003 -6.950755e-001 
1
3
0 0 4 2 0 -1
0 0 2 1 0 2
2 1 2 1 0 2
haar_x2_y2
1.404864e-001 0 -1
-1.815910e-002 2.691024e-001 
1
2
2 1 4 2 0 -1
2 2 4 1 0 2
haar_y2
-6.118901e-001 0 -1
-6.726397e-001 6.845164e-003 
1
2
1 0 3 1 0 -1
2 1 1 1 0 3
tilted_haar_x3
3.097311e-001 0 -1
-1.001588e-002 4.576614e-001 
1
2
3 5 3 1 0 -1
4 5 1 1 0 3
haar_x3
-4.008010e-002 0 -1
-2.540377e-001 1.805306e-002 
1
2
2 1 3 3 0 -1
3 1 1 3 0 3
haar_x3
-1.969033e-001 0 -1
1.136021e-001 -3.219360e-002 
1
2
0 1 3 1 0 -1
1 1 1 1 0 3
haar_x3
1.066256e-002 0 -1
3.851945e-002 -1.278918e-001 
1
2
2 3 3 1 0 -1
3 3 1 1 0 3
haar_x3
-2.283996e-001 0 -1
-5.248859e-001 7.813452e-003 
1
2
1 1 2 2 0 -1
2 1 1 2 0 2
haar_x2
6.766799e-002 0 -1
9.986364e-003 -3.656649e-001 
1
3
1 2 2 2 0 -1
1 2 1 1 0 2
2 3 1 1 0 2
haar_x2_y2
-7.647705e-002 0 -1
1.657003e-001 -2.774543e-002 
1
2
2 2 3 1 0 -1
3 3 1 1 0 3
tilted_haar_x3
-3.197885e-001 0 -1
-3.485278e-001 1.331482e-002 
1
2
1 2 3 1 0 -1
2 2 1 1 0 3
haar_x3
-7.826293e-002 0 -1
1.264558e-001 -3.259650e-002 
1
2
2 2 4 1 0 -1
3 2 2 1 0 2
haar_x4
-1.870553e-002 0 -1
5.577367e-002 -8.484160e-002 
1
3
4 1 2 2 0 -1
4 1 1 1 0 2
5 2 1 1 0 2
haar_x2_y2
-2.035557e-002 0 -1
1.198166e-001 -3.814831e-002 
1
2
0 1 3 3 0 -1
1 2 1 1 0 9
haar_point
-7.093289e-002 0 -1
4.612650e-002 -9.523914e-002 
1
2
0 1 2 2 0 -1
1 1 1 2 0 2
haar_x2
-4.179931e-002 0 -1
-9.144382e-002 5.785458e-002 
1
2
0 0 3 4 0 -1
1 0 1 4 0 3
haar_x3
-7.409259e-002 0 -1
1.241094e-001 -4.376638e-002 
1
2
0 2 6 2 0 -1
0 3 6 1 0 2
haar_y2
-3.576356e-001 0 -1
4.221833e-001 -1.026061e-002 
1
2
3 1 1 3 0 -1
2 2 1 1 0 3
tilted_haar_y3
-1.773309e-001 0 -1
-1.276199e-001 3.442712e-002 
1
2
0 3 4 2 0 -1
1 3 2 2 0 2
haar_x4
-2.012885e-002 0 -1
7.123886e-002 -6.036280e-002 
1
2
3 4 2 1 0 -1
4 4 1 1 0 2
haar_x2
-1.632889e-003 0 -1
9.791423e-002 -4.808418e-002 
1
2
2 3 3 2 0 -1
3 3 1 2 0 3
haar_x3
-9.068599e-002 0 -1
8.295503e-002 -5.456790e-002 
1
2
3 0 3 1 0 -1
4 0 1 1 0 3
haar_x3
1.836524e-003 0 -1
-7.647697e-002 5.287968e-002 
1
2
0 2 1 4 0 -1
0 4 1 2 0 2
haar_y2
5.664018e-002 0 -1
-1.240192e-001 3.207935e-002 
1
2
1 2 2 2 0 -1
2 2 1 2 0 2
haar_x2
-2.623318e-001 0 -1
3.257152e-001 -1.507367e-002 
1
2
2 0 4 1 0 -1
3 0 2 1 0 2
haar_x4
-1.912660e-003 0 -1
8.496255e-002 -4.553954e-002 
1
2
2 0 3 1 0 -1
3 0 1 1 0 3
haar_x3
-1.955362e-002 0 -1
-1.634547e-001 3.630741e-002 
1
3
4 1 2 2 0 -1
4 1 1 1 0 2
5 2 1 1 0 2
haar_x2_y2
1.745470e-002 0 -1
-6.313220e-002 6.299040e-002 
1
2
4 0 2 2 0 -1
5 0 1 2 0 2
haar_x2
1.908074e-002 0 -1
-6.030790e-002 6.705330e-002 
1
2
4 1 2 2 0 -1
5 1 1 2 0 2
haar_x2
7.778168e-002 0 -1
3.468403e-002 -1.257613e-001 
1
3
4 0 2 2 0 -1
4 0 1 1 0 2
5 1 1 1 0 2
haar_x2_y2
1.620885e-003 0 -1
-8.469811e-002 5.434214e-002 
1
2
2 1 3 2 0 -1
2 1 3 1 0 2
tilted_haar_y2
-4.181796e-002 0 -1
-1.145775e-002 3.364593e-001 
1
3
1 1 2 2 0 -1
1 1 1 1 0 2
2 2 1 1 0 2
haar_x2_y2
-1.836494e-002 0 -1
4.592376e-002 -8.973227e-002 
1
2
1 2 1 4 0 -1
1 4 1 2 0 2
haar_y2
3.218928e-001 0 -1
-1.395091e-002 3.219809e-001 
1
3
0 2 2 2 0 -1
0 2 1 1 0 2
1 3 1 1 0 2
haar_x2_y2
6.564232e-003 0 -1
-7.885661e-002 6.644098e-002 
1
3
1 2 4 4 0 -1
1 2 2 2 0 2
3 4 2 2 0 2
haar_x2_y2
-2.400493e-001 0 -1
-3.691214e-001 9.953344e-003 
1
2
2 2 3 2 0 -1
3 2 1 2 0 3
haar_x3
7.514402e-002 0 -1
-2.012498e-002 2.060614e-001 
1
2
0 3 6 1 0 -1
2 3 2 1 0 3
haar_x3
2.310327e-001 0 -1
5.823911e-003 -7.675444e-001 
1
3
0 3 2 2 0 -1
0 3 1 1 0 2
1 4 1 1 0 2
haar_x2_y2
-1.811753e-001 0 -1
-8.915892e-001 2.795600e-003 
1
2
4 0 1 2 0 -1
4 0 1 1 0 2
tilted_haar_y2
3.062840e-001 0 -1
4.473910e-003 -6.217442e-001 
1
2
4 5 2 1 0 -1
5 5 1 1 0 2
haar_x2
1.933893e-003 0 -1
-6.914789e-002 5.291124e-002 
1
2
2 0 2 1 0 -1
3 0 1 1 0 2
haar_x2
-1.498255e-003 0 -1
1.086694e-001 -3.199714e-002 
1
2
0 0 3 1 0 -1
1 0 1 1 0 3
haar_x3
-2.021223e-003 0 -1
3.971794e-002 -9.224925e-002 
1
2
0 3 5 2 0 -1
0 4 5 1 0 2
haar_y2
-2.511789e-001 0 -1
-8.828939e-001 4.074487e-003 
1
2
3 1 3 4 0 -1
4 1 1 4 0 3
haar_x3
1.717114e-001 0 -1
-2.826026e-002 1.289564e-001 
1
2
3 0 2 4 0 -1
3 2 2 2 0 2
haar_y2
-6.077278e-001 0 -1
2.279034e-001 -1.806482e-002 
1
2
0 0 1 6 0 -1
0 3 1 3 0 2
haar_y2
3.117005e-002 0 -1
-1.695799e-001 2.566881e-002 
1
2
3 0 3 3 0 -1
2 1 3 1 0 3
tilted_haar_y3
1.883406e-001 0 -1
-1.454853e-002 3.104228e-001 
1
2
1 0 1 3 0 -1
1 1 1 1 0 3
haar_y3
7.233917e-002 0 -1
-3.033912e-002 1.314231e-001 
1
2
1 1 3 1 0 -1
2 1 1 1 0 3
haar_x3
-1.510940e-003 0 -1
4.989086e-002 -8.392594e-002 
1
2
3 0 2 1 0 -1
3 0 1 1 0 2
tilted_haar_x2
2.279519e-001 0 -1
-1.324261e-002 2.744191e-001 
1
3
2 0 2 6 0 -1
2 0 1 3 0 2
3 3 1 3 0 2
haar_x2_y2
1.485996e-001 0 -1
7.090987e-003 -5.049716e-001 
1
3
1 0 4 6 0 -1
1 0 2 3 0 2
3 3 2 3 0 2
haar_x2_y2
3.989687e-001 0 -1
-8.742032e-003 4.655585e-001 
1
2
1 0 4 6 0 -1
2 0 2 6 0 2
haar_x4
-5.182180e-001 0 -1
-2.618985e-001 1.957115e-002 
1
2
2 0 1 2 0 -1
2 0 1 1 0 2
tilted_haar_y2
8.665313e-002 0 -1
2.342734e-002 -1.569999e-001 
1
2
2 0 1 6 0 -1
2 3 1 3 0 2
haar_y2
-1.116105e-001 0 -1
2.982377e-001 -1.457889e-002 
1
2
0 2 2 2 0 -1
0 3 2 1 0 2
haar_y2
8.579433e-002 0 -1
-8.131932e-002 4.955013e-002 
1
2
0 2 4 2 0 -1
0 3 4 1 0 2
haar_y2
1.650246e-001 0 -1
8.104659e-002 -6.742196e-002 
1
2
0 2 6 3 0 -1
0 3 6 1 0 3
haar_y3
1.946340e-001 0 -1
-4.244903e-002 1.313611e-001 
1
2
1 3 3 2 0 -1
1 4 3 1 0 2
haar_y2
6.406905e-002 0 -1
-1.598608e-001 3.357784e-002 
1
2
4 3 2 3 0 -1
5 3 1 3 0 2
haar_x2
2.459265e-001 0 -1
-1.552230e-002 2.614001e-001 
1
2
1 4 4 2 0 -1
2 4 2 2 0 2
haar_x4
-9.658255e-002 0 -1
-1.404566e-001 3.070633e-002 
1
2
3 0 2 1 0 -1
3 0 1 1 0 2
tilted_haar_x2
2.668998e-001 0 -1
6.149596e-003 -4.978842e-001 
1
2
3 0 3 1 0 -1
4 1 1 1 0 3
tilted_haar_x3
-3.492808e-001 0 -1
3.369126e-001 -1.483362e-002 
1
2
0 3 4 2 0 -1
1 3 2 2 0 2
haar_x4
3.292058e-001 0 -1
-5.607179e-003 5.954146e-001 
1
2
0 3 4 2 0 -1
2 3 2 2 0 2
haar_x2
-4.854338e-001 0 -1
2.267920e-001 -1.499872e-002 
1
2
0 3 6 2 0 -1
3 3 3 2 0 2
haar_x2
-4.062316e-001 0 -1
-1.693042e-001 2.433426e-002 
1
2
2 1 3 1 0 -1
3 1 1 1 0 3
haar_x3
-6.962672e-002 0 -1
-2.883025e-001 1.242070e-002 
1
2
0 3 3 3 0 -1
1 4 1 1 0 9
haar_point
6.977055e-001 0 -1
-6.394297e-003 6.023638e-001 
1
2
1 0 4 4 0 -1
3 0 2 4 0 2
haar_x2
-3.723528e-001 0 -1
1.799448e-001 -2.022875e-002 
1
2
1 1 4 2 0 -1
2 1 2 2 0 2
haar_x4
3.821249e-002 0 -1
1.719672e-002 -2.245728e-001 
1
3
3 0 2 4 0 -1
3 0 1 2 0 2
4 2 1 2 0 2
haar_x2_y2
-1.437750e-001 0 -1
4.572946e-001 -9.388790e-003 
1
2
0 1 6 1 0 -1
2 1 2 1 0 3
haar_x3
3.627058e-002 0 -1
-3.207784e-002 1.101301e-001 
1
2
0 0 6 4 0 -1
0 1 6 2 0 2
haar_y4
-2.605638e-001 0 -1
4.947790e-002 -8.658400e-002 
1
2
3 2 1 4 0 -1
3 3 1 2 0 2
haar_y4
1.034862e-001 0 -1
1.943695e-002 -2.164901e-001 
1
3
4 0 2 6 0 -1
4 0 1 3 0 2
5 3 1 3 0 2
haar_x2_y2
1.307349e-001 0 -1
1.497153e-002 -2.353273e-001 
1
2
2 2 3 2 0 -1
3 2 1 2 0 3
haar_x3
-5.157511e-002 0 -1
4.323981e-002 -7.990567e-002 
1
2
2 3 3 1 0 -1
3 3 1 1 0 3
haar_x3
1.805240e-002 0 -1
-3.214708e-002 1.697173e-001 
1
2
3 0 2 6 0 -1
4 0 1 6 0 2
haar_x2
-1.640978e-001 0 -1
-7.000750e-001 4.846599e-003 
1
2
3 1 3 3 0 -1
4 2 1 1 0 9
haar_point
-1.208108e+000 0 -1
5.683890e-001 -7.161991e-003 
1
2
2 3 3 3 0 -1
2 4 3 1 0 3
haar_y3
1.908785e-001 0 -1
-4.348215e-002 8.122881e-002 
1
2
1 3 3 3 0 -1
1 4 3 1 0 3
haar_y3
7.321343e-002 0 -1
7.250527e-002 -6.078174e-002 
1
2
3 0 3 2 0 -1
4 0 1 2 0 3
haar_x3
-4.305683e-002 0 -1
-1.542217e-001 2.370097e-002 
1
2
0 0 1 3 0 -1
0 1 1 1 0 3
haar_y3
-2.063683e-001 0 -1
-8.272619e-001 3.446312e-003 
1
2
1 1 2 4 0 -1
1 3 2 2 0 2
haar_y2
5.341012e-001 0 -1
2.057415e-003 -9.993222e-001 
1
2
4 0 1 4 0 -1
4 0 1 2 0 2
tilted_haar_y2
-3.609679e-001 0 -1
1.032639e-001 -3.171697e-002 
1
2
4 1 1 4 0 -1
4 1 1 2 0 2
tilted_haar_y2
-6.577170e-001 0 -1
-2.307702e-001 1.799269e-002 
1
2
3 0 3 3 0 -1
2 1 3 1 0 3
tilted_haar_y3
-4.300500e-001 0 -1
7.210240e-002 -5.989536e-002 
1
2
1 3 3 1 0 -1
2 3 1 1 0 3
haar_x3
6.354751e-002 0 -1
-2.596423e-002 1.810536e-001 
1
2
0 4 4 2 0 -1
1 4 2 2 0 2
haar_x4
-2.482769e-002 0 -1
7.326307e-002 -5.265231e-002 
1
2
4 0 2 2 0 -1
4 0 2 1 0 2
tilted_haar_y2
3.733846e-001 0 -1
2.152802e-002 -1.718921e-001 
1
2
3 0 2 2 0 -1
3 0 2 1 0 2
tilted_haar_y2
-3.527589e-001 0 -1
-5.462523e-001 7.085180e-003 
1
2
2 1 1 2 0 -1
2 1 1 1 0 2
tilted_haar_y2
-1.055394e-001 0 -1
-8.868537e-002 4.314718e-002 
1
2
2 1 3 2 0 -1
2 1 3 1 0 2
tilted_haar_y2
-7.820070e-001 0 -1
3.762427e-001 -1.027687e-002 
1
2
0 5 3 1 0 -1
1 5 1 1 0 3
haar_x3
-5.631918e-002 0 -1
-2.389747e-001 1.561028e-002 
1
2
2 1 4 1 0 -1
4 1 2 1 0 2
haar_x2
1.643447e-001 0 -1
-2.301165e-002 1.830663e-001 
1
2
0 1 6 1 0 -1
3 1 3 1 0 2
haar_x2
2.799861e-001 0 -1
1.467937e-002 -2.396177e-001 
1
2
4 2 1 4 0 -1
4 3 1 2 0 2
haar_y4
2.143218e-001 0 -1
3.703314e-003 -7.989302e-001 
1
2
1 4 5 2 0 -1
1 5 5 1 0 2
haar_y2
-4.722546e-002 0 -1
1.902895e-001 -1.930915e-002 
1
2
4 4 1 2 0 -1
4 5 1 1 0 2
haar_y2
1.659705e-002 0 -1
-8.785792e-002 4.814838e-002 
1
2
4 0 2 1 0 -1
5 0 1 1 0 2
haar_x2
1.600151e-003 0 -1
-5.839930e-002 5.447296e-002 
-7.334759e-001

18
-1
