8
1
2
1 1 6 6 0 -1
3 3 2 2 0 9
haar_point
-8.172543e-001 0 -1
7.291849e-001 -5.715898e-001 
1
2
1 0 7 6 0 -1
1 2 7 2 0 3
haar_y3
-3.219333e-001 0 -1
4.234365e-001 -3.410067e-001 
1
2
3 7 3 1 0 -1
4 7 1 1 0 3
haar_x3
1.769546e-002 0 -1
1.535648e-001 -8.717456e-001 
1
2
3 7 3 1 0 -1
4 7 1 1 0 3
haar_x3
-1.694772e-002 0 -1
-8.064229e-001 1.903282e-001 
1
2
3 0 3 2 0 -1
4 0 1 2 0 3
haar_x3
-3.247662e-002 0 -1
-8.112773e-001 7.192340e-002 
1
2
3 0 3 2 0 -1
4 0 1 2 0 3
haar_x3
2.556276e-002 0 -1
1.354942e-001 -7.078633e-001 
1
2
5 5 2 1 0 -1
5 5 1 1 0 2
tilted_haar_x2
-6.191287e-004 0 -1
1.585471e-001 -5.359598e-001 
1
2
4 6 3 2 0 -1
5 6 1 2 0 3
haar_x3
2.334106e-002 0 -1
1.512093e-001 -6.715398e-001 
-1.048281e+000

1
-1
