20
1
2
1 2 3 2 0 -1
1 3 3 1 0 2
haar_y2
-4.426079e-001 0 -1
6.228679e-001 -4.563978e-001 
1
2
1 0 3 1 0 -1
2 0 1 1 0 3
haar_x3
6.799088e-002 0 -1
-5.723404e-001 3.565212e-001 
1
2
2 0 1 4 0 -1
2 1 1 2 0 2
haar_y4
7.230334e-002 0 -1
-6.754590e-001 2.424208e-001 
1
2
1 1 3 4 0 -1
1 2 3 2 0 2
haar_y4
-9.130429e-002 0 -1
2.760358e-001 -5.820671e-001 
1
2
0 0 1 3 0 -1
0 1 1 1 0 3
haar_y3
2.260577e-003 0 -1
-4.607652e-001 2.487966e-001 
1
3
2 1 2 4 0 -1
3 1 1 2 0 2
2 3 1 2 0 2
haar_x2_y2
-8.011027e-003 0 -1
1.593017e-001 -4.888452e-001 
1
2
0 3 2 1 0 -1
1 3 1 1 0 2
haar_x2
-3.525302e-003 0 -1
1.864636e-001 -3.640212e-001 
1
2
4 2 1 2 0 -1
4 3 1 1 0 2
haar_y2
-3.575753e-003 0 -1
1.280122e-001 -2.131497e-001 
1
2
2 0 1 2 0 -1
2 1 1 1 0 2
haar_y2
-1.245440e-001 0 -1
-9.224536e-001 4.546723e-002 
1
2
2 0 1 2 0 -1
2 1 1 1 0 2
haar_y2
8.437392e-002 0 -1
1.104600e-001 -5.390341e-001 
1
2
1 3 3 2 0 -1
2 3 1 2 0 3
haar_x3
-1.693802e-001 0 -1
-3.791539e-001 1.759952e-001 
1
3
2 1 2 4 0 -1
3 1 1 2 0 2
2 3 1 2 0 2
haar_x2_y2
-3.983590e-001 0 -1
-3.717947e-001 2.730693e-002 
1
3
1 1 2 4 0 -1
1 1 1 2 0 2
2 3 1 2 0 2
haar_x2_y2
-1.181864e-002 0 -1
1.563384e-001 -3.760788e-001 
1
2
1 1 3 3 0 -1
1 2 3 1 0 3
haar_y3
-6.886115e-001 0 -1
7.152748e-001 -6.609088e-002 
1
2
2 0 2 2 0 -1
2 0 2 1 0 2
tilted_haar_y2
5.957258e-001 0 -1
7.154989e-002 -5.485457e-001 
1
2
2 4 3 1 0 -1
3 4 1 1 0 3
haar_x3
1.491965e-001 0 -1
8.099855e-002 -5.266322e-001 
1
2
0 4 3 1 0 -1
1 4 1 1 0 3
haar_x3
2.613662e-001 0 -1
5.176549e-002 -6.955499e-001 
1
2
1 0 3 5 0 -1
2 0 1 5 0 3
haar_x3
-6.958163e-001 0 -1
6.585472e-001 -5.290728e-002 
1
3
1 0 2 2 0 -1
1 0 1 1 0 2
2 1 1 1 0 2
haar_x2_y2
1.111163e-001 0 -1
8.752905e-002 -5.024320e-001 
1
3
2 1 2 2 0 -1
3 1 1 1 0 2
2 2 1 1 0 2
haar_x2_y2
-1.591668e-001 0 -1
-5.900980e-001 7.146393e-002 
-1.628733e+000

1
-1
