150
1
2
1 2 4 4 0 -1
2 2 2 4 0 2
haar_x4
-1.380585e-001 0 -1
1.479827e-001 -2.479657e-001 
1
2
0 0 6 1 0 -1
3 0 3 1 0 2
haar_x2
4.897365e-002 0 -1
-2.170397e-001 1.532644e-001 
1
2
3 2 3 4 0 -1
3 4 3 2 0 2
haar_y2
5.337891e-001 0 -1
-2.193974e-001 1.151563e-001 
1
3
0 3 2 2 0 -1
0 3 1 1 0 2
1 4 1 1 0 2
haar_x2_y2
-3.775109e-002 0 -1
3.060531e-001 -7.503686e-002 
1
3
4 2 2 2 0 -1
4 2 1 1 0 2
5 3 1 1 0 2
haar_x2_y2
-3.195814e-002 0 -1
1.879682e-001 -1.157512e-001 
1
2
0 0 3 2 0 -1
1 0 1 2 0 3
haar_x3
1.367117e-002 0 -1
9.716606e-002 -2.416261e-001 
1
2
0 0 3 1 0 -1
1 0 1 1 0 3
haar_x3
-6.296347e-002 0 -1
-4.076752e-001 2.229344e-002 
1
2
3 5 3 1 0 -1
4 5 1 1 0 3
haar_x3
3.215484e-002 0 -1
4.649892e-002 -3.832775e-001 
1
2
2 3 3 1 0 -1
3 3 1 1 0 3
haar_x3
-5.817784e-002 0 -1
1.378237e-001 -1.096611e-001 
1
2
4 4 1 2 0 -1
4 5 1 1 0 2
haar_y2
1.659665e-002 0 -1
-1.597253e-001 9.424047e-002 
1
2
1 2 3 2 0 -1
2 2 1 2 0 3
haar_x3
-1.120803e-001 0 -1
1.730518e-001 -9.604663e-002 
1
2
0 1 1 3 0 -1
0 2 1 1 0 3
haar_y3
2.213626e-002 0 -1
4.921415e-002 -3.259617e-001 
1
2
0 2 3 2 0 -1
1 2 1 2 0 3
haar_x3
-4.034116e-002 0 -1
2.089027e-001 -6.910871e-002 
1
2
3 0 3 1 0 -1
4 0 1 1 0 3
haar_x3
-6.689480e-002 0 -1
-5.618587e-001 2.490828e-002 
1
2
0 3 1 2 0 -1
0 4 1 1 0 2
haar_y2
9.293799e-002 0 -1
3.102596e-002 -3.242293e-001 
1
2
0 3 2 1 0 -1
1 3 1 1 0 2
haar_x2
8.951447e-003 0 -1
-8.938431e-002 1.428553e-001 
1
2
3 2 2 4 0 -1
3 4 2 2 0 2
haar_y2
1.708120e-001 0 -1
-3.875875e-001 3.396944e-002 
1
2
0 5 2 1 0 -1
1 5 1 1 0 2
haar_x2
5.303391e-002 0 -1
1.772095e-002 -5.656628e-001 
1
2
3 0 2 1 0 -1
4 0 1 1 0 2
haar_x2
7.036846e-002 0 -1
1.414783e-002 -5.936354e-001 
1
2
0 0 6 1 0 -1
2 0 2 1 0 3
haar_x3
-8.266346e-002 0 -1
1.688773e-001 -6.934965e-002 
1
2
1 0 3 2 0 -1
2 0 1 2 0 3
haar_x3
-7.875912e-002 0 -1
-3.165486e-001 3.859103e-002 
1
3
0 2 6 2 0 -1
0 2 3 1 0 2
3 3 3 1 0 2
haar_x2_y2
-1.887704e-001 0 -1
-2.445518e-001 3.737987e-002 
1
2
4 0 1 6 0 -1
4 3 1 3 0 2
haar_y2
2.854776e-001 0 -1
4.698575e-002 -1.983339e-001 
1
2
2 5 3 1 0 -1
3 5 1 1 0 3
haar_x3
4.983073e-002 0 -1
1.289821e-002 -7.095096e-001 
1
2
1 0 3 2 0 -1
2 0 1 2 0 3
haar_x3
3.796162e-002 0 -1
3.267032e-002 -2.466576e-001 
1
2
0 2 1 4 0 -1
0 4 1 2 0 2
haar_y2
-2.181958e-001 0 -1
7.895715e-001 -1.070514e-002 
1
2
0 0 1 2 0 -1
0 1 1 1 0 2
haar_y2
7.696183e-002 0 -1
2.068852e-002 -4.320999e-001 
1
2
1 0 5 2 0 -1
1 1 5 1 0 2
haar_y2
8.711446e-002 0 -1
-5.644319e-002 1.796147e-001 
1
2
0 0 6 1 0 -1
2 0 2 1 0 3
haar_x3
1.063806e-001 0 -1
-4.600372e-002 2.397078e-001 
1
2
2 0 3 1 0 -1
3 0 1 1 0 3
haar_x3
4.123639e-002 0 -1
3.652658e-002 -3.197102e-001 
1
3
4 1 2 2 0 -1
4 1 1 1 0 2
5 2 1 1 0 2
haar_x2_y2
-5.438095e-002 0 -1
2.742258e-001 -3.783409e-002 
1
2
3 2 3 2 0 -1
4 2 1 2 0 3
haar_x3
-8.730263e-002 0 -1
1.990238e-001 -4.479583e-002 
1
3
4 0 2 6 0 -1
4 0 1 3 0 2
5 3 1 3 0 2
haar_x2_y2
7.461133e-002 0 -1
4.380240e-002 -2.471040e-001 
1
2
2 0 3 1 0 -1
3 0 1 1 0 3
haar_x3
1.854589e-003 0 -1
-9.828354e-002 9.009068e-002 
1
2
1 4 3 2 0 -1
2 4 1 2 0 3
haar_x3
-1.236011e-003 0 -1
7.241376e-002 -1.223326e-001 
1
2
2 4 3 1 0 -1
3 4 1 1 0 3
haar_x3
3.776179e-002 0 -1
2.914184e-002 -3.557504e-001 
1
3
3 2 2 4 0 -1
3 2 1 2 0 2
4 4 1 2 0 2
haar_x2_y2
-2.922487e-002 0 -1
8.071617e-002 -1.030906e-001 
1
3
1 0 2 4 0 -1
1 0 1 2 0 2
2 2 1 2 0 2
haar_x2_y2
2.271384e-002 0 -1
-3.532367e-002 2.674893e-001 
1
3
1 4 2 2 0 -1
1 4 1 1 0 2
2 5 1 1 0 2
haar_x2_y2
-1.744420e-003 0 -1
1.107137e-001 -6.420805e-002 
1
2
2 2 1 4 0 -1
2 3 1 2 0 2
haar_y4
9.722631e-002 0 -1
3.110319e-002 -2.928004e-001 
1
2
2 2 2 2 0 -1
2 2 1 2 0 2
tilted_haar_x2
-2.355503e-001 0 -1
-2.943158e-001 2.605279e-002 
1
2
2 2 4 2 0 -1
4 2 2 2 0 2
haar_x2
2.761298e-001 0 -1
4.472086e-002 -1.789935e-001 
1
2
0 1 6 2 0 -1
3 1 3 2 0 2
haar_x2
9.213303e-002 0 -1
-8.176871e-002 1.159886e-001 
1
2
5 0 1 4 0 -1
5 1 1 2 0 2
haar_y4
-2.129460e-002 0 -1
8.082549e-002 -1.135742e-001 
1
2
0 1 1 4 0 -1
0 3 1 2 0 2
haar_y2
2.292673e-001 0 -1
3.749867e-002 -2.384883e-001 
1
2
5 1 1 2 0 -1
5 2 1 1 0 2
haar_y2
-1.404909e-001 0 -1
-3.696512e-001 2.105156e-002 
1
2
0 3 2 3 0 -1
0 4 2 1 0 3
haar_y3
-1.897551e-001 0 -1
-3.599471e-001 1.871709e-002 
1
2
3 5 3 1 0 -1
4 5 1 1 0 3
haar_x3
-1.570450e-003 0 -1
9.307662e-002 -8.234561e-002 
1
2
3 5 2 1 0 -1
4 5 1 1 0 2
haar_x2
1.724348e-003 0 -1
-1.095617e-001 8.090223e-002 
1
2
0 5 6 1 0 -1
2 5 2 1 0 3
haar_x3
5.541637e-002 0 -1
-4.421286e-002 2.145622e-001 
1
2
2 1 2 2 0 -1
2 1 2 1 0 2
tilted_haar_y2
-1.889722e-001 0 -1
6.329927e-002 -1.354854e-001 
1
2
1 3 3 1 0 -1
2 3 1 1 0 3
haar_x3
4.915311e-002 0 -1
-4.404401e-002 2.248382e-001 
1
2
0 1 3 1 0 -1
1 1 1 1 0 3
haar_x3
-7.662655e-002 0 -1
-3.404037e-001 2.462510e-002 
1
2
3 0 2 3 0 -1
3 1 2 1 0 3
haar_y3
1.503086e-001 0 -1
-7.689263e-002 1.226668e-001 
1
2
4 1 1 4 0 -1
4 1 1 2 0 2
tilted_haar_y2
-4.380065e-001 0 -1
9.473653e-002 -8.867872e-002 
1
2
2 2 3 2 0 -1
3 2 1 2 0 3
haar_x3
1.231725e-001 0 -1
-1.776205e-002 4.030717e-001 
1
2
1 0 4 2 0 -1
2 0 2 2 0 2
haar_x4
-1.241357e-001 0 -1
-3.120577e-001 2.406917e-002 
1
2
0 4 1 2 0 -1
0 5 1 1 0 2
haar_y2
2.185629e-003 0 -1
-1.404035e-001 5.768763e-002 
1
2
1 0 4 1 0 -1
1 0 2 1 0 2
tilted_haar_x2
-2.908491e-001 0 -1
-3.889376e-001 1.939828e-002 
1
2
4 1 1 4 0 -1
3 2 1 2 0 2
tilted_haar_y4
2.062146e-001 0 -1
-2.203626e-002 3.373256e-001 
1
2
1 5 3 1 0 -1
2 5 1 1 0 3
haar_x3
2.842606e-002 0 -1
2.945861e-002 -2.626722e-001 
1
2
2 0 4 2 0 -1
4 0 2 2 0 2
haar_x2
1.668364e-001 0 -1
-5.274510e-002 1.285359e-001 
1
2
5 0 1 2 0 -1
5 1 1 1 0 2
haar_y2
-1.518151e-001 0 -1
-6.375685e-001 1.164057e-002 
1
3
2 0 4 6 0 -1
2 0 2 3 0 2
4 3 2 3 0 2
haar_x2_y2
-3.850359e-001 0 -1
-3.566619e-001 1.777013e-002 
1
2
0 3 6 3 0 -1
2 3 2 3 0 3
haar_x3
1.622746e-001 0 -1
-2.288579e-002 3.620066e-001 
1
2
2 2 1 4 0 -1
2 4 1 2 0 2
haar_y2
5.267332e-002 0 -1
-2.957446e-001 2.797299e-002 
1
3
0 4 4 2 0 -1
0 4 2 1 0 2
2 5 2 1 0 2
haar_x2_y2
4.254278e-002 0 -1
-7.245456e-002 1.038737e-001 
1
2
2 5 3 1 0 -1
3 5 1 1 0 3
haar_x3
-1.716512e-003 0 -1
8.273538e-002 -9.770442e-002 
1
2
1 4 4 1 0 -1
2 4 2 1 0 2
haar_x4
-4.437465e-002 0 -1
-1.367336e-001 6.456947e-002 
1
2
5 2 1 4 0 -1
5 3 1 2 0 2
haar_y4
2.435176e-001 0 -1
-1.373068e-002 6.780668e-001 
1
2
5 2 1 2 0 -1
5 2 1 1 0 2
tilted_haar_y2
-1.999491e-001 0 -1
-4.459656e-001 1.817866e-002 
1
2
5 3 1 3 0 -1
5 4 1 1 0 3
haar_y3
1.392253e-001 0 -1
1.490031e-002 -4.013041e-001 
1
2
0 4 4 2 0 -1
1 4 2 2 0 2
haar_x4
-3.933458e-002 0 -1
1.183974e-001 -6.193420e-002 
1
2
1 2 4 3 0 -1
3 2 2 3 0 2
haar_x2
-2.331790e-001 0 -1
1.303324e-001 -5.696801e-002 
1
2
5 4 1 2 0 -1
5 5 1 1 0 2
haar_y2
9.427649e-002 0 -1
2.535858e-002 -2.909843e-001 
1
2
3 2 3 2 0 -1
3 3 3 1 0 2
haar_y2
-1.521288e-001 0 -1
2.889119e-001 -2.829441e-002 
1
3
4 3 2 2 0 -1
4 3 1 1 0 2
5 4 1 1 0 2
haar_x2_y2
2.232121e-002 0 -1
-5.694081e-002 1.540365e-001 
1
2
4 1 2 2 0 -1
5 1 1 2 0 2
haar_x2
-5.539999e-002 0 -1
-3.394549e-001 2.184668e-002 
1
3
4 2 2 2 0 -1
4 2 1 1 0 2
5 3 1 1 0 2
haar_x2_y2
4.624879e-002 0 -1
-3.348302e-002 2.157721e-001 
1
2
4 4 2 1 0 -1
5 4 1 1 0 2
haar_x2
-1.672270e-003 0 -1
9.862741e-002 -7.862528e-002 
1
2
3 3 1 2 0 -1
3 4 1 1 0 2
haar_y2
1.621439e-001 0 -1
1.825733e-002 -4.056817e-001 
1
2
1 4 3 2 0 -1
2 4 1 2 0 3
haar_x3
1.303723e-001 0 -1
8.229046e-003 -7.208197e-001 
1
3
0 2 6 2 0 -1
0 2 3 1 0 2
3 3 3 1 0 2
haar_x2_y2
-3.515323e-001 0 -1
-5.550933e-001 1.016018e-002 
1
2
0 0 1 4 0 -1
0 1 1 2 0 2
haar_y4
-2.581301e-002 0 -1
5.970001e-002 -1.109717e-001 
1
3
1 3 2 2 0 -1
1 3 1 1 0 2
2 4 1 1 0 2
haar_x2_y2
6.284354e-002 0 -1
-5.173472e-002 1.324569e-001 
1
3
1 3 2 2 0 -1
1 3 1 1 0 2
2 4 1 1 0 2
haar_x2_y2
-2.567467e-002 0 -1
2.273235e-001 -3.427104e-002 
1
2
0 0 4 1 0 -1
2 0 2 1 0 2
haar_x2
4.825618e-002 0 -1
-6.305659e-002 1.003142e-001 
1
2
2 0 3 1 0 -1
3 0 1 1 0 3
haar_x3
-1.548245e-003 0 -1
9.998760e-002 -7.023329e-002 
1
2
0 1 1 2 0 -1
0 2 1 1 0 2
haar_y2
5.429664e-002 0 -1
2.735528e-002 -2.352107e-001 
1
2
2 1 3 1 0 -1
3 1 1 1 0 3
haar_x3
1.297493e-001 0 -1
5.382775e-003 -1.000122e+000 
1
3
3 2 2 2 0 -1
3 2 1 1 0 2
4 3 1 1 0 2
haar_x2_y2
-3.839253e-002 0 -1
1.695707e-001 -3.820360e-002 
1
3
3 0 2 6 0 -1
3 0 1 3 0 2
4 3 1 3 0 2
haar_x2_y2
-5.696884e-002 0 -1
-1.641501e-001 4.820194e-002 
1
2
1 4 3 2 0 -1
2 4 1 2 0 3
haar_x3
-7.242529e-002 0 -1
-1.987010e-001 3.366427e-002 
1
2
0 3 2 1 0 -1
1 3 1 1 0 2
haar_x2
-1.534674e-001 0 -1
4.030218e-001 -1.700755e-002 
1
3
1 2 4 4 0 -1
1 2 2 2 0 2
3 4 2 2 0 2
haar_x2_y2
-2.922556e-001 0 -1
-5.971147e-001 1.105521e-002 
1
2
0 1 6 1 0 -1
3 1 3 1 0 2
haar_x2
1.644022e-002 0 -1
-1.044065e-001 5.979490e-002 
1
2
2 2 3 1 0 -1
3 3 1 1 0 3
tilted_haar_x3
-1.603245e-003 0 -1
5.170828e-002 -1.290046e-001 
1
3
0 2 2 2 0 -1
0 2 1 1 0 2
1 3 1 1 0 2
haar_x2_y2
1.721781e-002 0 -1
-7.778358e-002 1.045454e-001 
1
2
1 0 1 4 0 -1
1 1 1 2 0 2
haar_y4
-1.829528e-001 0 -1
-3.150150e-001 2.101461e-002 
1
2
1 0 5 3 0 -1
1 1 5 1 0 3
haar_y3
-2.515026e-001 0 -1
1.792284e-001 -4.238573e-002 
1
2
0 0 2 4 0 -1
1 0 1 4 0 2
haar_x2
2.061830e-001 0 -1
1.204504e-002 -5.369456e-001 
1
2
2 0 4 6 0 -1
4 0 2 6 0 2
haar_x2
-1.756671e-001 0 -1
2.365398e-001 -2.938337e-002 
1
2
3 1 2 2 0 -1
4 1 1 2 0 2
haar_x2
9.791512e-003 0 -1
-1.316230e-001 4.953877e-002 
1
2
3 2 3 1 0 -1
4 2 1 1 0 3
haar_x3
-1.801488e-003 0 -1
7.261804e-002 -7.894106e-002 
1
2
4 2 2 1 0 -1
5 2 1 1 0 2
haar_x2
7.144678e-002 0 -1
4.089913e-002 -2.327854e-001 
1
2
3 3 3 1 0 -1
4 3 1 1 0 3
haar_x3
-6.335565e-002 0 -1
2.024182e-001 -3.772856e-002 
1
2
3 3 3 1 0 -1
4 3 1 1 0 3
haar_x3
1.372767e-002 0 -1
-8.137670e-002 7.795411e-002 
1
2
4 4 2 1 0 -1
5 4 1 1 0 2
haar_x2
-5.339430e-002 0 -1
-3.385667e-001 1.823578e-002 
1
2
2 1 2 2 0 -1
2 2 2 1 0 2
haar_y2
1.226973e-001 0 -1
1.011169e-002 -5.719100e-001 
1
2
5 1 1 4 0 -1
5 2 1 2 0 2
haar_y4
1.145694e-001 0 -1
-1.594120e-002 4.365214e-001 
1
2
0 5 3 1 0 -1
1 5 1 1 0 3
haar_x3
-7.490091e-002 0 -1
-3.811775e-001 1.654369e-002 
1
3
1 0 4 6 0 -1
1 0 2 3 0 2
3 3 2 3 0 2
haar_x2_y2
4.223592e-001 0 -1
-1.204015e-002 5.332437e-001 
1
2
2 5 3 1 0 -1
3 5 1 1 0 3
haar_x3
-3.743207e-002 0 -1
-2.773451e-001 2.918567e-002 
1
2
3 0 2 1 0 -1
4 0 1 1 0 2
haar_x2
1.552695e-003 0 -1
-1.038736e-001 5.494346e-002 
1
2
0 0 6 2 0 -1
2 0 2 2 0 3
haar_x3
1.138292e-001 0 -1
-3.909898e-002 1.727084e-001 
1
2
1 0 3 1 0 -1
2 0 1 1 0 3
haar_x3
8.025462e-002 0 -1
1.007573e-002 -6.445966e-001 
1
2
2 1 3 1 0 -1
3 1 1 1 0 3
haar_x3
5.678637e-002 0 -1
1.728469e-002 -3.114350e-001 
1
2
3 0 1 4 0 -1
3 1 1 2 0 2
haar_y4
2.678494e-001 0 -1
-7.682797e-003 8.697869e-001 
1
2
1 3 2 1 0 -1
1 3 1 1 0 2
tilted_haar_x2
-1.224048e-001 0 -1
-2.236315e-001 2.825732e-002 
1
2
0 4 6 2 0 -1
2 4 2 2 0 3
haar_x3
3.061395e-001 0 -1
-1.063131e-002 6.221096e-001 
1
2
2 5 3 1 0 -1
3 5 1 1 0 3
haar_x3
1.895001e-002 0 -1
3.405504e-002 -2.004255e-001 
1
2
3 5 3 1 0 -1
4 5 1 1 0 3
haar_x3
1.193354e-002 0 -1
4.867455e-002 -1.331440e-001 
1
2
0 0 1 6 0 -1
0 2 1 2 0 3
haar_y3
-1.306960e-001 0 -1
8.417034e-002 -6.768367e-002 
1
2
2 0 3 2 0 -1
2 0 3 1 0 2
tilted_haar_y2
-2.735146e-001 0 -1
9.433689e-002 -7.390295e-002 
1
2
3 3 3 3 0 -1
4 4 1 1 0 9
haar_point
5.343776e-001 0 -1
-1.819686e-002 3.647827e-001 
1
2
0 2 4 4 0 -1
1 2 2 4 0 2
haar_x4
-9.236579e-002 0 -1
1.051856e-001 -5.858503e-002 
1
2
1 2 3 1 0 -1
2 3 1 1 0 3
tilted_haar_x3
-2.060272e-001 0 -1
-3.016297e-001 2.056766e-002 
1
2
0 3 3 1 0 -1
1 3 1 1 0 3
haar_x3
-5.566162e-002 0 -1
1.849707e-001 -3.137692e-002 
1
2
1 2 2 2 0 -1
2 2 1 2 0 2
haar_x2
-2.631907e-001 0 -1
3.394105e-001 -1.771629e-002 
1
2
1 2 3 4 0 -1
2 2 1 4 0 3
haar_x3
-4.558852e-001 0 -1
-7.202233e-001 8.719067e-003 
1
3
1 4 4 2 0 -1
1 4 2 1 0 2
3 5 2 1 0 2
haar_x2_y2
-1.321743e-001 0 -1
-4.168664e-001 1.155712e-002 
1
2
1 3 3 3 0 -1
2 4 1 1 0 9
haar_point
-5.216157e-002 0 -1
1.127068e-001 -5.571278e-002 
1
2
2 1 1 2 0 -1
2 1 1 1 0 2
tilted_haar_y2
-1.037076e-001 0 -1
-1.064861e-001 5.684539e-002 
1
2
1 1 4 2 0 -1
1 2 4 1 0 2
haar_y2
-6.004308e-001 0 -1
-8.060928e-001 6.747368e-003 
1
2
1 2 1 4 0 -1
1 4 1 2 0 2
haar_y2
8.488297e-002 0 -1
-1.298049e-001 4.860198e-002 
1
2
0 2 1 4 0 -1
0 4 1 2 0 2
haar_y2
2.127880e-001 0 -1
4.096493e-002 -1.533277e-001 
1
2
5 3 1 3 0 -1
5 4 1 1 0 3
haar_y3
-1.919165e-001 0 -1
-8.563853e-001 5.108364e-003 
1
2
1 4 4 1 0 -1
2 4 2 1 0 2
haar_x4
1.904235e-003 0 -1
-4.879840e-002 1.062431e-001 
1
2
2 2 3 4 0 -1
3 2 1 4 0 3
haar_x3
-1.082765e-001 0 -1
7.818359e-002 -7.920574e-002 
1
2
2 2 3 2 0 -1
3 2 1 2 0 3
haar_x3
2.573244e-002 0 -1
-3.587390e-002 2.116591e-001 
1
2
0 2 2 2 0 -1
0 3 2 1 0 2
haar_y2
9.205364e-002 0 -1
-8.563999e-002 6.747442e-002 
1
2
3 0 1 4 0 -1
3 2 1 2 0 2
haar_y2
-3.092915e-001 0 -1
2.461766e-001 -2.648954e-002 
1
2
2 0 1 2 0 -1
2 0 1 1 0 2
tilted_haar_y2
1.490916e-001 0 -1
1.563864e-002 -4.146861e-001 
1
2
3 1 2 2 0 -1
3 1 1 2 0 2
tilted_haar_x2
-2.203760e-001 0 -1
-2.871387e-001 1.863570e-002 
1
2
2 0 3 1 0 -1
3 0 1 1 0 3
haar_x3
1.050907e-001 0 -1
5.970331e-003 -7.964082e-001 
1
2
0 0 1 6 0 -1
0 2 1 2 0 3
haar_y3
5.898393e-001 0 -1
-7.177499e-003 8.795118e-001 
1
2
3 4 2 1 0 -1
4 4 1 1 0 2
haar_x2
-6.138757e-002 0 -1
-8.945051e-001 7.862316e-003 
1
2
3 2 1 2 0 -1
3 3 1 1 0 2
haar_y2
8.946936e-002 0 -1
-3.997577e-002 1.344528e-001 
1
3
3 2 2 2 0 -1
3 2 1 1 0 2
4 3 1 1 0 2
haar_x2_y2
4.426423e-002 0 -1
-4.371810e-002 1.606759e-001 
1
2
4 2 1 4 0 -1
4 3 1 2 0 2
haar_y4
8.436789e-002 0 -1
4.167760e-002 -1.975156e-001 
-8.932050e-001

15
-1
