20
1
2
1 0 6 6 0 -1
3 2 2 2 0 9
haar_point
8.095403e-001 0 -1
-4.179179e-001 5.191164e-001 
1
2
1 4 6 3 0 -1
1 5 6 1 0 3
haar_y3
-2.078949e-001 0 -1
6.251274e-001 -2.773293e-001 
1
2
2 0 2 1 0 -1
3 0 1 1 0 2
haar_x2
1.378936e-003 0 -1
-5.274569e-001 2.671831e-001 
1
2
3 0 2 2 0 -1
3 1 2 1 0 2
haar_y2
1.971319e-002 0 -1
1.745205e-001 -6.016312e-001 
1
2
2 2 4 4 0 -1
2 4 4 2 0 2
haar_y2
-3.840569e-001 0 -1
6.720294e-001 -1.330497e-001 
1
2
2 3 4 4 0 -1
2 5 4 2 0 2
haar_y2
-3.721129e-001 0 -1
5.973578e-001 -1.511162e-001 
1
2
3 1 2 2 0 -1
3 2 2 1 0 2
haar_y2
2.911601e-002 0 -1
1.955729e-001 -6.436152e-001 
1
2
4 2 4 3 0 -1
5 2 2 3 0 2
haar_x4
-6.066647e-002 0 -1
3.344564e-001 -2.700308e-001 
1
2
0 0 2 3 0 -1
0 1 2 1 0 3
haar_y3
1.343341e-003 0 -1
-3.256015e-001 2.189313e-001 
1
2
6 1 2 1 0 -1
6 1 1 1 0 2
tilted_haar_y2
3.691797e-002 0 -1
1.007713e-001 -3.914642e-001 
1
2
2 1 1 2 0 -1
2 1 1 1 0 2
tilted_haar_y2
3.623741e-002 0 -1
1.150382e-001 -7.050583e-001 
1
2
3 0 2 2 0 -1
3 1 2 1 0 2
haar_y2
-1.817466e-002 0 -1
-7.018377e-001 7.605053e-002 
1
3
0 0 8 8 0 -1
0 0 4 4 0 2
4 4 4 4 0 2
haar_x2_y2
-3.436880e-001 0 -1
-5.836680e-001 8.958678e-002 
1
3
0 0 8 8 0 -1
4 0 4 4 0 2
0 4 4 4 0 2
haar_x2_y2
-3.240828e-001 0 -1
-6.430113e-001 1.129595e-001 
1
2
1 2 2 1 0 -1
1 2 1 1 0 2
tilted_haar_x2
5.519892e-002 0 -1
-1.311553e-001 3.800495e-001 
1
2
3 1 2 2 0 -1
3 2 2 1 0 2
haar_y2
-2.242213e-002 0 -1
-6.528985e-001 8.155964e-002 
1
2
0 0 7 8 0 -1
0 4 7 4 0 2
haar_y2
3.564546e-001 0 -1
4.007673e-002 -8.654207e-001 
1
2
3 5 2 2 0 -1
3 6 2 1 0 2
haar_y2
1.106588e-002 0 -1
-2.075133e-001 2.572403e-001 
1
2
1 5 6 3 0 -1
1 6 6 1 0 3
haar_y3
-2.067479e-001 0 -1
6.264514e-001 -1.004962e-001 
1
2
7 1 1 6 0 -1
7 4 1 3 0 2
haar_y2
-1.037622e-001 0 -1
-4.089283e-001 9.122180e-002 
-1.461216e+000

2
-1
