21
1
2
3 2 8 3 0 -1
3 3 8 1 0 3
haar_y3
-2.219898e-001 0 -1
6.033876e-001 -2.223041e-001 
1
2
5 1 5 3 0 -1
5 2 5 1 0 3
haar_y3
-1.641502e-001 0 -1
7.247015e-001 -1.171101e-001 
1
2
1 6 12 1 0 -1
5 6 4 1 0 3
haar_x3
-3.123902e-002 0 -1
3.379480e-001 -2.562073e-001 
1
2
7 2 8 3 0 -1
9 2 4 3 0 2
haar_x4
-2.671635e-002 0 -1
2.442728e-001 -2.927460e-001 
1
2
4 2 4 2 0 -1
4 2 2 2 0 2
tilted_haar_x2
-2.860755e-002 0 -1
1.603954e-001 -4.185194e-001 
1
2
9 0 2 6 0 -1
9 0 1 6 0 2
tilted_haar_y2
6.035411e-002 0 -1
7.371868e-002 -5.466698e-001 
1
2
6 0 6 2 0 -1
6 0 6 1 0 2
tilted_haar_y2
-3.547154e-002 0 -1
-5.843825e-001 1.452237e-001 
1
2
10 5 5 3 0 -1
10 6 5 1 0 3
haar_y3
4.357789e-002 0 -1
8.279546e-002 -7.785911e-001 
1
2
3 5 3 3 0 -1
4 6 1 1 0 9
haar_point
2.419407e-002 0 -1
1.042166e-001 -4.756073e-001 
1
2
5 5 5 2 0 -1
5 6 5 1 0 2
haar_y2
5.968500e-002 0 -1
-1.082031e-001 6.776688e-001 
1
2
0 0 1 2 0 -1
0 1 1 1 0 2
haar_y2
-4.508203e-004 0 -1
1.854343e-001 -3.674056e-001 
1
2
13 0 2 1 0 -1
13 0 1 1 0 2
tilted_haar_y2
-5.797845e-003 0 -1
-4.822335e-001 8.512831e-002 
1
2
2 0 1 2 0 -1
2 0 1 1 0 2
tilted_haar_y2
1.568655e-002 0 -1
1.293964e-001 -4.832401e-001 
1
2
12 1 3 2 0 -1
12 2 3 1 0 2
haar_y2
-5.906127e-003 0 -1
1.406446e-001 -2.917952e-001 
1
2
4 0 7 4 0 -1
4 2 7 2 0 2
haar_y2
1.482604e-001 0 -1
-1.030568e-001 5.933470e-001 
1
3
4 0 8 8 0 -1
8 0 4 4 0 2
4 4 4 4 0 2
haar_x2_y2
8.254846e-002 0 -1
1.131570e-001 -5.412738e-001 
1
2
1 4 12 2 0 -1
5 4 4 2 0 3
haar_x3
8.279441e-002 0 -1
-1.853268e-001 3.607012e-001 
1
2
8 1 1 6 0 -1
8 1 1 3 0 2
tilted_haar_x2
5.619098e-002 0 -1
6.040553e-002 -5.367935e-001 
1
2
0 5 3 3 0 -1
0 6 3 1 0 3
haar_y3
2.417087e-002 0 -1
9.362408e-002 -5.929573e-001 
1
3
11 6 2 2 0 -1
12 6 1 1 0 2
11 7 1 1 0 2
haar_x2_y2
5.122094e-004 0 -1
-2.306120e-001 1.870762e-001 
1
2
0 1 1 3 0 -1
0 2 1 1 0 3
haar_y3
1.152938e-002 0 -1
6.770778e-002 -8.264050e-001 
-1.060445e+000

6
-1
