23
1
2
1 1 6 6 0 -1
3 3 2 2 0 9
haar_point
-9.197499e-001 0 -1
5.984884e-001 -4.032815e-001 
1
2
1 1 7 4 0 -1
1 2 7 2 0 2
haar_y4
-1.651479e-001 0 -1
4.647172e-001 -3.635620e-001 
1
2
0 3 5 4 0 -1
0 5 5 2 0 2
haar_y2
2.754269e-001 0 -1
-3.034696e-001 2.979422e-001 
1
2
3 7 2 1 0 -1
3 7 1 1 0 2
haar_x2
1.237809e-002 0 -1
1.131693e-001 -7.038682e-001 
1
2
0 7 6 1 0 -1
3 7 3 1 0 2
haar_x2
6.212800e-002 0 -1
1.225412e-001 -8.131471e-001 
1
2
3 7 3 1 0 -1
4 7 1 1 0 3
haar_x3
1.373586e-002 0 -1
9.063777e-002 -7.070845e-001 
1
2
1 0 6 7 0 -1
3 0 2 7 0 3
haar_x3
-1.347016e-001 0 -1
1.952929e-001 -3.747349e-001 
1
2
2 7 4 1 0 -1
3 7 2 1 0 2
haar_x4
-1.630785e-002 0 -1
-5.950148e-001 1.430612e-001 
1
2
1 0 3 2 0 -1
2 0 1 2 0 3
haar_x3
3.192490e-002 0 -1
6.693903e-002 -7.079331e-001 
1
3
0 0 8 8 0 -1
4 0 4 4 0 2
0 4 4 4 0 2
haar_x2_y2
5.107011e-001 0 -1
6.618351e-002 -6.570527e-001 
1
2
1 3 3 3 0 -1
2 4 1 1 0 9
haar_point
1.118688e-001 0 -1
-1.220862e-001 4.619206e-001 
1
2
4 2 3 1 0 -1
5 3 1 1 0 3
tilted_haar_y3
-8.701686e-002 0 -1
2.418506e-001 -8.087242e-002 
1
2
1 1 5 3 0 -1
1 2 5 1 0 3
haar_y3
-1.390812e-001 0 -1
4.336318e-001 -1.084271e-001 
1
2
4 2 3 1 0 -1
5 3 1 1 0 3
tilted_haar_y3
8.143777e-002 0 -1
-2.199822e-002 6.618331e-001 
1
2
4 2 1 3 0 -1
3 3 1 1 0 3
tilted_haar_y3
-7.873708e-002 0 -1
4.413773e-001 -1.286804e-001 
1
2
3 0 3 2 0 -1
4 0 1 2 0 3
haar_x3
2.886678e-002 0 -1
9.800908e-002 -6.904877e-001 
1
2
2 0 3 2 0 -1
3 0 1 2 0 3
haar_x3
2.598928e-002 0 -1
6.843642e-002 -5.683051e-001 
1
2
7 6 1 2 0 -1
7 7 1 1 0 2
haar_y2
6.931346e-004 0 -1
-3.825571e-001 1.906775e-001 
1
2
0 6 1 2 0 -1
0 7 1 1 0 2
haar_y2
-1.179434e-002 0 -1
-6.031824e-001 6.589193e-002 
1
2
3 0 4 4 0 -1
3 1 4 2 0 2
haar_y4
8.708054e-002 0 -1
-1.143646e-001 3.045599e-001 
1
2
2 3 3 2 0 -1
3 3 1 2 0 3
haar_x3
4.435035e-002 0 -1
-6.432810e-002 6.177157e-001 
1
2
3 3 3 3 0 -1
4 3 1 3 0 3
haar_x3
-2.585601e-002 0 -1
1.416224e-001 -1.257209e-001 
1
2
2 3 3 2 0 -1
3 3 1 2 0 3
haar_x3
-2.863444e-002 0 -1
2.846299e-001 -2.109289e-001 
-1.375289e+000

2
-1
