8
1
2
4 1 7 4 0 -1
4 2 7 2 0 2
haar_y4
-8.230084e-002 0 -1
7.274198e-001 -4.937295e-001 
1
2
11 2 1 6 0 -1
11 5 1 3 0 2
haar_y2
2.106280e-002 0 -1
-4.961286e-001 4.200606e-001 
1
2
2 0 2 2 0 -1
2 0 1 2 0 2
tilted_haar_x2
1.721446e-002 0 -1
-4.371362e-001 4.382228e-001 
1
2
4 2 7 3 0 -1
4 3 7 1 0 3
haar_y3
-1.402150e-001 0 -1
7.314916e-001 -2.593124e-001 
1
2
3 7 3 1 0 -1
4 7 1 1 0 3
haar_x3
-7.298366e-003 0 -1
-8.871589e-001 2.034470e-001 
1
2
6 3 3 2 0 -1
6 4 3 1 0 2
haar_y2
-1.961938e-002 0 -1
6.658292e-001 -2.440023e-001 
1
2
0 0 1 2 0 -1
0 1 1 1 0 2
haar_y2
-5.592763e-004 0 -1
3.347367e-001 -3.926071e-001 
1
2
10 7 3 1 0 -1
11 7 1 1 0 3
haar_x3
1.152179e-002 0 -1
1.472849e-001 -8.448135e-001 
-1.096825e+000

0
-1
