44
1
2
1 0 5 4 0 -1
1 2 5 2 0 2
haar_y2
-4.052249e-002 0 -1
2.498518e-001 -3.681569e-001 
1
2
6 6 3 2 0 -1
6 7 3 1 0 2
haar_y2
2.710487e-002 0 -1
-1.242998e-001 4.717327e-001 
1
2
4 2 7 3 0 -1
4 3 7 1 0 3
haar_y3
-2.397593e-001 0 -1
4.929551e-001 -7.479192e-002 
1
2
13 0 2 3 0 -1
13 1 2 1 0 3
haar_y3
2.228373e-002 0 -1
6.556965e-002 -5.270128e-001 
1
2
3 1 9 3 0 -1
6 1 3 3 0 3
haar_x3
-2.651365e-002 0 -1
-3.747781e-001 1.045368e-001 
1
2
2 7 12 1 0 -1
5 7 6 1 0 2
haar_x4
-4.308452e-002 0 -1
3.561606e-001 -8.047292e-002 
1
3
0 0 14 4 0 -1
0 0 7 2 0 2
7 2 7 2 0 2
haar_x2_y2
9.481447e-002 0 -1
1.006330e-001 -4.189092e-001 
1
2
11 5 4 3 0 -1
11 6 4 1 0 3
haar_y3
-1.476547e-002 0 -1
-3.871496e-001 8.201673e-002 
1
2
4 0 7 3 0 -1
4 1 7 1 0 3
haar_y3
1.065838e-001 0 -1
-1.186837e-001 3.322321e-001 
1
2
4 1 7 2 0 -1
4 2 7 1 0 2
haar_y2
6.468821e-002 0 -1
-5.558021e-002 5.820742e-001 
1
2
2 4 2 3 0 -1
2 5 2 1 0 3
haar_y3
-1.299883e-002 0 -1
-5.375086e-001 6.747218e-002 
1
2
11 5 3 3 0 -1
11 6 3 1 0 3
haar_y3
1.971831e-002 0 -1
4.570906e-002 -4.083029e-001 
1
2
0 1 2 3 0 -1
0 2 2 1 0 3
haar_y3
3.099133e-002 0 -1
4.881975e-002 -7.245496e-001 
1
2
14 0 1 3 0 -1
14 1 1 1 0 3
haar_y3
-6.620688e-003 0 -1
-2.663713e-001 4.549479e-002 
1
2
3 0 8 4 0 -1
3 1 8 2 0 2
haar_y4
-1.387067e-001 0 -1
4.244022e-001 -8.466577e-002 
1
2
13 0 2 3 0 -1
13 1 2 1 0 3
haar_y3
4.550533e-002 0 -1
1.503668e-002 -8.174143e-001 
1
2
0 0 1 3 0 -1
0 1 1 1 0 3
haar_y3
1.135293e-002 0 -1
6.387681e-002 -4.990615e-001 
1
2
4 0 8 3 0 -1
4 1 8 1 0 3
haar_y3
1.993033e-002 0 -1
-2.072848e-001 1.794063e-001 
1
2
0 5 4 3 0 -1
0 6 4 1 0 3
haar_y3
-3.531469e-002 0 -1
-7.005522e-001 4.624864e-002 
1
2
7 3 2 3 0 -1
7 4 2 1 0 3
haar_y3
5.477013e-002 0 -1
-7.842120e-002 3.710756e-001 
1
3
2 4 6 2 0 -1
2 4 3 1 0 2
5 5 3 1 0 2
haar_x2_y2
2.326125e-002 0 -1
-8.051514e-002 4.240679e-001 
1
3
11 2 4 6 0 -1
13 2 2 3 0 2
11 5 2 3 0 2
haar_x2_y2
5.281078e-002 0 -1
-1.314072e-001 3.417309e-001 
1
2
6 0 1 6 0 -1
6 0 1 3 0 2
tilted_haar_y2
-1.808054e-001 0 -1
6.836063e-001 -4.934377e-002 
1
2
10 3 2 3 0 -1
10 3 1 3 0 2
haar_x2
2.819048e-004 0 -1
-1.320569e-001 1.350457e-001 
1
2
3 5 2 1 0 -1
3 5 1 1 0 2
tilted_haar_x2
1.574235e-002 0 -1
6.526270e-002 -4.402842e-001 
1
3
4 0 8 8 0 -1
8 0 4 4 0 2
4 4 4 4 0 2
haar_x2_y2
8.886503e-002 0 -1
6.669616e-002 -3.741488e-001 
1
2
2 2 4 6 0 -1
2 4 4 2 0 3
haar_y3
4.795899e-003 0 -1
-2.333938e-001 1.117712e-001 
1
2
4 1 7 3 0 -1
4 2 7 1 0 3
haar_y3
1.299437e-001 0 -1
-6.658775e-002 4.684959e-001 
1
2
6 6 3 2 0 -1
7 6 1 2 0 3
haar_x3
-1.216767e-002 0 -1
-4.891284e-001 5.927136e-002 
1
3
11 2 4 6 0 -1
13 2 2 3 0 2
11 5 2 3 0 2
haar_x2_y2
-5.982848e-002 0 -1
3.596849e-001 -4.008434e-002 
1
3
0 2 4 6 0 -1
0 2 2 3 0 2
2 5 2 3 0 2
haar_x2_y2
5.935592e-002 0 -1
-9.877478e-002 2.950991e-001 
1
2
6 7 3 1 0 -1
7 7 1 1 0 3
haar_x3
7.846842e-003 0 -1
5.260858e-002 -6.004929e-001 
1
2
2 0 6 8 0 -1
2 4 6 4 0 2
haar_y2
2.386522e-001 0 -1
8.899398e-002 -2.688507e-001 
1
2
5 1 9 1 0 -1
8 1 3 1 0 3
haar_x3
-1.143228e-001 0 -1
-9.553411e-001 8.404800e-003 
1
2
0 0 15 1 0 -1
5 0 5 1 0 3
haar_x3
-7.706209e-002 0 -1
2.439311e-001 -1.153620e-001 
1
3
9 3 6 4 0 -1
12 3 3 2 0 2
9 5 3 2 0 2
haar_x2_y2
4.980288e-002 0 -1
-5.309931e-002 1.412438e-001 
1
3
0 3 6 4 0 -1
0 3 3 2 0 2
3 5 3 2 0 2
haar_x2_y2
-3.393999e-002 0 -1
3.237393e-001 -1.048881e-001 
1
2
8 2 1 4 0 -1
8 4 1 2 0 2
haar_y2
2.709179e-003 0 -1
-1.779843e-001 8.184750e-002 
1
2
2 1 4 3 0 -1
3 1 2 3 0 2
haar_x4
2.281995e-002 0 -1
4.853669e-002 -5.966766e-001 
1
2
0 7 15 1 0 -1
5 7 5 1 0 3
haar_x3
1.628914e-001 0 -1
-5.580343e-002 5.161882e-001 
1
2
0 6 2 2 0 -1
0 7 2 1 0 2
haar_y2
-1.455070e-002 0 -1
-5.074615e-001 6.773212e-002 
1
2
8 5 4 1 0 -1
9 5 2 1 0 2
haar_x4
1.999858e-002 0 -1
1.159786e-002 -6.332671e-001 
1
2
3 5 4 1 0 -1
4 5 2 1 0 2
haar_x4
4.041858e-004 0 -1
-1.602921e-001 1.523370e-001 
1
2
7 5 3 1 0 -1
8 5 1 1 0 3
haar_x3
6.605736e-003 0 -1
5.458140e-002 -4.395957e-001 
-1.018846e+000

5
-1
