53
1
2
2 0 4 3 0 -1
2 1 4 1 0 3
haar_y3
1.853174e-001 0 -1
-1.101365e-001 6.429127e-001 
1
2
7 3 1 4 0 -1
7 5 1 2 0 2
haar_y2
2.020907e-002 0 -1
-3.424975e-001 1.393438e-001 
1
2
4 1 3 3 0 -1
3 2 3 1 0 3
tilted_haar_y3
-1.208253e-001 0 -1
2.374299e-001 -2.944804e-001 
1
2
7 3 1 4 0 -1
7 5 1 2 0 2
haar_y2
1.239013e-001 0 -1
6.944542e-002 -6.031642e-001 
1
2
0 3 1 4 0 -1
0 5 1 2 0 2
haar_y2
1.830046e-002 0 -1
-4.604382e-001 9.357763e-002 
1
2
3 2 4 3 0 -1
3 2 2 3 0 2
haar_x2
-3.097030e-002 0 -1
7.953548e-002 -7.828103e-002 
1
2
1 2 4 2 0 -1
3 2 2 2 0 2
haar_x2
-5.755627e-003 0 -1
1.256413e-001 -3.418290e-001 
1
2
1 5 6 3 0 -1
1 6 6 1 0 3
haar_y3
-2.784070e-002 0 -1
2.740346e-001 -1.590713e-001 
1
2
2 1 3 1 0 -1
3 1 1 1 0 3
haar_x3
2.065432e-002 0 -1
7.007094e-002 -6.871110e-001 
1
2
5 1 2 2 0 -1
5 1 1 2 0 2
haar_x2
3.043817e-002 0 -1
2.322695e-002 -6.223484e-001 
1
2
4 2 3 1 0 -1
5 3 1 1 0 3
tilted_haar_x3
-6.600300e-002 0 -1
2.067261e-001 -1.892268e-001 
1
2
3 1 4 3 0 -1
3 2 4 1 0 3
haar_y3
-1.059853e-001 0 -1
2.927627e-001 -1.072748e-001 
1
2
2 6 3 2 0 -1
3 6 1 2 0 3
haar_x3
-2.996279e-002 0 -1
-6.449533e-001 6.045775e-002 
1
2
3 1 4 3 0 -1
3 2 4 1 0 3
haar_y3
1.997722e-001 0 -1
-4.818008e-002 7.574674e-001 
1
2
1 7 4 1 0 -1
2 7 2 1 0 2
haar_x4
1.508677e-002 0 -1
6.428543e-002 -5.962047e-001 
1
2
7 5 1 2 0 -1
7 5 1 1 0 2
tilted_haar_x2
1.261771e-002 0 -1
6.616208e-002 -3.103445e-001 
1
2
0 2 3 3 0 -1
1 3 1 1 0 9
haar_point
-5.937753e-002 0 -1
1.893606e-001 -1.732301e-001 
1
2
4 0 3 2 0 -1
5 0 1 2 0 3
haar_x3
-3.491319e-002 0 -1
-5.197310e-001 4.854460e-002 
1
2
1 7 3 1 0 -1
2 7 1 1 0 3
haar_x3
-1.370536e-002 0 -1
-4.978166e-001 5.736496e-002 
1
2
3 3 3 2 0 -1
4 3 1 2 0 3
haar_x3
4.620425e-002 0 -1
-5.800893e-002 7.026235e-001 
1
2
0 4 3 1 0 -1
1 4 1 1 0 3
haar_x3
4.802118e-002 0 -1
-5.562991e-002 5.175092e-001 
1
3
5 4 2 2 0 -1
6 4 1 1 0 2
5 5 1 1 0 2
haar_x2_y2
-3.992657e-003 0 -1
2.728510e-001 -1.050533e-001 
1
2
1 3 3 2 0 -1
2 3 1 2 0 3
haar_x3
5.723210e-002 0 -1
-8.761244e-002 4.127989e-001 
1
2
4 0 3 2 0 -1
5 0 1 2 0 3
haar_x3
2.265133e-002 0 -1
6.475226e-002 -5.475551e-001 
1
2
1 0 3 2 0 -1
2 0 1 2 0 3
haar_x3
2.092371e-002 0 -1
6.063211e-002 -5.303809e-001 
1
3
6 3 2 2 0 -1
7 3 1 1 0 2
6 4 1 1 0 2
haar_x2_y2
1.279348e-002 0 -1
-1.311353e-001 2.956628e-001 
1
3
0 3 2 2 0 -1
0 3 1 1 0 2
1 4 1 1 0 2
haar_x2_y2
-1.480406e-002 0 -1
4.370905e-001 -7.755779e-002 
1
2
7 5 1 2 0 -1
7 5 1 1 0 2
tilted_haar_x2
-5.249010e-002 0 -1
-5.307912e-001 5.526373e-002 
1
2
1 5 2 1 0 -1
1 5 1 1 0 2
tilted_haar_x2
-7.308889e-004 0 -1
1.157152e-001 -2.641462e-001 
1
2
7 5 1 2 0 -1
7 5 1 1 0 2
tilted_haar_x2
-4.333266e-004 0 -1
6.208446e-002 -1.163034e-001 
1
2
4 2 2 4 0 -1
4 2 1 4 0 2
tilted_haar_x2
-1.275454e-001 0 -1
-3.400457e-001 9.223837e-002 
1
2
3 0 2 1 0 -1
3 0 1 1 0 2
haar_x2
3.722005e-004 0 -1
-1.716390e-001 1.694734e-001 
1
2
2 0 4 3 0 -1
2 1 4 1 0 3
haar_y3
8.533117e-002 0 -1
-1.342824e-001 2.427384e-001 
1
2
3 0 3 1 0 -1
4 0 1 1 0 3
haar_x3
-1.731039e-002 0 -1
-5.932537e-001 4.112947e-002 
1
2
1 3 3 2 0 -1
2 3 1 2 0 3
haar_x3
-3.664654e-002 0 -1
3.483407e-001 -8.745832e-002 
1
2
5 1 2 2 0 -1
5 1 1 2 0 2
haar_x2
-3.814422e-002 0 -1
-3.540833e-001 3.194330e-002 
1
2
1 1 2 2 0 -1
2 1 1 2 0 2
haar_x2
-3.107084e-002 0 -1
-4.374647e-001 7.506790e-002 
1
2
0 1 8 1 0 -1
2 1 4 1 0 2
haar_x4
-5.675579e-002 0 -1
3.589866e-001 -1.153827e-001 
1
2
1 0 3 1 0 -1
2 0 1 1 0 3
haar_x3
-1.833881e-002 0 -1
-4.955887e-001 4.991247e-002 
1
2
5 3 3 2 0 -1
6 3 1 2 0 3
haar_x3
7.314896e-002 0 -1
-9.751026e-002 4.603876e-001 
1
3
0 2 2 2 0 -1
0 2 1 1 0 2
1 3 1 1 0 2
haar_x2_y2
-9.153469e-003 0 -1
2.447856e-001 -9.443303e-002 
1
2
3 6 3 1 0 -1
4 6 1 1 0 3
haar_x3
-1.435332e-002 0 -1
-3.911019e-001 6.551183e-002 
1
2
3 5 2 3 0 -1
4 5 1 3 0 2
haar_x2
2.787267e-002 0 -1
5.079036e-002 -4.358825e-001 
1
2
3 5 3 2 0 -1
4 5 1 2 0 3
haar_x3
-8.572132e-004 0 -1
5.644794e-002 -9.599076e-002 
1
2
3 5 2 1 0 -1
4 5 1 1 0 2
haar_x2
-1.041959e-002 0 -1
-3.467728e-001 8.089478e-002 
1
2
3 0 4 3 0 -1
3 1 4 1 0 3
haar_y3
-7.993093e-002 0 -1
3.804817e-001 -5.818534e-002 
1
3
0 1 2 2 0 -1
0 1 1 1 0 2
1 2 1 1 0 2
haar_x2_y2
-5.611042e-003 0 -1
1.883003e-001 -1.276298e-001 
1
2
5 1 3 1 0 -1
6 1 1 1 0 3
haar_x3
-5.735474e-004 0 -1
1.277007e-001 -1.365428e-001 
1
2
0 1 3 1 0 -1
1 1 1 1 0 3
haar_x3
1.288515e-002 0 -1
6.759695e-002 -4.227121e-001 
1
3
6 4 2 2 0 -1
7 4 1 1 0 2
6 5 1 1 0 2
haar_x2_y2
2.572327e-002 0 -1
-4.977256e-002 4.448784e-001 
1
3
0 4 2 2 0 -1
0 4 1 1 0 2
1 5 1 1 0 2
haar_x2_y2
-6.131114e-003 0 -1
2.314882e-001 -1.088517e-001 
1
2
5 2 2 6 0 -1
5 4 2 2 0 3
haar_y3
2.383532e-001 0 -1
2.451476e-002 -3.613763e-001 
1
2
0 3 6 3 0 -1
0 4 6 1 0 3
haar_y3
5.642878e-002 0 -1
-9.141593e-002 2.433259e-001 
-1.235204e+000

8
-1
