65
1
2
5 4 1 2 0 -1
5 4 1 1 0 2
tilted_haar_y2
4.948306e-002 0 -1
-1.843010e-001 4.954443e-001 
1
2
3 2 4 6 0 -1
3 5 4 3 0 2
haar_y2
-3.374926e-001 0 -1
3.894567e-001 -1.185793e-001 
1
2
2 0 1 2 0 -1
2 0 1 1 0 2
tilted_haar_y2
-2.711047e-003 0 -1
1.369781e-001 -3.055621e-001 
1
2
2 4 7 3 0 -1
2 5 7 1 0 3
haar_y3
7.345716e-002 0 -1
-1.376752e-001 2.269249e-001 
1
2
5 0 4 1 0 -1
5 0 2 1 0 2
tilted_haar_x2
4.921192e-003 0 -1
-2.659967e-001 2.000017e-001 
1
3
8 0 2 4 0 -1
9 0 1 2 0 2
8 2 1 2 0 2
haar_x2_y2
-8.314881e-003 0 -1
2.064312e-001 -1.476531e-001 
1
3
0 3 10 4 0 -1
0 3 5 2 0 2
5 5 5 2 0 2
haar_x2_y2
5.695707e-002 0 -1
1.078881e-001 -3.402588e-001 
1
2
8 0 2 2 0 -1
8 0 1 2 0 2
haar_x2
-4.199569e-004 0 -1
1.407154e-001 -1.828647e-001 
1
2
0 0 2 2 0 -1
1 0 1 2 0 2
haar_x2
-1.610114e-002 0 -1
-3.881895e-001 9.585807e-002 
1
2
6 6 4 1 0 -1
7 6 2 1 0 2
haar_x4
-1.372075e-002 0 -1
1.978034e-001 -8.282750e-002 
1
3
3 0 2 2 0 -1
3 0 1 1 0 2
4 1 1 1 0 2
haar_x2_y2
-3.388445e-004 0 -1
1.551844e-001 -1.846503e-001 
1
2
1 5 8 2 0 -1
1 5 4 2 0 2
haar_x2
9.096119e-002 0 -1
7.373012e-002 -3.769876e-001 
1
3
2 5 2 2 0 -1
2 5 1 1 0 2
3 6 1 1 0 2
haar_x2_y2
4.961163e-004 0 -1
-1.080295e-001 2.176539e-001 
1
2
7 0 2 3 0 -1
7 0 1 3 0 2
tilted_haar_y2
-2.931221e-002 0 -1
-3.553761e-001 3.823752e-002 
1
2
3 0 3 2 0 -1
3 0 3 1 0 2
tilted_haar_y2
4.393456e-002 0 -1
5.735449e-002 -4.427974e-001 
1
2
6 2 3 6 0 -1
7 2 1 6 0 3
haar_x3
-1.471806e-001 0 -1
-5.120208e-001 9.165765e-003 
1
2
1 2 3 6 0 -1
2 2 1 6 0 3
haar_x3
-1.988227e-002 0 -1
1.697449e-001 -1.836059e-001 
1
2
8 2 2 8 0 -1
8 6 2 4 0 2
haar_y2
-1.506865e-001 0 -1
-2.916240e-001 5.581608e-002 
1
2
2 0 6 8 0 -1
2 2 6 4 0 2
haar_y4
2.597357e-001 0 -1
-1.743139e-001 1.419944e-001 
1
2
8 4 2 4 0 -1
8 6 2 2 0 2
haar_y2
-1.056524e-001 0 -1
-5.549690e-001 1.882600e-002 
1
2
0 4 2 4 0 -1
0 6 2 2 0 2
haar_y2
-8.836782e-002 0 -1
-5.559893e-001 4.857281e-002 
1
2
7 0 3 4 0 -1
8 1 1 4 0 3
tilted_haar_y3
1.287374e-001 0 -1
2.511990e-002 -5.126285e-001 
1
2
3 0 2 3 0 -1
2 1 2 1 0 3
tilted_haar_y3
2.165062e-002 0 -1
5.598681e-002 -3.915379e-001 
1
2
8 0 2 3 0 -1
8 1 2 1 0 3
haar_y3
4.617237e-002 0 -1
1.114906e-002 -5.107555e-001 
1
2
0 0 2 3 0 -1
0 1 2 1 0 3
haar_y3
4.877523e-004 0 -1
-2.146261e-001 1.307101e-001 
1
2
4 0 4 5 0 -1
5 0 2 5 0 2
haar_x4
-3.857212e-002 0 -1
2.487811e-001 -3.502487e-002 
1
2
2 0 4 5 0 -1
3 0 2 5 0 2
haar_x4
-2.634137e-002 0 -1
3.319472e-001 -7.779115e-002 
1
2
3 2 4 6 0 -1
3 5 4 3 0 2
haar_y2
-1.991585e-002 0 -1
3.655684e-002 -6.622198e-001 
1
2
0 6 4 4 0 -1
2 6 2 4 0 2
haar_x2
-9.804235e-002 0 -1
-2.858716e-001 7.236472e-002 
1
2
5 0 1 3 0 -1
5 1 1 1 0 3
haar_y3
-5.819044e-003 0 -1
-3.992057e-001 3.899870e-002 
1
3
0 0 4 4 0 -1
0 0 2 2 0 2
2 2 2 2 0 2
haar_x2_y2
-3.345710e-002 0 -1
2.797464e-001 -7.238571e-002 
1
2
4 1 3 2 0 -1
4 2 3 1 0 2
haar_y2
-1.140130e-002 0 -1
-5.180933e-001 5.059892e-002 
1
2
0 2 2 8 0 -1
0 6 2 4 0 2
haar_y2
-1.555571e-001 0 -1
-3.481794e-001 5.582441e-002 
1
2
5 0 3 1 0 -1
6 1 1 1 0 3
tilted_haar_y3
3.016180e-002 0 -1
3.403420e-002 -2.126767e-001 
1
2
5 0 1 3 0 -1
4 1 1 1 0 3
tilted_haar_y3
6.188081e-003 0 -1
8.300105e-002 -2.930682e-001 
1
3
4 6 4 2 0 -1
6 6 2 1 0 2
4 7 2 1 0 2
haar_x2_y2
-1.987435e-002 0 -1
1.991625e-001 -6.301848e-002 
1
3
2 6 4 2 0 -1
2 6 2 1 0 2
4 7 2 1 0 2
haar_x2_y2
1.482885e-002 0 -1
-8.331478e-002 2.824078e-001 
1
3
0 5 10 4 0 -1
5 5 5 2 0 2
0 7 5 2 0 2
haar_x2_y2
-1.446694e-001 0 -1
-4.195634e-001 5.151873e-002 
1
2
2 4 3 2 0 -1
2 4 3 1 0 2
tilted_haar_y2
7.440185e-002 0 -1
-4.595727e-002 5.220521e-001 
1
2
8 4 2 1 0 -1
8 4 1 1 0 2
tilted_haar_y2
4.675132e-002 0 -1
1.859643e-002 -2.555197e-001 
1
2
2 4 1 2 0 -1
2 4 1 1 0 2
tilted_haar_y2
2.501864e-002 0 -1
5.228387e-002 -4.095479e-001 
1
2
8 7 2 3 0 -1
8 8 2 1 0 3
haar_y3
4.645182e-003 0 -1
-1.363055e-001 1.271960e-001 
1
2
2 6 1 3 0 -1
2 7 1 1 0 3
haar_y3
3.600786e-003 0 -1
-1.008890e-001 1.874526e-001 
1
2
1 3 8 6 0 -1
1 6 8 3 0 2
haar_y2
-5.566511e-001 0 -1
2.933566e-001 -9.030498e-002 
1
2
0 0 6 1 0 -1
3 0 3 1 0 2
haar_x2
-7.676387e-002 0 -1
6.581606e-001 -3.577216e-002 
1
2
2 2 8 3 0 -1
4 2 4 3 0 2
haar_x4
-4.366909e-002 0 -1
3.173351e-001 -5.232520e-002 
1
2
0 3 6 2 0 -1
3 3 3 2 0 2
haar_x2
1.723970e-002 0 -1
-2.206123e-001 1.139512e-001 
1
2
8 1 2 6 0 -1
8 1 1 6 0 2
tilted_haar_y2
1.696538e-001 0 -1
1.062429e-002 -8.660564e-001 
1
2
2 1 6 2 0 -1
2 1 6 1 0 2
tilted_haar_y2
1.393335e-001 0 -1
2.926274e-002 -5.712496e-001 
1
2
4 8 2 2 0 -1
4 9 2 1 0 2
haar_y2
6.222752e-003 0 -1
-1.301858e-001 1.426582e-001 
1
2
0 7 2 3 0 -1
0 8 2 1 0 3
haar_y3
2.599351e-004 0 -1
-1.647427e-001 1.214931e-001 
1
2
0 6 10 4 0 -1
0 8 10 2 0 2
haar_y2
5.849365e-001 0 -1
1.905547e-002 -9.443613e-001 
1
2
3 4 4 2 0 -1
3 5 4 1 0 2
haar_y2
1.075820e-002 0 -1
-5.486323e-002 3.630610e-001 
1
2
2 4 7 3 0 -1
2 5 7 1 0 3
haar_y3
-1.542817e-001 0 -1
4.305032e-001 -3.535094e-002 
1
2
4 5 1 2 0 -1
4 6 1 1 0 2
haar_y2
-7.141615e-003 0 -1
8.779926e-002 -3.069251e-001 
1
2
2 2 8 6 0 -1
2 4 8 2 0 3
haar_y3
5.253122e-001 0 -1
1.845702e-002 -6.671460e-001 
1
2
1 0 8 1 0 -1
5 0 4 1 0 2
haar_x2
-1.693397e-002 0 -1
1.815259e-001 -1.055597e-001 
1
2
0 1 10 9 0 -1
0 1 5 9 0 2
haar_x2
-5.679994e-001 0 -1
3.474483e-001 -5.517995e-002 
1
2
4 0 1 2 0 -1
4 1 1 1 0 2
haar_y2
-6.676446e-003 0 -1
-5.791242e-001 3.306639e-002 
1
2
4 0 2 4 0 -1
4 1 2 2 0 2
haar_y4
-3.825428e-004 0 -1
1.435093e-001 -1.593063e-001 
1
2
1 4 4 1 0 -1
1 4 2 1 0 2
tilted_haar_x2
-5.285983e-002 0 -1
-7.292228e-001 2.270942e-002 
1
3
8 5 2 2 0 -1
9 5 1 1 0 2
8 6 1 1 0 2
haar_x2_y2
1.219849e-002 0 -1
-4.709679e-002 4.538779e-001 
1
2
2 1 3 2 0 -1
3 2 1 2 0 3
tilted_haar_x3
4.790685e-002 0 -1
-3.794609e-002 3.989980e-001 
1
3
5 5 2 2 0 -1
6 5 1 1 0 2
5 6 1 1 0 2
haar_x2_y2
-1.033480e-002 0 -1
2.271625e-001 -4.573422e-002 
1
3
3 5 2 2 0 -1
3 5 1 1 0 2
4 6 1 1 0 2
haar_x2_y2
5.152945e-004 0 -1
-1.028915e-001 1.968042e-001 
-1.003807e+000

10
-1
