14
1
3
5 2 2 6 0 -1
5 2 1 3 0 2
6 5 1 3 0 2
haar_x2_y2
-2.449537e-003 0 -1
4.203961e-001 -4.478542e-001 
1
3
6 4 8 2 0 -1
10 4 4 1 0 2
6 5 4 1 0 2
haar_x2_y2
-3.585602e-002 0 -1
4.618216e-001 -1.969951e-001 
1
2
3 2 3 4 0 -1
3 3 3 2 0 2
haar_y4
-5.890777e-002 0 -1
6.821757e-001 -2.195880e-001 
1
2
4 1 7 4 0 -1
4 2 7 2 0 2
haar_y4
-2.355309e-001 0 -1
7.315919e-001 -1.781473e-001 
1
2
6 3 2 3 0 -1
6 4 2 1 0 3
haar_y3
-1.671037e-002 0 -1
6.558906e-001 -1.994926e-001 
1
3
10 3 2 4 0 -1
11 3 1 2 0 2
10 5 1 2 0 2
haar_x2_y2
-2.287266e-003 0 -1
3.349726e-001 -2.035837e-001 
1
2
0 0 3 2 0 -1
0 1 3 1 0 2
haar_y2
-3.939362e-004 0 -1
2.507073e-001 -4.533263e-001 
1
2
8 0 2 8 0 -1
8 4 2 4 0 2
haar_y2
-1.184568e-001 0 -1
-9.707779e-001 1.061591e-001 
1
2
6 1 3 3 0 -1
6 2 3 1 0 3
haar_y3
-9.994116e-002 0 -1
8.082300e-001 -1.604035e-001 
1
2
2 5 12 1 0 -1
5 5 6 1 0 2
haar_x4
1.470856e-002 0 -1
-1.656558e-001 3.542506e-001 
1
2
0 5 4 3 0 -1
0 6 4 1 0 3
haar_y3
-3.421304e-002 0 -1
-8.034043e-001 1.395099e-001 
1
2
10 5 5 3 0 -1
10 6 5 1 0 3
haar_y3
3.846512e-002 0 -1
9.598450e-002 -7.128298e-001 
1
2
3 6 2 2 0 -1
4 6 1 2 0 2
haar_x2
-3.694097e-004 0 -1
3.664898e-001 -3.180009e-001 
1
2
0 6 15 2 0 -1
5 6 5 2 0 3
haar_x3
5.406751e-002 0 -1
-2.025495e-001 5.554783e-001 
-1.304327e+000

8
-1
