10
1
2
4 0 7 6 0 -1
4 2 7 2 0 3
haar_y3
-2.017009e-001 0 -1
7.171494e-001 -4.913467e-001 
1
2
10 2 3 6 0 -1
10 5 3 3 0 2
haar_y2
5.860974e-002 0 -1
-4.370170e-001 4.619119e-001 
1
3
3 2 4 6 0 -1
3 2 2 3 0 2
5 5 2 3 0 2
haar_x2_y2
2.816304e-003 0 -1
3.874735e-001 -6.230716e-001 
1
2
7 2 7 4 0 -1
7 3 7 2 0 2
haar_y4
-8.044896e-002 0 -1
6.991645e-001 -2.526465e-001 
1
2
0 1 6 3 0 -1
2 1 2 3 0 3
haar_x3
-1.846001e-002 0 -1
4.910534e-001 -4.287197e-001 
1
2
8 7 3 1 0 -1
9 7 1 1 0 3
haar_x3
1.690257e-002 0 -1
1.099249e-001 -9.999914e-001 
1
2
6 3 2 5 0 -1
7 3 1 5 0 2
haar_x2
1.521774e-002 0 -1
2.044653e-001 -7.809492e-001 
1
2
14 0 1 2 0 -1
14 1 1 1 0 2
haar_y2
-4.422395e-004 0 -1
2.213715e-001 -4.958018e-001 
1
2
0 3 15 3 0 -1
5 4 5 1 0 9
haar_point
4.402171e-001 0 -1
-2.025724e-001 8.497908e-001 
1
2
4 2 8 3 0 -1
4 3 8 1 0 3
haar_y3
8.877390e-002 0 -1
-1.626344e-001 7.827278e-001 
-1.142473e+000

1
-1
