114
1
2
2 2 2 4 0 -1
2 4 2 2 0 2
haar_y2
3.689932e-001 0 -1
-3.646230e-001 1.536473e-001 
1
3
0 3 2 2 0 -1
0 3 1 1 0 2
1 4 1 1 0 2
haar_x2_y2
-2.237663e-003 0 -1
1.867762e-001 -1.959740e-001 
1
2
3 3 3 1 0 -1
4 3 1 1 0 3
haar_x3
3.263606e-002 0 -1
-1.043672e-001 2.452309e-001 
1
2
2 0 2 1 0 -1
3 0 1 1 0 2
haar_x2
1.586887e-003 0 -1
-2.386537e-001 1.193494e-001 
1
2
3 0 1 3 0 -1
2 1 1 1 0 3
tilted_haar_y3
-1.719813e-003 0 -1
5.732600e-002 -2.776047e-001 
1
2
4 0 1 3 0 -1
4 1 1 1 0 3
haar_y3
7.623627e-002 0 -1
-8.727340e-002 2.289973e-001 
1
2
2 4 4 2 0 -1
3 4 2 2 0 2
haar_x4
5.644473e-002 0 -1
5.287914e-002 -3.596646e-001 
1
2
2 0 1 2 0 -1
2 0 1 1 0 2
tilted_haar_y2
-9.312484e-002 0 -1
-3.149306e-001 6.182773e-002 
1
2
2 0 3 2 0 -1
2 0 3 1 0 2
tilted_haar_y2
-2.665546e-001 0 -1
1.477780e-001 -1.371586e-001 
1
3
2 1 4 4 0 -1
2 1 2 2 0 2
4 3 2 2 0 2
haar_x2_y2
-3.017750e-001 0 -1
-5.035570e-001 2.909727e-002 
1
2
2 0 3 1 0 -1
3 0 1 1 0 3
haar_x3
7.338592e-002 0 -1
1.829455e-002 -6.467038e-001 
1
2
2 3 3 1 0 -1
3 3 1 1 0 3
haar_x3
2.953861e-002 0 -1
-4.609271e-002 3.077221e-001 
1
2
2 2 3 2 0 -1
3 2 1 2 0 3
haar_x3
-5.157039e-002 0 -1
9.479061e-002 -1.706609e-001 
1
2
2 5 3 1 0 -1
3 5 1 1 0 3
haar_x3
-2.547491e-002 0 -1
-2.451573e-001 6.191064e-002 
1
2
0 1 1 3 0 -1
0 2 1 1 0 3
haar_y3
-1.470314e-003 0 -1
6.979744e-002 -2.154179e-001 
1
2
1 2 3 4 0 -1
2 2 1 4 0 3
haar_x3
-1.049840e-001 0 -1
1.288545e-001 -1.193554e-001 
1
3
1 3 2 2 0 -1
1 3 1 1 0 2
2 4 1 1 0 2
haar_x2_y2
-2.282824e-003 0 -1
2.426154e-001 -7.808184e-002 
1
2
1 4 3 2 0 -1
2 4 1 2 0 3
haar_x3
-8.339612e-002 0 -1
-3.238772e-001 4.933772e-002 
1
2
4 1 2 2 0 -1
5 1 1 2 0 2
haar_x2
1.515908e-003 0 -1
-1.957424e-001 7.050434e-002 
1
2
0 1 3 4 0 -1
0 3 3 2 0 2
haar_y2
6.683046e-001 0 -1
3.555155e-002 -3.438169e-001 
1
2
1 5 2 1 0 -1
2 5 1 1 0 2
haar_x2
-1.712497e-003 0 -1
1.137512e-001 -1.170908e-001 
1
2
0 0 3 1 0 -1
1 0 1 1 0 3
haar_x3
1.618557e-002 0 -1
5.052397e-002 -2.783367e-001 
1
2
5 4 1 2 0 -1
5 5 1 1 0 2
haar_y2
1.702059e-003 0 -1
-2.063080e-001 6.134207e-002 
1
3
0 2 2 2 0 -1
0 2 1 1 0 2
1 3 1 1 0 2
haar_x2_y2
3.510709e-002 0 -1
-7.122160e-002 1.817821e-001 
1
2
3 3 3 2 0 -1
4 3 1 2 0 3
haar_x3
-3.173030e-001 0 -1
6.222308e-001 -2.033172e-002 
1
2
3 5 3 1 0 -1
4 5 1 1 0 3
haar_x3
-4.285773e-002 0 -1
-3.930469e-001 3.940802e-002 
1
2
1 0 4 3 0 -1
1 1 4 1 0 3
haar_y3
-2.806075e-001 0 -1
2.693541e-001 -5.050005e-002 
1
2
0 3 3 1 0 -1
1 3 1 1 0 3
haar_x3
-7.275812e-002 0 -1
3.438447e-001 -3.817394e-002 
1
2
0 1 2 1 0 -1
1 1 1 1 0 2
haar_x2
-3.587855e-002 0 -1
-2.137709e-001 6.822051e-002 
1
2
5 3 1 3 0 -1
5 4 1 1 0 3
haar_y3
-1.114164e-001 0 -1
-5.642507e-001 2.046102e-002 
1
3
1 3 2 2 0 -1
1 3 1 1 0 2
2 4 1 1 0 2
haar_x2_y2
3.495634e-002 0 -1
-1.074051e-001 1.172085e-001 
1
2
1 0 3 2 0 -1
2 0 1 2 0 3
haar_x3
9.984038e-002 0 -1
2.034958e-002 -5.912043e-001 
1
2
0 1 3 1 0 -1
1 1 1 1 0 3
haar_x3
-1.474260e-003 0 -1
8.651759e-002 -1.365898e-001 
1
2
3 0 3 1 0 -1
4 0 1 1 0 3
haar_x3
5.881679e-002 0 -1
2.814533e-002 -4.006458e-001 
1
2
4 2 2 2 0 -1
4 3 2 1 0 2
haar_y2
4.164677e-002 0 -1
-1.441486e-001 7.615706e-002 
1
2
2 2 3 3 0 -1
3 3 1 1 0 9
haar_point
-4.360912e-001 0 -1
1.635144e-001 -7.854855e-002 
1
2
2 5 2 1 0 -1
3 5 1 1 0 2
haar_x2
4.169635e-002 0 -1
1.948100e-002 -5.575438e-001 
1
2
0 0 4 1 0 -1
2 0 2 1 0 2
haar_x2
3.959871e-002 0 -1
-9.448725e-002 1.198156e-001 
1
2
4 0 2 3 0 -1
3 1 2 1 0 3
tilted_haar_y3
-7.250026e-001 0 -1
-5.728979e-001 1.869452e-002 
1
2
4 1 2 1 0 -1
4 1 1 1 0 2
tilted_haar_x2
-2.426044e-001 0 -1
5.496707e-001 -2.308303e-002 
1
2
4 2 1 4 0 -1
4 4 1 2 0 2
haar_y2
3.491422e-002 0 -1
-3.699124e-001 3.617510e-002 
1
2
2 2 2 2 0 -1
2 2 1 2 0 2
tilted_haar_x2
-2.606427e-001 0 -1
-4.745745e-001 2.244814e-002 
1
2
5 0 1 4 0 -1
5 1 1 2 0 2
haar_y4
6.699799e-002 0 -1
-4.553759e-002 2.557166e-001 
1
2
3 1 1 3 0 -1
3 2 1 1 0 3
haar_y3
-1.136291e-001 0 -1
1.163778e-001 -8.704945e-002 
1
2
1 0 3 2 0 -1
2 0 1 2 0 3
haar_x3
-1.659843e-003 0 -1
7.730541e-002 -1.394111e-001 
1
2
1 0 4 6 0 -1
3 0 2 6 0 2
haar_x2
-5.018134e-001 0 -1
2.883264e-001 -3.716412e-002 
1
3
2 0 2 4 0 -1
2 0 1 2 0 2
3 2 1 2 0 2
haar_x2_y2
1.734479e-002 0 -1
-5.816664e-002 2.029252e-001 
1
3
4 3 2 2 0 -1
4 3 1 1 0 2
5 4 1 1 0 2
haar_x2_y2
-8.325189e-002 0 -1
3.514713e-001 -3.024893e-002 
1
2
5 0 1 6 0 -1
5 2 1 2 0 3
haar_y3
-1.903415e-001 0 -1
8.879621e-002 -1.316992e-001 
1
2
0 0 6 6 0 -1
0 2 6 2 0 3
haar_y3
-2.913780e-001 0 -1
-4.012936e-002 2.755656e-001 
1
3
0 3 6 2 0 -1
0 3 3 1 0 2
3 4 3 1 0 2
haar_x2_y2
2.956719e-001 0 -1
2.412825e-002 -3.905748e-001 
1
2
0 2 3 4 0 -1
0 3 3 2 0 2
haar_y4
-4.027063e-001 0 -1
-9.145412e-001 8.898549e-003 
1
2
0 4 1 2 0 -1
0 5 1 1 0 2
haar_y2
1.591253e-003 0 -1
-1.452355e-001 5.845546e-002 
1
2
1 5 2 1 0 -1
2 5 1 1 0 2
haar_x2
1.566188e-003 0 -1
-8.023210e-002 1.244973e-001 
1
2
1 5 3 1 0 -1
2 5 1 1 0 3
haar_x3
3.948081e-002 0 -1
2.297651e-002 -4.320352e-001 
1
2
2 2 3 2 0 -1
3 2 1 2 0 3
haar_x3
-9.722162e-002 0 -1
1.120111e-001 -1.029962e-001 
1
2
0 2 1 4 0 -1
0 3 1 2 0 2
haar_y4
1.838430e-003 0 -1
-1.377598e-001 7.357217e-002 
1
2
1 2 3 3 0 -1
2 3 1 1 0 9
haar_point
-3.240369e-001 0 -1
1.415748e-001 -7.581299e-002 
1
3
1 2 2 2 0 -1
1 2 1 1 0 2
2 3 1 1 0 2
haar_x2_y2
4.957964e-002 0 -1
-4.199581e-002 3.144246e-001 
1
2
0 1 3 3 0 -1
1 2 1 1 0 9
haar_point
-7.095143e-002 0 -1
7.677507e-002 -1.331025e-001 
1
2
0 2 2 2 0 -1
0 3 2 1 0 2
haar_y2
2.515150e-001 0 -1
2.087629e-002 -4.938380e-001 
1
2
0 2 2 2 0 -1
1 2 1 2 0 2
haar_x2
8.399557e-002 0 -1
-3.995530e-002 2.699941e-001 
1
2
0 2 6 3 0 -1
0 3 6 1 0 3
haar_y3
-9.017649e-001 0 -1
5.425777e-001 -1.757403e-002 
1
2
2 1 1 2 0 -1
2 1 1 1 0 2
tilted_haar_y2
6.818210e-002 0 -1
2.843321e-002 -3.531410e-001 
1
2
2 5 4 1 0 -1
3 5 2 1 0 2
haar_x4
-1.923054e-003 0 -1
8.641435e-002 -9.955008e-002 
1
2
2 5 4 1 0 -1
3 5 2 1 0 2
haar_x4
1.553921e-003 0 -1
-7.692626e-002 1.214893e-001 
1
2
4 1 2 3 0 -1
4 2 2 1 0 3
haar_y3
-8.455744e-002 0 -1
6.168000e-002 -1.412949e-001 
1
3
0 0 2 2 0 -1
0 0 1 1 0 2
1 1 1 1 0 2
haar_x2_y2
1.707587e-003 0 -1
-7.867713e-002 1.110599e-001 
1
2
0 4 6 2 0 -1
2 4 2 2 0 3
haar_x3
-4.922959e-002 0 -1
7.926114e-002 -1.196349e-001 
1
2
3 4 2 1 0 -1
4 4 1 1 0 2
haar_x2
2.632213e-002 0 -1
8.007997e-002 -1.848463e-001 
1
2
2 4 4 1 0 -1
4 4 2 1 0 2
haar_x2
3.993477e-001 0 -1
-2.075163e-002 5.037509e-001 
1
2
3 0 3 2 0 -1
4 0 1 2 0 3
haar_x3
-4.765344e-002 0 -1
-2.442280e-001 4.089143e-002 
1
2
1 2 3 4 0 -1
1 3 3 2 0 2
haar_y4
2.601241e-001 0 -1
2.856443e-002 -3.183616e-001 
1
3
3 1 2 2 0 -1
3 1 1 1 0 2
4 2 1 1 0 2
haar_x2_y2
1.033804e-002 0 -1
-9.762450e-002 9.395247e-002 
1
2
4 0 2 4 0 -1
3 1 2 2 0 2
tilted_haar_y4
-7.010424e-001 0 -1
-2.613883e-001 3.677237e-002 
1
2
3 5 3 1 0 -1
4 5 1 1 0 3
haar_x3
5.880666e-002 0 -1
1.590028e-002 -5.160251e-001 
1
2
2 1 1 2 0 -1
2 1 1 1 0 2
tilted_haar_y2
-3.027158e-001 0 -1
4.628558e-001 -2.076917e-002 
1
2
0 0 3 1 0 -1
1 0 1 1 0 3
haar_x3
-7.836332e-002 0 -1
-4.366473e-001 2.257958e-002 
1
2
0 1 1 2 0 -1
0 2 1 1 0 2
haar_y2
3.029571e-002 0 -1
5.279681e-002 -1.691289e-001 
1
2
1 0 2 1 0 -1
2 0 1 1 0 2
haar_x2
1.626071e-003 0 -1
-1.136451e-001 8.670859e-002 
1
2
3 2 3 2 0 -1
4 2 1 2 0 3
haar_x3
-7.958210e-002 0 -1
1.752346e-001 -5.196835e-002 
1
2
4 1 2 3 0 -1
5 1 1 3 0 2
haar_x2
8.098296e-002 0 -1
8.223220e-002 -1.570438e-001 
1
2
2 0 4 5 0 -1
4 0 2 5 0 2
haar_x2
2.107023e-001 0 -1
-1.257388e-001 1.029288e-001 
1
2
5 1 1 4 0 -1
5 1 1 2 0 2
tilted_haar_y2
-1.787187e-001 0 -1
5.282231e-002 -1.950048e-001 
1
2
1 2 2 2 0 -1
2 2 1 2 0 2
haar_x2
-2.680288e-001 0 -1
4.398139e-001 -2.181603e-002 
1
3
4 2 2 2 0 -1
4 2 1 1 0 2
5 3 1 1 0 2
haar_x2_y2
-3.406934e-002 0 -1
1.349703e-001 -6.605345e-002 
1
3
4 2 2 2 0 -1
4 2 1 1 0 2
5 3 1 1 0 2
haar_x2_y2
1.239347e-003 0 -1
-7.738145e-002 1.354644e-001 
1
2
1 0 3 1 0 -1
2 1 1 1 0 3
tilted_haar_x3
-1.733693e-001 0 -1
2.552588e-001 -3.633048e-002 
1
2
3 4 3 2 0 -1
4 4 1 2 0 3
haar_x3
-5.521440e-002 0 -1
-2.442885e-001 3.726720e-002 
1
2
5 0 1 3 0 -1
5 1 1 1 0 3
haar_y3
2.656838e-002 0 -1
-8.969176e-002 9.731211e-002 
1
2
2 0 1 2 0 -1
2 0 1 1 0 2
tilted_haar_y2
1.611291e-001 0 -1
1.660568e-002 -5.206169e-001 
1
3
2 1 2 2 0 -1
2 1 1 1 0 2
3 2 1 1 0 2
haar_x2_y2
-1.703420e-001 0 -1
-8.729948e-001 7.371577e-003 
1
2
0 1 4 2 0 -1
1 1 2 2 0 2
haar_x4
-1.620720e-001 0 -1
-2.698690e-001 2.877953e-002 
1
2
0 2 4 2 0 -1
1 2 2 2 0 2
haar_x4
-6.161974e-002 0 -1
1.319510e-001 -7.758574e-002 
1
2
3 0 3 3 0 -1
2 1 3 1 0 3
tilted_haar_y3
2.766191e-001 0 -1
-1.980524e-002 4.720656e-001 
1
2
0 3 4 1 0 -1
2 3 2 1 0 2
haar_x2
2.186680e-002 0 -1
2.721383e-002 -3.501551e-001 
1
2
3 5 3 1 0 -1
4 5 1 1 0 3
haar_x3
-1.571572e-003 0 -1
9.817274e-002 -8.558448e-002 
1
2
3 5 2 1 0 -1
4 5 1 1 0 2
haar_x2
1.651711e-003 0 -1
-1.194665e-001 8.873551e-002 
1
2
3 4 2 1 0 -1
4 4 1 1 0 2
haar_x2
-1.564518e-003 0 -1
1.476759e-001 -7.362965e-002 
1
2
3 4 1 2 0 -1
3 5 1 1 0 2
haar_y2
1.957135e-003 0 -1
-1.868771e-001 4.938727e-002 
1
2
5 2 1 4 0 -1
5 4 1 2 0 2
haar_y2
2.554169e-001 0 -1
4.811943e-002 -1.918586e-001 
1
2
2 0 3 2 0 -1
3 0 1 2 0 3
haar_x3
-9.682731e-002 0 -1
-4.372641e-001 1.891862e-002 
1
2
2 0 4 1 0 -1
3 0 2 1 0 2
haar_x4
-3.237740e-003 0 -1
1.221480e-001 -7.666944e-002 
1
2
3 0 3 1 0 -1
4 0 1 1 0 3
haar_x3
1.725510e-003 0 -1
-1.116987e-001 8.656078e-002 
1
2
0 3 5 2 0 -1
0 4 5 1 0 2
haar_y2
-2.274562e-001 0 -1
-8.166301e-001 8.938742e-003 
1
2
0 2 5 2 0 -1
0 3 5 1 0 2
haar_y2
4.235257e-001 0 -1
-3.944021e-002 2.261393e-001 
1
2
4 4 2 1 0 -1
5 4 1 1 0 2
haar_x2
1.807835e-001 0 -1
-1.886341e-002 4.631522e-001 
1
2
3 4 3 2 0 -1
4 4 1 2 0 3
haar_x3
1.555765e-001 0 -1
-1.709410e-002 4.712327e-001 
1
2
3 4 2 2 0 -1
4 4 1 2 0 2
haar_x2
8.925453e-002 0 -1
3.362403e-002 -2.798770e-001 
1
2
2 2 3 3 0 -1
3 3 1 1 0 9
haar_point
-2.300965e-001 0 -1
8.119276e-002 -9.898748e-002 
1
3
0 4 6 2 0 -1
0 4 3 1 0 2
3 5 3 1 0 2
haar_x2_y2
2.748339e-001 0 -1
1.617538e-002 -5.305364e-001 
1
2
3 3 1 3 0 -1
3 4 1 1 0 3
haar_y3
-4.126974e-002 0 -1
2.349294e-001 -3.861970e-002 
1
3
4 4 2 2 0 -1
4 4 1 1 0 2
5 5 1 1 0 2
haar_x2_y2
-1.794710e-002 0 -1
-1.618522e-001 5.590381e-002 
1
2
4 2 1 2 0 -1
4 3 1 1 0 2
haar_y2
1.702717e-001 0 -1
1.082370e-002 -7.398852e-001 
-9.447881e-001

13
-1
