170
1
2
5 4 3 1 0 -1
6 4 1 1 0 3
haar_x3
5.516563e-002 0 -1
-6.363212e-002 3.648939e-001 
1
2
2 0 6 3 0 -1
2 1 6 1 0 3
haar_y3
8.276913e-002 0 -1
-1.471268e-001 1.499385e-001 
1
3
2 3 2 2 0 -1
2 3 1 1 0 2
3 4 1 1 0 2
haar_x2_y2
-1.412166e-002 0 -1
1.951069e-001 -9.648575e-002 
1
2
4 6 4 2 0 -1
4 7 4 1 0 2
haar_y2
1.341080e-002 0 -1
-1.585757e-001 9.047499e-002 
1
3
1 4 2 2 0 -1
1 4 1 1 0 2
2 5 1 1 0 2
haar_x2_y2
2.706320e-002 0 -1
-1.211609e-002 3.269675e-001 
1
2
0 2 1 6 0 -1
0 5 1 3 0 2
haar_y2
1.108938e-002 0 -1
-2.586420e-001 4.496242e-002 
1
2
4 3 3 2 0 -1
5 3 1 2 0 3
haar_x3
8.257144e-002 0 -1
-4.779533e-002 3.247108e-001 
1
2
1 6 2 1 0 -1
2 6 1 1 0 2
haar_x2
-1.159012e-002 0 -1
-1.956467e-001 7.495915e-002 
1
3
1 4 2 2 0 -1
1 4 1 1 0 2
2 5 1 1 0 2
haar_x2_y2
-6.227958e-004 0 -1
1.501881e-001 -1.016127e-001 
1
2
1 7 2 1 0 -1
2 7 1 1 0 2
haar_x2
1.373653e-002 0 -1
2.724241e-002 -4.635984e-001 
1
2
5 0 3 1 0 -1
6 0 1 1 0 3
haar_x3
1.387844e-002 0 -1
1.875691e-002 -3.369681e-001 
1
2
5 0 3 1 0 -1
6 0 1 1 0 3
haar_x3
-1.110869e-002 0 -1
-2.472384e-001 5.457195e-002 
1
2
3 2 4 2 0 -1
4 3 2 2 0 2
tilted_haar_x4
-6.305459e-002 0 -1
7.450396e-002 -1.441501e-001 
1
2
2 1 3 3 0 -1
3 2 1 1 0 9
haar_point
-1.200922e-001 0 -1
1.772161e-001 -6.441183e-002 
1
2
0 1 8 3 0 -1
0 2 8 1 0 3
haar_y3
1.300979e-001 0 -1
-6.033336e-002 1.911234e-001 
1
2
1 0 7 2 0 -1
1 1 7 1 0 2
haar_y2
-1.413827e-001 0 -1
2.130542e-001 -4.410456e-002 
1
3
6 0 2 6 0 -1
6 0 1 3 0 2
7 3 1 3 0 2
haar_x2_y2
1.963680e-001 0 -1
-1.111060e-002 8.287584e-001 
1
2
1 0 3 2 0 -1
2 0 1 2 0 3
haar_x3
3.631384e-002 0 -1
1.748822e-002 -5.889958e-001 
1
2
2 5 1 3 0 -1
2 6 1 1 0 3
haar_y3
-6.655113e-004 0 -1
1.060137e-001 -8.777981e-002 
1
2
3 3 3 3 0 -1
4 4 1 1 0 9
haar_point
-3.347613e-001 0 -1
-4.864403e-001 1.738840e-002 
1
2
4 4 1 4 0 -1
4 5 1 2 0 2
haar_y4
1.167544e-003 0 -1
-1.743508e-001 6.115413e-002 
1
3
3 3 2 2 0 -1
3 3 1 1 0 2
4 4 1 1 0 2
haar_x2_y2
-2.353204e-002 0 -1
2.390544e-001 -4.139191e-002 
1
2
5 5 1 2 0 -1
5 5 1 1 0 2
tilted_haar_y2
-4.028315e-003 0 -1
4.471538e-002 -2.028671e-001 
1
2
1 4 3 1 0 -1
2 4 1 1 0 3
haar_x3
-2.811690e-002 0 -1
2.213053e-001 -4.176614e-002 
1
3
0 3 8 2 0 -1
0 3 4 1 0 2
4 4 4 1 0 2
haar_x2_y2
-6.985249e-002 0 -1
-1.951697e-001 4.095030e-002 
1
3
2 4 2 2 0 -1
2 4 1 1 0 2
3 5 1 1 0 2
haar_x2_y2
2.960298e-002 0 -1
-4.151263e-002 1.986637e-001 
1
2
0 7 3 1 0 -1
1 7 1 1 0 3
haar_x3
1.730143e-002 0 -1
2.201260e-002 -3.662407e-001 
1
2
2 1 4 2 0 -1
3 1 2 2 0 2
haar_x4
-3.117949e-002 0 -1
-1.968432e-001 3.928541e-002 
1
2
3 0 3 3 0 -1
4 0 1 3 0 3
haar_x3
-5.746603e-004 0 -1
9.586934e-002 -1.165962e-001 
1
3
5 3 2 2 0 -1
5 3 1 1 0 2
6 4 1 1 0 2
haar_x2_y2
-3.023547e-002 0 -1
2.598970e-001 -2.847464e-002 
1
2
4 2 3 3 0 -1
5 3 1 1 0 9
haar_point
-3.524370e-001 0 -1
-6.428961e-001 1.344373e-002 
1
2
2 0 3 1 0 -1
3 0 1 1 0 3
haar_x3
2.423888e-002 0 -1
1.249937e-002 -5.036196e-001 
1
2
0 0 8 8 0 -1
2 0 4 8 0 2
haar_x4
4.335162e-001 0 -1
-1.166850e-002 7.865965e-001 
1
3
4 3 2 2 0 -1
4 3 1 1 0 2
5 4 1 1 0 2
haar_x2_y2
-2.856314e-002 0 -1
2.730443e-001 -2.150285e-002 
1
2
3 0 1 3 0 -1
2 1 1 1 0 3
tilted_haar_y3
-2.875658e-002 0 -1
-1.319571e-001 4.968942e-002 
1
2
0 3 4 2 0 -1
0 4 4 1 0 2
haar_y2
8.970128e-004 0 -1
-1.506509e-001 4.698933e-002 
1
2
1 3 3 1 0 -1
2 4 1 1 0 3
tilted_haar_x3
-8.331618e-002 0 -1
2.612920e-001 -2.878216e-002 
1
2
0 0 4 1 0 -1
2 0 2 1 0 2
haar_x2
1.938563e-002 0 -1
-4.742286e-002 1.478068e-001 
1
2
2 0 3 2 0 -1
3 0 1 2 0 3
haar_x3
1.079468e-002 0 -1
4.542840e-002 -1.527832e-001 
1
2
0 1 8 1 0 -1
2 1 4 1 0 2
haar_x4
1.861320e-002 0 -1
-6.334683e-002 1.131779e-001 
1
2
0 0 6 6 0 -1
3 0 3 6 0 2
haar_x2
-1.524796e-001 0 -1
7.520938e-002 -1.005204e-001 
1
2
0 1 8 7 0 -1
4 1 4 7 0 2
haar_x2
4.134832e-001 0 -1
-4.702730e-002 2.450849e-001 
1
2
3 3 4 1 0 -1
5 3 2 1 0 2
haar_x2
8.059573e-002 0 -1
3.784590e-002 -2.095795e-001 
1
2
5 1 3 6 0 -1
6 3 1 2 0 9
haar_point
5.292835e-001 0 -1
-1.810008e-002 4.248588e-001 
1
2
0 0 4 1 0 -1
1 0 2 1 0 2
haar_x4
-7.317382e-004 0 -1
7.814889e-002 -8.004554e-002 
1
2
3 0 2 1 0 -1
4 0 1 1 0 2
haar_x2
-7.973532e-004 0 -1
9.241507e-002 -8.524052e-002 
1
2
7 0 1 4 0 -1
7 2 1 2 0 2
haar_y2
1.416068e-002 0 -1
4.589762e-002 -1.647925e-001 
1
2
2 1 6 5 0 -1
5 1 3 5 0 2
haar_x2
1.592322e-001 0 -1
-7.593563e-002 8.824688e-002 
1
2
1 4 3 1 0 -1
2 5 1 1 0 3
tilted_haar_x3
-2.509490e-002 0 -1
-1.837224e-001 4.316649e-002 
1
2
4 1 2 3 0 -1
4 2 2 1 0 3
haar_y3
1.043310e-001 0 -1
-2.758228e-002 2.585194e-001 
1
2
6 2 2 1 0 -1
7 2 1 1 0 2
haar_x2
6.886491e-004 0 -1
-1.173831e-001 6.738722e-002 
1
2
4 0 4 4 0 -1
6 0 2 4 0 2
haar_x2
1.204618e-001 0 -1
4.721225e-002 -1.432197e-001 
1
2
7 4 1 4 0 -1
7 5 1 2 0 2
haar_y4
4.586565e-002 0 -1
2.307104e-002 -2.958708e-001 
1
3
6 4 2 2 0 -1
6 4 1 1 0 2
7 5 1 1 0 2
haar_x2_y2
9.015030e-004 0 -1
-8.298892e-002 9.440271e-002 
1
3
6 4 2 2 0 -1
6 4 1 1 0 2
7 5 1 1 0 2
haar_x2_y2
-1.634543e-002 0 -1
1.685256e-001 -4.357167e-002 
1
2
2 0 6 1 0 -1
5 0 3 1 0 2
haar_x2
1.159640e-002 0 -1
-6.948879e-002 1.026388e-001 
1
2
0 0 8 1 0 -1
4 0 4 1 0 2
haar_x2
-2.102318e-002 0 -1
1.127844e-001 -8.190502e-002 
1
2
3 0 2 1 0 -1
4 0 1 1 0 2
haar_x2
7.317382e-004 0 -1
-7.437270e-002 9.307399e-002 
1
2
2 1 2 4 0 -1
3 1 1 4 0 2
haar_x2
-1.438599e-001 0 -1
4.488695e-001 -1.498151e-002 
1
2
2 4 2 2 0 -1
3 4 1 2 0 2
haar_x2
-2.997070e-002 0 -1
-1.039595e-001 7.380322e-002 
1
2
2 3 3 3 0 -1
3 4 1 1 0 9
haar_point
-8.429311e-002 0 -1
7.399227e-002 -8.930881e-002 
1
2
3 2 3 1 0 -1
4 3 1 1 0 3
tilted_haar_x3
-1.582195e-001 0 -1
-3.867952e-001 1.992893e-002 
1
2
0 2 6 1 0 -1
3 2 3 1 0 2
haar_x2
1.134513e-001 0 -1
8.352093e-003 -6.775118e-001 
1
2
2 3 6 1 0 -1
5 3 3 1 0 2
haar_x2
2.224736e-001 0 -1
-1.344254e-002 5.183985e-001 
1
2
5 1 3 2 0 -1
6 1 1 2 0 3
haar_x3
-3.236669e-002 0 -1
-2.385740e-001 2.778080e-002 
1
3
0 4 2 2 0 -1
0 4 1 1 0 2
1 5 1 1 0 2
haar_x2_y2
-6.536890e-004 0 -1
8.505356e-002 -7.264902e-002 
1
3
0 4 2 2 0 -1
0 4 1 1 0 2
1 5 1 1 0 2
haar_x2_y2
1.773680e-002 0 -1
-3.926155e-002 1.808104e-001 
1
2
4 2 1 2 0 -1
4 2 1 1 0 2
tilted_haar_y2
6.548339e-002 0 -1
1.424451e-002 -4.235786e-001 
1
2
4 2 3 6 0 -1
4 4 3 2 0 3
haar_y3
2.288781e-001 0 -1
1.523455e-002 -3.711631e-001 
1
3
3 5 2 2 0 -1
3 5 1 1 0 2
4 6 1 1 0 2
haar_x2_y2
1.801797e-002 0 -1
2.523199e-002 -2.443005e-001 
1
2
1 0 2 3 0 -1
2 0 1 3 0 2
haar_x2
-3.545558e-002 0 -1
-1.909440e-001 3.311840e-002 
1
2
0 1 4 3 0 -1
2 1 2 3 0 2
haar_x2
-2.802425e-001 0 -1
3.488431e-001 -2.255000e-002 
1
2
5 4 1 3 0 -1
5 5 1 1 0 3
haar_y3
-8.990407e-003 0 -1
1.253838e-001 -5.255979e-002 
1
2
6 2 1 4 0 -1
6 2 1 2 0 2
tilted_haar_y2
-1.907693e-001 0 -1
1.911961e-001 -3.990032e-002 
1
2
2 0 6 2 0 -1
2 0 6 1 0 2
tilted_haar_y2
1.022568e-001 0 -1
-2.673005e-002 2.517012e-001 
1
2
5 3 1 4 0 -1
5 5 1 2 0 2
haar_y2
2.662896e-002 0 -1
-1.835981e-001 3.998899e-002 
1
2
5 1 2 1 0 -1
5 1 1 1 0 2
tilted_haar_x2
-6.623217e-002 0 -1
4.505088e-001 -1.779978e-002 
1
3
0 3 2 2 0 -1
0 3 1 1 0 2
1 4 1 1 0 2
haar_x2_y2
2.337455e-002 0 -1
-4.449854e-002 1.666539e-001 
1
3
0 3 2 2 0 -1
0 3 1 1 0 2
1 4 1 1 0 2
haar_x2_y2
-5.964077e-003 0 -1
1.345881e-001 -5.254411e-002 
1
2
4 5 2 3 0 -1
4 6 2 1 0 3
haar_y3
-3.563550e-002 0 -1
2.128173e-001 -3.026536e-002 
1
2
3 6 3 2 0 -1
3 7 3 1 0 2
haar_y2
-2.150447e-002 0 -1
2.071332e-001 -3.130152e-002 
1
3
4 6 4 2 0 -1
4 6 2 1 0 2
6 7 2 1 0 2
haar_x2_y2
4.864607e-002 0 -1
1.552851e-002 -4.166372e-001 
1
2
5 0 3 1 0 -1
6 0 1 1 0 3
haar_x3
-7.101614e-004 0 -1
7.592104e-002 -7.718949e-002 
1
2
5 0 2 1 0 -1
6 0 1 1 0 2
haar_x2
-1.601470e-002 0 -1
-3.034654e-001 1.920059e-002 
1
2
1 0 6 8 0 -1
3 0 2 8 0 3
haar_x3
1.661128e-001 0 -1
-1.681204e-002 4.137842e-001 
1
2
0 4 4 1 0 -1
2 4 2 1 0 2
haar_x2
2.623334e-002 0 -1
2.849749e-002 -2.511448e-001 
1
2
0 5 1 2 0 -1
0 6 1 1 0 2
haar_y2
6.614062e-004 0 -1
-1.333941e-001 4.947682e-002 
1
2
0 5 2 2 0 -1
0 6 2 1 0 2
haar_y2
4.354693e-002 0 -1
4.193845e-002 -1.723036e-001 
1
2
6 0 2 2 0 -1
6 1 2 1 0 2
haar_y2
1.915890e-002 0 -1
-4.790359e-002 1.275680e-001 
1
2
2 1 2 3 0 -1
2 2 2 1 0 3
haar_y3
-5.816962e-002 0 -1
1.336925e-001 -4.770615e-002 
1
2
1 1 3 3 0 -1
2 2 1 1 0 9
haar_point
-3.304836e-001 0 -1
-8.091179e-001 8.298459e-003 
1
2
1 4 2 1 0 -1
2 4 1 1 0 2
haar_x2
-7.357363e-002 0 -1
4.742678e-001 -1.556021e-002 
1
2
2 6 4 2 0 -1
3 6 2 2 0 2
haar_x4
4.033330e-002 0 -1
1.119767e-002 -6.420055e-001 
1
2
1 4 3 1 0 -1
2 4 1 1 0 3
haar_x3
7.396047e-002 0 -1
-2.158728e-002 3.162598e-001 
1
2
5 1 3 4 0 -1
6 2 1 4 0 3
tilted_haar_x3
-4.648108e-001 0 -1
-7.991086e-001 8.529338e-003 
1
2
3 2 3 3 0 -1
4 3 1 1 0 9
haar_point
-1.020553e-001 0 -1
6.619875e-002 -9.106456e-002 
1
2
3 2 3 2 0 -1
4 2 1 2 0 3
haar_x3
2.437286e-002 0 -1
-3.602991e-002 2.458967e-001 
1
2
4 5 2 1 0 -1
4 5 1 1 0 2
tilted_haar_x2
-7.331261e-003 0 -1
4.769152e-002 -1.385742e-001 
1
2
2 4 3 3 0 -1
3 4 1 3 0 3
haar_x3
-1.039331e-001 0 -1
-4.166802e-001 1.665214e-002 
1
2
1 5 4 2 0 -1
3 5 2 2 0 2
haar_x2
-1.905669e-001 0 -1
4.584629e-001 -1.934302e-002 
1
2
3 1 1 3 0 -1
2 2 1 1 0 3
tilted_haar_y3
-5.222221e-002 0 -1
-1.361291e-001 4.942400e-002 
1
2
0 5 2 2 0 -1
1 5 1 2 0 2
haar_x2
4.125427e-002 0 -1
1.851526e-002 -3.383883e-001 
1
2
1 4 6 3 0 -1
3 4 2 3 0 3
haar_x3
-5.094048e-001 0 -1
-1.000000e+000 5.507583e-003 
1
2
2 4 2 2 0 -1
3 4 1 2 0 2
haar_x2
-9.170279e-002 0 -1
3.675820e-001 -1.887126e-002 
1
3
0 0 8 6 0 -1
0 0 4 3 0 2
4 3 4 3 0 2
haar_x2_y2
1.440710e-001 0 -1
-5.645203e-002 1.174696e-001 
1
2
0 0 8 4 0 -1
0 1 8 2 0 2
haar_y4
6.786436e-001 0 -1
5.568089e-003 -9.775230e-001 
1
2
3 4 2 2 0 -1
4 4 1 2 0 2
haar_x2
-8.638995e-002 0 -1
4.853527e-001 -1.384829e-002 
1
2
0 0 4 1 0 -1
2 0 2 1 0 2
haar_x2
3.298615e-003 0 -1
-6.497758e-002 8.321548e-002 
1
2
1 0 6 1 0 -1
3 0 2 1 0 3
haar_x3
-8.913158e-003 0 -1
1.024839e-001 -6.357107e-002 
1
2
1 0 3 1 0 -1
2 0 1 1 0 3
haar_x3
9.772222e-003 0 -1
2.926419e-002 -1.965756e-001 
1
2
5 5 2 1 0 -1
6 5 1 1 0 2
haar_x2
6.797463e-003 0 -1
6.444872e-002 -9.159027e-002 
1
2
7 4 1 3 0 -1
6 5 1 1 0 3
tilted_haar_y3
1.944418e-002 0 -1
5.221421e-002 -1.342173e-001 
1
2
4 4 4 4 0 -1
4 5 4 2 0 2
haar_y4
-8.899300e-002 0 -1
-3.166946e-001 2.022642e-002 
1
2
2 7 6 1 0 -1
5 7 3 1 0 2
haar_x2
1.313619e-002 0 -1
-6.646019e-002 9.421016e-002 
1
2
4 6 3 2 0 -1
5 6 1 2 0 3
haar_x3
-1.557299e-002 0 -1
-1.933279e-001 3.687689e-002 
1
2
2 7 2 1 0 -1
3 7 1 1 0 2
haar_x2
-7.188888e-004 0 -1
9.144124e-002 -9.058717e-002 
1
2
5 5 2 1 0 -1
6 5 1 1 0 2
haar_x2
6.262301e-002 0 -1
-1.472075e-002 4.778843e-001 
1
2
3 6 3 1 0 -1
4 6 1 1 0 3
haar_x3
-7.329505e-003 0 -1
-1.339411e-001 4.551878e-002 
1
2
3 4 1 3 0 -1
2 5 1 1 0 3
tilted_haar_y3
1.071003e-001 0 -1
-2.077734e-002 3.086300e-001 
1
2
2 6 3 2 0 -1
3 6 1 2 0 3
haar_x3
-2.800993e-002 0 -1
-3.156137e-001 2.007781e-002 
1
2
0 4 1 4 0 -1
0 5 1 2 0 2
haar_y4
4.000122e-002 0 -1
2.612630e-002 -2.249217e-001 
1
2
0 4 1 3 0 -1
0 5 1 1 0 3
haar_y3
6.243666e-004 0 -1
-8.663920e-002 6.711908e-002 
1
2
1 0 1 8 0 -1
1 2 1 4 0 2
haar_y4
-7.059038e-002 0 -1
7.454291e-002 -7.786933e-002 
1
2
4 2 2 4 0 -1
4 2 1 4 0 2
tilted_haar_x2
-7.649803e-002 0 -1
-1.462106e-001 5.391747e-002 
1
2
0 5 8 3 0 -1
2 5 4 3 0 2
haar_x4
1.353759e-001 0 -1
-2.190949e-002 3.722160e-001 
1
2
0 3 4 1 0 -1
2 3 2 1 0 2
haar_x2
-3.486550e-003 0 -1
4.028434e-002 -1.748201e-001 
1
2
1 0 2 2 0 -1
2 0 1 2 0 2
haar_x2
-2.254341e-002 0 -1
-2.070830e-001 3.176073e-002 
1
3
5 2 2 2 0 -1
5 2 1 1 0 2
6 3 1 1 0 2
haar_x2_y2
-8.143492e-003 0 -1
1.415092e-001 -4.750421e-002 
1
2
2 5 6 3 0 -1
4 5 2 3 0 3
haar_x3
-5.991983e-002 0 -1
1.050963e-001 -6.802471e-002 
1
2
5 1 2 2 0 -1
6 1 1 2 0 2
haar_x2
2.887286e-002 0 -1
3.119434e-002 -2.290171e-001 
1
2
4 0 2 3 0 -1
4 1 2 1 0 3
haar_y3
-2.571846e-002 0 -1
1.940697e-001 -4.566796e-002 
1
3
5 3 2 2 0 -1
5 3 1 1 0 2
6 4 1 1 0 2
haar_x2_y2
-1.009454e-002 0 -1
1.511881e-001 -5.389014e-002 
1
2
5 0 3 8 0 -1
6 0 1 8 0 3
haar_x3
5.834171e-002 0 -1
-5.538938e-002 1.297270e-001 
1
2
5 2 3 2 0 -1
6 2 1 2 0 3
haar_x3
1.201324e-002 0 -1
6.325211e-002 -1.140453e-001 
1
2
2 1 2 3 0 -1
2 2 2 1 0 3
haar_y3
-1.037211e-001 0 -1
2.350582e-001 -2.968392e-002 
1
2
1 0 7 4 0 -1
1 2 7 2 0 2
haar_y2
-8.844828e-001 0 -1
-6.437731e-001 9.902132e-003 
1
2
1 1 3 1 0 -1
2 1 1 1 0 3
haar_x3
1.024225e-002 0 -1
2.938927e-002 -2.052854e-001 
1
2
2 0 3 1 0 -1
3 1 1 1 0 3
tilted_haar_x3
7.769123e-002 0 -1
-3.773225e-002 1.681192e-001 
1
2
0 1 3 5 0 -1
1 1 1 5 0 3
haar_x3
-3.848382e-002 0 -1
1.321280e-001 -4.669337e-002 
1
2
0 5 2 1 0 -1
1 5 1 1 0 2
haar_x2
3.461712e-003 0 -1
-7.199432e-002 9.698701e-002 
1
2
1 5 4 2 0 -1
2 5 2 2 0 2
haar_x4
2.427240e-002 0 -1
3.472555e-002 -1.920290e-001 
1
2
2 2 1 3 0 -1
2 3 1 1 0 3
haar_y3
-1.187209e-001 0 -1
-8.246102e-001 7.090445e-003 
1
3
5 4 2 2 0 -1
5 4 1 1 0 2
6 5 1 1 0 2
haar_x2_y2
-1.730711e-002 0 -1
1.275045e-001 -4.879840e-002 
1
2
0 1 5 4 0 -1
0 2 5 2 0 2
haar_y4
-5.444314e-002 0 -1
5.362580e-002 -1.235524e-001 
1
2
0 0 5 4 0 -1
0 2 5 2 0 2
haar_y2
-2.436262e-001 0 -1
-9.328976e-002 7.040156e-002 
1
2
1 0 1 6 0 -1
1 3 1 3 0 2
haar_y2
1.070555e-001 0 -1
2.935765e-002 -2.475621e-001 
1
2
0 2 3 3 0 -1
1 2 1 3 0 3
haar_x3
1.090745e-001 0 -1
-2.500300e-002 2.544019e-001 
1
3
4 3 4 4 0 -1
4 3 2 2 0 2
6 5 2 2 0 2
haar_x2_y2
-1.314906e-001 0 -1
-1.874783e-001 3.421256e-002 
1
2
6 2 2 1 0 -1
6 2 1 1 0 2
tilted_haar_x2
8.640802e-002 0 -1
6.401868e-003 -8.389129e-001 
1
2
4 2 4 6 0 -1
4 4 4 2 0 3
haar_y3
-6.928412e-001 0 -1
5.313944e-001 -1.285030e-002 
1
2
7 5 1 2 0 -1
7 6 1 1 0 2
haar_y2
4.463895e-002 0 -1
1.474573e-002 -4.925237e-001 
1
2
0 4 3 3 0 -1
0 5 3 1 0 3
haar_y3
-1.811169e-001 0 -1
-1.000000e+000 3.842088e-003 
1
2
1 2 6 1 0 -1
3 2 2 1 0 3
haar_x3
-1.628746e-001 0 -1
-6.135489e-001 6.566172e-003 
1
2
0 3 6 2 0 -1
0 4 6 1 0 2
haar_y2
2.850719e-001 0 -1
-8.143228e-003 7.338273e-001 
1
2
3 2 3 5 0 -1
4 2 1 5 0 3
haar_x3
-6.890534e-002 0 -1
9.419972e-002 -5.391920e-002 
1
2
1 2 6 3 0 -1
3 3 2 1 0 9
haar_point
-9.751629e-001 0 -1
-8.926486e-001 5.357113e-003 
1
2
3 7 3 1 0 -1
4 7 1 1 0 3
haar_x3
-7.926380e-003 0 -1
-1.667595e-001 3.040493e-002 
1
2
0 2 6 2 0 -1
3 2 3 2 0 2
haar_x2
-4.409708e-001 0 -1
5.800866e-001 -9.475471e-003 
1
2
0 0 8 6 0 -1
4 0 4 6 0 2
haar_x2
-1.102006e+000 0 -1
-7.401712e-001 9.758131e-003 
1
2
0 4 8 3 0 -1
4 4 4 3 0 2
haar_x2
-5.438670e-001 0 -1
4.033608e-001 -1.648274e-002 
1
2
1 0 1 8 0 -1
1 2 1 4 0 2
haar_y4
-6.343697e-002 0 -1
6.816855e-002 -8.345406e-002 
1
2
0 5 6 3 0 -1
0 6 6 1 0 3
haar_y3
-9.889552e-003 0 -1
1.068490e-001 -5.316152e-002 
1
2
1 5 5 3 0 -1
1 6 5 1 0 3
haar_y3
1.075632e-001 0 -1
-4.432622e-002 1.607912e-001 
1
2
0 7 8 1 0 -1
4 7 4 1 0 2
haar_x2
-1.467766e-001 0 -1
-3.748543e-001 1.400057e-002 
1
2
2 4 2 1 0 -1
3 4 1 1 0 2
haar_x2
4.174199e-003 0 -1
2.813687e-002 -1.964706e-001 
1
3
2 5 2 2 0 -1
2 5 1 1 0 2
3 6 1 1 0 2
haar_x2_y2
-6.157380e-004 0 -1
1.146986e-001 -5.352300e-002 
1
2
4 3 3 1 0 -1
5 3 1 1 0 3
haar_x3
-2.971666e-002 0 -1
1.696333e-001 -3.169086e-002 
1
3
1 4 2 2 0 -1
1 4 1 1 0 2
2 5 1 1 0 2
haar_x2_y2
9.703964e-003 0 -1
-5.846077e-002 9.912707e-002 
1
2
6 2 2 3 0 -1
5 3 2 1 0 3
tilted_haar_y3
-3.379615e-001 0 -1
-1.000000e+000 4.914875e-003 
1
3
6 5 2 2 0 -1
6 5 1 1 0 2
7 6 1 1 0 2
haar_x2_y2
-4.627124e-002 0 -1
5.246366e-001 -1.179394e-002 
-8.353148e-001

18
-1
