72
1
2
3 2 8 3 0 -1
3 3 8 1 0 3
haar_y3
-2.136952e-001 0 -1
4.843756e-001 -1.578094e-001 
1
2
4 1 7 2 0 -1
4 2 7 1 0 2
haar_y2
-1.129251e-001 0 -1
4.194793e-001 -1.186726e-001 
1
3
2 3 6 4 0 -1
2 3 3 2 0 2
5 5 3 2 0 2
haar_x2_y2
-4.329745e-002 0 -1
2.742752e-001 -1.425916e-001 
1
2
6 4 3 3 0 -1
6 5 3 1 0 3
haar_y3
6.933867e-002 0 -1
-6.610939e-002 4.357607e-001 
1
3
1 4 8 4 0 -1
1 4 4 2 0 2
5 6 4 2 0 2
haar_x2_y2
7.393174e-002 0 -1
-6.516466e-002 4.198113e-001 
1
3
13 2 2 6 0 -1
14 2 1 3 0 2
13 5 1 3 0 2
haar_x2_y2
1.116639e-002 0 -1
-1.835409e-001 3.156323e-001 
1
2
0 1 1 3 0 -1
0 2 1 1 0 3
haar_y3
-1.286878e-002 0 -1
-4.094086e-001 6.433285e-002 
1
2
14 1 1 3 0 -1
14 2 1 1 0 3
haar_y3
6.757123e-003 0 -1
6.331196e-002 -2.846672e-001 
1
2
0 1 1 3 0 -1
0 2 1 1 0 3
haar_y3
6.575752e-003 0 -1
8.527838e-002 -3.782187e-001 
1
2
7 2 3 6 0 -1
7 5 3 3 0 2
haar_y2
1.419775e-001 0 -1
7.219731e-002 -3.007995e-001 
1
2
4 2 4 2 0 -1
4 2 2 2 0 2
tilted_haar_x2
1.539573e-002 0 -1
7.461251e-002 -3.663206e-001 
1
2
7 2 8 6 0 -1
7 2 4 6 0 2
haar_x2
-6.589876e-001 0 -1
4.901266e-001 -2.799678e-002 
1
2
0 2 8 6 0 -1
4 2 4 6 0 2
haar_x2
-6.331693e-001 0 -1
6.991875e-001 -4.143588e-002 
1
2
10 3 4 3 0 -1
10 4 4 1 0 3
haar_y3
5.165292e-004 0 -1
-1.461558e-001 9.146237e-002 
1
2
1 0 1 2 0 -1
1 1 1 1 0 2
haar_y2
-1.818373e-004 0 -1
1.211648e-001 -2.017415e-001 
1
2
8 0 7 3 0 -1
8 1 7 1 0 3
haar_y3
7.211415e-003 0 -1
-1.719355e-001 1.393489e-001 
1
2
4 0 7 3 0 -1
4 1 7 1 0 3
haar_y3
-6.163856e-002 0 -1
3.583286e-001 -6.729250e-002 
1
2
12 0 3 3 0 -1
12 1 3 1 0 3
haar_y3
2.486104e-002 0 -1
4.127789e-002 -2.753640e-001 
1
2
0 0 8 3 0 -1
0 1 8 1 0 3
haar_y3
1.027657e-002 0 -1
-1.936194e-001 1.605893e-001 
1
2
9 5 3 3 0 -1
10 6 1 1 0 9
haar_point
-8.524934e-002 0 -1
-5.167959e-001 2.201781e-002 
1
2
3 5 3 3 0 -1
4 6 1 1 0 9
haar_point
4.889171e-002 0 -1
4.187201e-002 -5.290435e-001 
1
2
11 2 1 3 0 -1
11 3 1 1 0 3
haar_y3
3.529425e-004 0 -1
-9.211999e-002 1.459468e-001 
1
2
3 2 8 4 0 -1
3 3 8 2 0 2
haar_y4
-2.596755e-001 0 -1
5.070035e-001 -4.840905e-002 
1
2
10 0 2 2 0 -1
10 0 1 2 0 2
tilted_haar_y2
8.975818e-002 0 -1
1.489923e-002 -6.705792e-001 
1
2
3 5 9 3 0 -1
6 6 3 1 0 9
haar_point
-2.144872e-001 0 -1
3.005691e-001 -7.030386e-002 
1
2
11 5 1 3 0 -1
11 6 1 1 0 3
haar_y3
1.598281e-002 0 -1
2.455647e-002 -6.748335e-001 
1
2
6 5 2 3 0 -1
6 6 2 1 0 3
haar_y3
1.058575e-002 0 -1
-9.871753e-002 2.730641e-001 
1
2
11 5 1 3 0 -1
11 6 1 1 0 3
haar_y3
-1.743603e-002 0 -1
-4.468778e-001 2.717045e-002 
1
2
1 3 3 3 0 -1
1 4 3 1 0 3
haar_y3
2.245582e-004 0 -1
-1.662423e-001 1.285910e-001 
1
2
14 2 1 2 0 -1
14 2 1 1 0 2
tilted_haar_x2
5.031504e-004 0 -1
-1.236421e-001 1.321710e-001 
1
2
1 5 2 3 0 -1
1 6 2 1 0 3
haar_y3
-1.254542e-002 0 -1
-4.530816e-001 5.530743e-002 
1
3
10 1 4 4 0 -1
12 1 2 2 0 2
10 3 2 2 0 2
haar_x2_y2
3.906580e-002 0 -1
-7.610271e-002 2.994576e-001 
1
2
5 3 4 3 0 -1
6 3 2 3 0 2
haar_x4
3.190604e-002 0 -1
3.845802e-002 -6.014986e-001 
1
2
6 2 4 3 0 -1
7 2 2 3 0 2
haar_x4
-1.913815e-002 0 -1
-5.663243e-001 3.554575e-002 
1
2
5 2 4 3 0 -1
6 2 2 3 0 2
haar_x4
4.917575e-004 0 -1
-1.860915e-001 1.162950e-001 
1
2
14 2 1 2 0 -1
14 2 1 1 0 2
tilted_haar_x2
-5.122182e-002 0 -1
-6.182079e-001 3.917621e-003 
1
2
4 6 7 2 0 -1
4 7 7 1 0 2
haar_y2
1.659818e-002 0 -1
-1.033841e-001 2.102455e-001 
1
2
6 6 4 2 0 -1
6 7 4 1 0 2
haar_y2
-3.765566e-002 0 -1
3.498264e-001 -6.054185e-002 
1
2
1 2 2 1 0 -1
1 2 1 1 0 2
tilted_haar_x2
-2.577255e-003 0 -1
-2.170820e-001 1.183069e-001 
1
2
12 2 2 3 0 -1
12 3 2 1 0 3
haar_y3
6.073061e-002 0 -1
8.498905e-003 -7.372086e-001 
1
2
1 2 2 3 0 -1
1 3 2 1 0 3
haar_y3
8.676621e-005 0 -1
-1.360910e-001 1.856574e-001 
1
2
13 4 2 3 0 -1
13 5 2 1 0 3
haar_y3
-8.226069e-003 0 -1
-5.242052e-001 1.054967e-001 
1
2
3 3 6 3 0 -1
3 4 6 1 0 3
haar_y3
1.086648e-001 0 -1
-9.791175e-002 3.092382e-001 
1
2
8 6 3 2 0 -1
9 6 1 2 0 3
haar_x3
-9.441843e-003 0 -1
-3.490732e-001 5.019818e-002 
1
3
2 3 4 2 0 -1
2 3 2 1 0 2
4 4 2 1 0 2
haar_x2_y2
-1.576562e-002 0 -1
3.481922e-001 -6.324729e-002 
1
2
11 0 2 2 0 -1
11 0 1 2 0 2
tilted_haar_y2
7.044366e-002 0 -1
2.478497e-002 -5.587856e-001 
1
2
2 0 8 3 0 -1
4 0 4 3 0 2
haar_x4
1.235822e-001 0 -1
2.109124e-002 -9.040016e-001 
1
2
8 6 3 2 0 -1
9 6 1 2 0 3
haar_x3
2.302324e-002 0 -1
7.400231e-003 -6.037404e-001 
1
2
0 0 5 2 0 -1
0 1 5 1 0 2
haar_y2
4.693585e-002 0 -1
2.002864e-002 -8.766859e-001 
1
2
8 6 3 2 0 -1
9 6 1 2 0 3
haar_x3
1.914152e-004 0 -1
-6.571069e-002 5.235896e-002 
1
2
4 6 3 2 0 -1
5 6 1 2 0 3
haar_x3
1.879949e-002 0 -1
2.389918e-002 -8.209883e-001 
1
2
6 4 6 3 0 -1
8 4 2 3 0 3
haar_x3
1.177819e-002 0 -1
-5.637195e-002 6.554005e-002 
1
2
4 5 6 2 0 -1
7 5 3 2 0 2
haar_x2
-2.179058e-002 0 -1
2.337845e-001 -9.001601e-002 
1
3
3 3 10 4 0 -1
8 3 5 2 0 2
3 5 5 2 0 2
haar_x2_y2
9.552228e-002 0 -1
4.076889e-002 -3.748057e-001 
1
2
3 5 4 3 0 -1
5 5 2 3 0 2
haar_x2
2.401503e-002 0 -1
-8.882238e-002 2.496409e-001 
1
2
7 6 3 2 0 -1
8 6 1 2 0 3
haar_x3
-1.835560e-002 0 -1
-6.210603e-001 1.793741e-002 
1
2
1 7 12 1 0 -1
4 7 6 1 0 2
haar_x4
-4.828147e-002 0 -1
2.721198e-001 -1.001255e-001 
1
2
6 2 3 3 0 -1
6 3 3 1 0 3
haar_y3
-2.154985e-002 0 -1
1.585965e-001 -1.402402e-001 
1
2
1 4 3 3 0 -1
1 5 3 1 0 3
haar_y3
-2.961009e-002 0 -1
-6.151845e-001 3.424381e-002 
1
2
10 2 2 3 0 -1
10 3 2 1 0 3
haar_y3
2.180430e-002 0 -1
-5.759651e-002 2.808374e-001 
1
3
1 5 12 2 0 -1
1 5 6 1 0 2
7 6 6 1 0 2
haar_x2_y2
5.002679e-002 0 -1
3.506332e-002 -5.838917e-001 
1
2
9 7 6 1 0 -1
9 7 3 1 0 2
haar_x2
1.114453e-002 0 -1
-1.291476e-001 2.202109e-001 
1
2
0 6 15 1 0 -1
5 6 5 1 0 3
haar_x3
-4.278175e-002 0 -1
1.634932e-001 -1.319714e-001 
1
2
10 6 2 1 0 -1
10 6 1 1 0 2
haar_x2
3.891896e-004 0 -1
-9.369756e-002 1.061033e-001 
1
2
3 6 2 1 0 -1
4 6 1 1 0 2
haar_x2
-8.082449e-003 0 -1
-4.816314e-001 5.274304e-002 
1
2
13 5 1 2 0 -1
13 5 1 1 0 2
tilted_haar_x2
1.259975e-002 0 -1
6.223887e-002 -3.074700e-001 
1
2
2 5 2 1 0 -1
2 5 1 1 0 2
tilted_haar_x2
1.763986e-002 0 -1
4.754907e-002 -4.051387e-001 
1
2
12 5 1 2 0 -1
12 6 1 1 0 2
haar_y2
3.980389e-003 0 -1
4.050642e-002 -2.131756e-001 
1
2
0 7 15 1 0 -1
5 7 5 1 0 3
haar_x3
-4.598051e-002 0 -1
1.692602e-001 -1.254579e-001 
1
2
9 7 6 1 0 -1
9 7 3 1 0 2
haar_x2
-1.153254e-001 0 -1
4.796887e-001 -1.788822e-002 
1
2
0 7 6 1 0 -1
3 7 3 1 0 2
haar_x2
6.259293e-003 0 -1
-1.285437e-001 1.935012e-001 
1
2
8 1 6 7 0 -1
8 1 3 7 0 2
haar_x2
-1.509061e-001 0 -1
-2.337748e-001 4.146281e-002 
-1.172495e+000

7
-1
