25
1
2
0 2 1 2 0 -1
0 3 1 1 0 2
haar_y2
-1.422646e-001 0 -1
-6.780934e-001 2.229183e-001 
1
2
2 0 2 2 0 -1
2 0 1 2 0 2
haar_x2
5.315237e-002 0 -1
-4.368573e-001 1.967839e-001 
1
2
1 0 2 2 0 -1
2 0 1 2 0 2
haar_x2
4.939406e-002 0 -1
-4.475018e-001 3.303257e-001 
1
2
1 4 3 1 0 -1
2 4 1 1 0 3
haar_x3
1.225254e-001 0 -1
1.359036e-001 -5.810128e-001 
1
3
0 3 2 2 0 -1
0 3 1 1 0 2
1 4 1 1 0 2
haar_x2_y2
3.838669e-002 0 -1
-2.832606e-001 2.332437e-001 
1
2
2 4 3 1 0 -1
3 4 1 1 0 3
haar_x3
1.246615e-001 0 -1
1.120910e-001 -6.251186e-001 
1
2
1 1 3 3 0 -1
2 1 1 3 0 3
haar_x3
1.315262e-002 0 -1
3.975932e-001 -1.402080e-001 
1
2
2 4 3 1 0 -1
3 4 1 1 0 3
haar_x3
-2.092677e-001 0 -1
-5.380770e-001 1.139125e-001 
1
2
1 1 3 3 0 -1
2 2 1 1 0 9
haar_point
1.164643e+000 0 -1
-1.226641e-001 5.310357e-001 
1
2
1 0 3 4 0 -1
1 1 3 2 0 2
haar_y4
6.307610e-001 0 -1
-1.419842e-001 2.873582e-001 
1
2
2 0 1 2 0 -1
2 0 1 1 0 2
tilted_haar_y2
2.362958e-001 0 -1
8.271446e-002 -5.969154e-001 
1
2
4 3 1 2 0 -1
4 4 1 1 0 2
haar_y2
-2.655082e-001 0 -1
-7.685476e-001 2.604507e-002 
1
2
0 4 3 1 0 -1
1 4 1 1 0 3
haar_x3
1.543429e-001 0 -1
3.762767e-002 -5.974790e-001 
1
3
3 0 2 2 0 -1
4 0 1 1 0 2
3 1 1 1 0 2
haar_x2_y2
-3.978954e-002 0 -1
3.055248e-001 -1.129605e-001 
1
2
2 1 2 1 0 -1
2 1 1 1 0 2
tilted_haar_x2
-1.450495e-001 0 -1
-4.983877e-001 6.375816e-002 
1
3
2 1 2 4 0 -1
3 1 1 2 0 2
2 3 1 2 0 2
haar_x2_y2
-7.035621e-002 0 -1
1.549212e-001 -2.000216e-001 
1
3
1 1 2 4 0 -1
1 1 1 2 0 2
2 3 1 2 0 2
haar_x2_y2
-8.486766e-002 0 -1
1.506179e-001 -2.054090e-001 
1
2
4 1 1 4 0 -1
4 2 1 2 0 2
haar_y4
-2.123193e-001 0 -1
-2.512676e-001 6.491844e-002 
1
2
1 1 3 4 0 -1
1 2 3 2 0 2
haar_y4
-6.943787e-001 0 -1
4.101553e-001 -7.029451e-002 
1
2
4 1 1 4 0 -1
4 2 1 2 0 2
haar_y4
1.617482e-001 0 -1
3.168543e-002 -2.745489e-001 
1
2
0 1 1 4 0 -1
0 2 1 2 0 2
haar_y4
-1.855163e-001 0 -1
-3.484071e-001 9.200003e-002 
1
3
3 0 2 2 0 -1
4 0 1 1 0 2
3 1 1 1 0 2
haar_x2_y2
2.403267e-002 0 -1
-1.299942e-001 2.536526e-001 
1
3
0 0 2 2 0 -1
0 0 1 1 0 2
1 1 1 1 0 2
haar_x2_y2
-2.656272e-002 0 -1
2.140954e-001 -1.216784e-001 
1
3
3 2 2 2 0 -1
4 2 1 1 0 2
3 3 1 1 0 2
haar_x2_y2
-5.523321e-002 0 -1
2.308742e-001 -2.714117e-001 
1
3
0 0 2 2 0 -1
0 0 1 1 0 2
1 1 1 1 0 2
haar_x2_y2
3.442646e-002 0 -1
-9.898484e-002 2.788432e-001 
-1.305642e+000

8
-1
