134
1
2
2 2 4 4 0 -1
3 2 2 4 0 2
haar_x4
-7.085363e-002 0 -1
2.137021e-001 -2.687939e-001 
1
2
2 5 4 3 0 -1
2 6 4 1 0 3
haar_y3
-3.738339e-002 0 -1
2.655400e-001 -1.037184e-001 
1
2
3 3 2 4 0 -1
3 5 2 2 0 2
haar_y2
1.533845e-001 0 -1
-2.191699e-001 1.271104e-001 
1
2
4 1 1 3 0 -1
4 2 1 1 0 3
haar_y3
-3.540178e-002 0 -1
2.811672e-001 -2.662066e-002 
1
3
0 4 2 4 0 -1
0 4 1 2 0 2
1 6 1 2 0 2
haar_x2_y2
-1.108725e-002 0 -1
1.620023e-001 -1.467133e-001 
1
2
2 1 4 2 0 -1
3 1 2 2 0 2
haar_x4
-6.328469e-002 0 -1
-6.544421e-001 5.120518e-002 
1
2
4 5 1 2 0 -1
4 5 1 1 0 2
tilted_haar_y2
-1.876819e-002 0 -1
1.057907e-001 -1.799788e-001 
1
2
6 2 2 1 0 -1
6 2 1 1 0 2
tilted_haar_y2
4.438429e-002 0 -1
1.491489e-002 -5.060381e-001 
1
2
3 0 2 2 0 -1
3 1 2 1 0 2
haar_y2
3.088842e-002 0 -1
-6.160586e-002 2.659567e-001 
1
2
6 2 2 1 0 -1
6 2 1 1 0 2
tilted_haar_y2
-1.134149e-001 0 -1
4.252723e-001 -2.860284e-002 
1
2
2 2 1 2 0 -1
2 2 1 1 0 2
tilted_haar_y2
5.268544e-002 0 -1
3.009625e-002 -6.220744e-001 
1
2
7 0 1 8 0 -1
7 2 1 4 0 2
haar_y4
-6.783682e-003 0 -1
7.725652e-002 -2.523666e-001 
1
2
1 0 6 1 0 -1
4 0 3 1 0 2
haar_x2
-2.194069e-002 0 -1
1.750703e-001 -1.119717e-001 
1
2
6 0 2 1 0 -1
6 0 1 1 0 2
tilted_haar_y2
7.040109e-002 0 -1
2.253677e-002 -4.373339e-001 
1
2
0 0 8 1 0 -1
2 0 4 1 0 2
haar_x4
2.466550e-002 0 -1
-8.231448e-002 2.107823e-001 
1
2
2 0 6 1 0 -1
4 0 2 1 0 3
haar_x3
-1.182709e-001 0 -1
-5.866887e-001 1.076267e-003 
1
2
0 0 6 1 0 -1
2 0 2 1 0 3
haar_x3
-1.087035e-002 0 -1
1.723621e-001 -1.069278e-001 
1
2
4 0 3 2 0 -1
5 0 1 2 0 3
haar_x3
-2.531102e-002 0 -1
-3.267757e-001 4.161608e-002 
1
2
1 0 3 2 0 -1
2 0 1 2 0 3
haar_x3
-2.593256e-002 0 -1
-4.145494e-001 3.637366e-002 
1
2
0 0 8 3 0 -1
0 1 8 1 0 3
haar_y3
4.974145e-001 0 -1
1.847083e-002 -6.971145e-001 
1
3
1 1 6 6 0 -1
1 1 3 3 0 2
4 4 3 3 0 2
haar_x2_y2
-2.555318e-001 0 -1
-5.379738e-001 2.128829e-002 
1
2
4 0 3 3 0 -1
5 1 1 3 0 3
tilted_haar_y3
-1.204607e-002 0 -1
-3.271102e-002 7.122254e-002 
1
2
3 4 3 1 0 -1
4 5 1 1 0 3
tilted_haar_x3
-6.612886e-002 0 -1
-4.251471e-001 3.384805e-002 
1
2
5 3 3 3 0 -1
6 3 1 3 0 3
haar_x3
-3.980602e-002 0 -1
3.011383e-001 -6.380912e-002 
1
2
4 0 4 3 0 -1
3 1 4 1 0 3
tilted_haar_y3
-1.808046e-001 0 -1
1.749605e-001 -9.430341e-002 
1
2
7 2 1 2 0 -1
7 3 1 1 0 2
haar_y2
3.395702e-002 0 -1
2.757257e-002 -4.425856e-001 
1
3
0 0 8 6 0 -1
0 0 4 3 0 2
4 3 4 3 0 2
haar_x2_y2
1.373205e-001 0 -1
-9.855715e-002 1.570692e-001 
1
3
4 3 2 2 0 -1
5 3 1 1 0 2
4 4 1 1 0 2
haar_x2_y2
-2.160154e-002 0 -1
2.577045e-001 -6.522211e-002 
1
2
1 3 2 2 0 -1
1 4 2 1 0 2
haar_y2
1.041044e-002 0 -1
-2.004350e-001 7.754049e-002 
1
2
3 6 3 2 0 -1
4 6 1 2 0 3
haar_x3
-3.212351e-002 0 -1
-6.127461e-001 2.690409e-002 
1
2
0 3 3 2 0 -1
1 3 1 2 0 3
haar_x3
-2.378454e-002 0 -1
2.035924e-001 -8.252196e-002 
1
2
5 3 3 3 0 -1
6 3 1 3 0 3
haar_x3
5.205189e-002 0 -1
-9.414949e-002 2.235385e-001 
1
2
0 3 3 3 0 -1
1 3 1 3 0 3
haar_x3
6.307782e-002 0 -1
-7.004768e-002 2.675198e-001 
1
2
6 0 2 1 0 -1
6 0 1 1 0 2
tilted_haar_y2
9.942082e-002 0 -1
5.366415e-003 -5.562153e-001 
1
2
2 0 1 2 0 -1
2 0 1 1 0 2
tilted_haar_y2
5.269597e-002 0 -1
3.715774e-002 -4.427893e-001 
1
2
3 0 3 3 0 -1
3 1 3 1 0 3
haar_y3
-6.178626e-002 0 -1
3.010830e-001 -5.077557e-002 
1
2
0 0 8 3 0 -1
0 1 8 1 0 3
haar_y3
1.007105e-001 0 -1
-1.202942e-001 1.423356e-001 
1
2
3 6 3 2 0 -1
4 6 1 2 0 3
haar_x3
1.549185e-002 0 -1
3.489097e-002 -3.510383e-001 
1
2
2 6 3 2 0 -1
3 6 1 2 0 3
haar_x3
3.701164e-002 0 -1
1.271392e-002 -9.437286e-001 
1
2
6 3 1 4 0 -1
6 5 1 2 0 2
haar_y2
2.061196e-002 0 -1
-1.271218e-001 3.205046e-002 
1
2
1 3 1 4 0 -1
1 5 1 2 0 2
haar_y2
1.097092e-001 0 -1
3.757834e-002 -3.945638e-001 
1
2
6 0 1 8 0 -1
6 2 1 4 0 2
haar_y4
-4.094115e-002 0 -1
3.029028e-002 -5.395406e-002 
1
2
0 2 4 3 0 -1
2 2 2 3 0 2
haar_x2
-1.269954e-001 0 -1
-1.854222e-001 7.671367e-002 
1
2
2 0 6 7 0 -1
4 0 2 7 0 3
haar_x3
-1.799247e-001 0 -1
8.546462e-002 -5.827344e-002 
1
2
0 0 6 7 0 -1
2 0 2 7 0 3
haar_x3
-1.336027e-001 0 -1
1.695766e-001 -1.444663e-001 
1
2
3 0 3 1 0 -1
4 0 1 1 0 3
haar_x3
1.144237e-002 0 -1
2.912106e-002 -2.766296e-001 
1
2
3 0 4 1 0 -1
4 1 2 1 0 2
tilted_haar_x4
5.181644e-002 0 -1
-3.554007e-002 3.647063e-001 
1
2
6 0 2 8 0 -1
6 2 2 4 0 2
haar_y4
1.474440e-001 0 -1
8.837362e-003 -2.603415e-001 
1
2
0 0 2 8 0 -1
0 2 2 4 0 2
haar_y4
-4.228295e-002 0 -1
5.916240e-002 -2.049657e-001 
1
2
3 0 3 1 0 -1
4 0 1 1 0 3
haar_x3
-8.789839e-003 0 -1
-1.720545e-001 2.852226e-002 
1
2
2 0 3 1 0 -1
3 0 1 1 0 3
haar_x3
-1.805434e-002 0 -1
-5.524553e-001 2.237636e-002 
1
2
0 2 8 2 0 -1
2 2 4 2 0 2
haar_x4
-1.142633e-002 0 -1
4.009726e-002 -2.646785e-001 
1
2
1 6 6 2 0 -1
3 6 2 2 0 3
haar_x3
2.827554e-002 0 -1
-5.421045e-002 2.286005e-001 
1
2
6 2 2 4 0 -1
6 4 2 2 0 2
haar_y2
-3.259369e-002 0 -1
-2.035922e-001 2.242750e-002 
1
2
1 7 2 1 0 -1
2 7 1 1 0 2
haar_x2
1.720754e-002 0 -1
1.621916e-002 -7.625521e-001 
1
3
5 4 2 2 0 -1
6 4 1 1 0 2
5 5 1 1 0 2
haar_x2_y2
2.569061e-002 0 -1
-5.036202e-002 2.632674e-001 
1
2
2 2 4 3 0 -1
4 2 2 3 0 2
haar_x2
1.620079e-001 0 -1
-3.400742e-002 3.674316e-001 
1
2
3 6 4 2 0 -1
3 6 2 2 0 2
haar_x2
-7.562014e-002 0 -1
-2.404478e-001 1.797148e-002 
1
2
1 6 6 2 0 -1
3 6 2 2 0 3
haar_x3
-1.467100e-002 0 -1
1.367766e-001 -1.319591e-001 
1
2
4 4 3 4 0 -1
4 6 3 2 0 2
haar_y2
2.797832e-001 0 -1
2.680593e-002 -1.907255e-001 
1
3
1 0 6 4 0 -1
1 0 3 2 0 2
4 2 3 2 0 2
haar_x2_y2
-9.658486e-002 0 -1
1.990871e-001 -5.806378e-002 
1
2
7 5 1 2 0 -1
7 6 1 1 0 2
haar_y2
1.077745e-003 0 -1
-1.356741e-001 5.451652e-002 
1
2
0 1 6 1 0 -1
2 1 2 1 0 3
haar_x3
1.195921e-002 0 -1
-8.198278e-002 1.417125e-001 
1
2
4 0 2 3 0 -1
4 1 2 1 0 3
haar_y3
-1.535044e-002 0 -1
1.626348e-001 -5.655834e-002 
1
3
1 4 2 2 0 -1
1 4 1 1 0 2
2 5 1 1 0 2
haar_x2_y2
-1.294549e-002 0 -1
2.261155e-001 -5.151545e-002 
1
3
5 4 2 2 0 -1
6 4 1 1 0 2
5 5 1 1 0 2
haar_x2_y2
-7.184142e-003 0 -1
1.982013e-001 -6.921890e-002 
1
2
4 1 2 4 0 -1
4 1 1 4 0 2
tilted_haar_x2
-1.265157e-001 0 -1
-4.165705e-001 3.125132e-002 
1
2
5 5 2 1 0 -1
5 5 1 1 0 2
haar_x2
-3.613409e-003 0 -1
-9.760424e-002 7.069758e-002 
1
2
1 5 2 1 0 -1
2 5 1 1 0 2
haar_x2
1.588544e-003 0 -1
-8.726128e-002 1.572944e-001 
1
2
6 2 2 4 0 -1
6 4 2 2 0 2
haar_y2
8.294822e-002 0 -1
-5.099626e-002 4.818839e-002 
1
2
0 2 2 4 0 -1
0 4 2 2 0 2
haar_y2
9.815073e-002 0 -1
-1.035108e-001 1.364972e-001 
1
2
2 1 6 6 0 -1
4 3 2 2 0 9
haar_point
-3.628944e-001 0 -1
3.657526e-002 -1.141076e-001 
1
2
1 3 3 2 0 -1
2 3 1 2 0 3
haar_x3
-2.030066e-002 0 -1
1.809937e-001 -8.045699e-002 
1
2
3 0 3 2 0 -1
4 0 1 2 0 3
haar_x3
-2.215173e-002 0 -1
-2.973756e-001 2.369529e-002 
1
2
1 0 4 1 0 -1
3 0 2 1 0 2
haar_x2
-7.805731e-003 0 -1
1.316701e-001 -9.822265e-002 
1
2
7 5 1 2 0 -1
7 5 1 1 0 2
tilted_haar_x2
-3.371799e-002 0 -1
-1.420675e-001 3.268839e-002 
1
2
1 5 2 1 0 -1
1 5 1 1 0 2
tilted_haar_x2
-6.933205e-003 0 -1
8.749273e-002 -1.591751e-001 
1
2
4 1 3 1 0 -1
5 1 1 1 0 3
haar_x3
2.500277e-002 0 -1
1.139480e-002 -4.461960e-001 
1
2
1 1 3 1 0 -1
2 1 1 1 0 3
haar_x3
1.048611e-002 0 -1
4.315551e-002 -2.660521e-001 
1
2
4 1 3 4 0 -1
5 2 1 4 0 3
tilted_haar_y3
-5.176915e-002 0 -1
2.576718e-002 -6.813632e-002 
1
2
3 4 2 3 0 -1
3 5 2 1 0 3
haar_y3
-4.798497e-002 0 -1
2.890773e-001 -4.152480e-002 
1
2
7 6 1 2 0 -1
7 7 1 1 0 2
haar_y2
2.047273e-003 0 -1
-1.840713e-001 8.694611e-002 
1
2
1 6 4 2 0 -1
1 7 4 1 0 2
haar_y2
-2.013158e-002 0 -1
2.831681e-001 -4.732575e-002 
1
2
5 5 1 3 0 -1
5 6 1 1 0 3
haar_y3
-9.101675e-002 0 -1
-6.179810e-001 6.307432e-003 
1
2
2 5 1 3 0 -1
2 6 1 1 0 3
haar_y3
-5.712767e-003 0 -1
1.663081e-001 -9.278042e-002 
1
2
6 4 2 4 0 -1
6 5 2 2 0 2
haar_y4
9.355983e-002 0 -1
1.364964e-002 -3.969034e-001 
1
2
0 4 2 4 0 -1
0 5 2 2 0 2
haar_y4
-3.471038e-002 0 -1
-3.246008e-001 4.771094e-002 
1
2
3 3 3 1 0 -1
4 3 1 1 0 3
haar_x3
-1.776299e-002 0 -1
1.273273e-001 -8.318390e-002 
1
2
2 3 3 1 0 -1
3 3 1 1 0 3
haar_x3
-2.941293e-002 0 -1
2.466400e-001 -6.859015e-002 
1
2
1 2 6 3 0 -1
3 3 2 1 0 9
haar_point
-8.555104e-001 0 -1
-7.753354e-001 1.945575e-002 
1
2
1 0 6 4 0 -1
1 1 6 2 0 2
haar_y4
2.018510e-001 0 -1
-7.076950e-002 2.263320e-001 
1
2
2 7 4 1 0 -1
3 7 2 1 0 2
haar_x4
-2.219230e-002 0 -1
-4.764134e-001 2.686937e-002 
1
2
3 0 1 3 0 -1
2 1 1 1 0 3
tilted_haar_y3
2.217147e-002 0 -1
5.476715e-002 -2.005223e-001 
1
2
7 0 1 2 0 -1
7 1 1 1 0 2
haar_y2
3.193996e-002 0 -1
1.794526e-002 -3.516147e-001 
1
2
0 0 1 2 0 -1
0 1 1 1 0 2
haar_y2
-3.897460e-002 0 -1
-5.253696e-001 2.296953e-002 
1
3
0 3 8 2 0 -1
4 3 4 1 0 2
0 4 4 1 0 2
haar_x2_y2
-2.008515e-001 0 -1
-8.020118e-001 1.183468e-002 
1
3
1 6 2 2 0 -1
1 6 1 1 0 2
2 7 1 1 0 2
haar_x2_y2
-1.013682e-003 0 -1
1.076759e-001 -9.173418e-002 
1
2
0 7 8 1 0 -1
2 7 4 1 0 2
haar_x4
2.024940e-002 0 -1
-5.473426e-002 2.148503e-001 
1
2
0 6 8 2 0 -1
2 6 4 2 0 2
haar_x4
-2.225855e-002 0 -1
1.057142e-001 -9.327835e-002 
1
2
7 5 1 2 0 -1
7 6 1 1 0 2
haar_y2
6.555986e-002 0 -1
2.546432e-003 -9.999323e-001 
1
2
0 5 1 2 0 -1
0 6 1 1 0 2
haar_y2
4.487206e-002 0 -1
1.578317e-002 -5.961479e-001 
1
2
6 1 1 3 0 -1
6 2 1 1 0 3
haar_y3
1.578281e-002 0 -1
-4.195625e-002 1.377790e-001 
1
2
0 7 3 1 0 -1
1 7 1 1 0 3
haar_x3
2.714791e-002 0 -1
1.652101e-002 -5.865134e-001 
1
3
4 1 4 2 0 -1
6 1 2 1 0 2
4 2 2 1 0 2
haar_x2_y2
-3.489465e-002 0 -1
9.826089e-002 -5.198929e-002 
1
2
2 3 3 3 0 -1
3 4 1 1 0 9
haar_point
-1.519075e-001 0 -1
1.594051e-001 -6.423301e-002 
1
2
1 0 6 2 0 -1
3 0 2 2 0 3
haar_x3
-1.599228e-002 0 -1
1.264629e-001 -8.715277e-002 
1
3
0 1 4 2 0 -1
0 1 2 1 0 2
2 2 2 1 0 2
haar_x2_y2
-3.359204e-002 0 -1
1.572754e-001 -8.081944e-002 
1
2
5 1 2 3 0 -1
5 1 1 3 0 2
haar_x2
-5.615246e-002 0 -1
-2.290291e-001 2.878381e-002 
1
2
1 1 2 3 0 -1
2 1 1 3 0 2
haar_x2
-3.907385e-002 0 -1
-2.297979e-001 6.017034e-002 
1
2
4 0 2 3 0 -1
4 1 2 1 0 3
haar_y3
-5.931895e-002 0 -1
1.963411e-001 -2.295552e-002 
1
2
3 2 1 2 0 -1
3 2 1 1 0 2
tilted_haar_y2
-1.014305e-001 0 -1
4.173899e-001 -2.574482e-002 
1
2
6 1 2 4 0 -1
6 1 1 4 0 2
tilted_haar_y2
2.414546e-002 0 -1
-2.736584e-002 1.562219e-001 
1
2
2 1 4 2 0 -1
2 1 4 1 0 2
tilted_haar_y2
-2.319592e-001 0 -1
-3.206405e-001 3.973809e-002 
1
2
6 0 2 5 0 -1
6 0 1 5 0 2
haar_x2
9.234393e-002 0 -1
1.492886e-002 -4.121051e-001 
1
2
0 0 2 5 0 -1
1 0 1 5 0 2
haar_x2
-2.282572e-001 0 -1
6.089718e-001 -2.554931e-002 
1
2
5 1 3 2 0 -1
6 1 1 2 0 3
haar_x3
-4.502306e-002 0 -1
-3.642224e-001 1.918858e-002 
1
2
0 1 3 2 0 -1
1 1 1 2 0 3
haar_x3
-4.592412e-002 0 -1
-4.240133e-001 3.315007e-002 
1
2
4 1 1 4 0 -1
4 1 1 2 0 2
tilted_haar_x2
-1.934512e-001 0 -1
2.084304e-001 -2.674167e-002 
1
2
4 1 4 1 0 -1
4 1 2 1 0 2
tilted_haar_x2
-2.058946e-001 0 -1
3.683776e-001 -2.910934e-002 
1
2
6 3 2 2 0 -1
6 4 2 1 0 2
haar_y2
1.219539e-001 0 -1
7.350232e-003 -6.326962e-001 
1
2
0 3 2 2 0 -1
0 4 2 1 0 2
haar_y2
1.078462e-001 0 -1
1.275613e-002 -7.445291e-001 
1
2
2 2 6 5 0 -1
2 2 3 5 0 2
haar_x2
-3.460669e-002 0 -1
3.840486e-002 -9.736131e-002 
1
2
3 1 2 7 0 -1
4 1 1 7 0 2
haar_x2
-3.828463e-002 0 -1
1.820139e-001 -6.429763e-002 
1
2
2 2 6 5 0 -1
2 2 3 5 0 2
haar_x2
-4.275626e-001 0 -1
-1.467595e-001 1.922893e-002 
1
2
0 2 6 4 0 -1
3 2 3 4 0 2
haar_x2
3.560893e-001 0 -1
-1.499123e-002 7.562945e-001 
1
2
5 2 1 3 0 -1
5 3 1 1 0 3
haar_y3
-2.332544e-003 0 -1
5.104740e-002 -1.329796e-001 
1
2
2 3 3 3 0 -1
3 3 1 3 0 3
haar_x3
-1.837895e-002 0 -1
8.444081e-002 -1.339089e-001 
1
3
3 3 2 2 0 -1
4 3 1 1 0 2
3 4 1 1 0 2
haar_x2_y2
1.869940e-002 0 -1
-4.266791e-002 2.506517e-001 
1
2
2 3 3 3 0 -1
3 3 1 3 0 3
haar_x3
-1.724396e-001 0 -1
-8.460459e-001 1.260203e-002 
1
2
5 0 3 1 0 -1
6 0 1 1 0 3
haar_x3
1.277859e-002 0 -1
2.671384e-002 -3.311492e-001 
1
3
1 1 6 2 0 -1
1 1 3 1 0 2
4 2 3 1 0 2
haar_x2_y2
-4.077076e-002 0 -1
1.718997e-001 -5.794616e-002 
1
2
4 2 4 2 0 -1
5 2 2 2 0 2
haar_x4
1.767216e-001 0 -1
-6.086233e-003 7.057052e-001 
1
2
0 2 4 2 0 -1
1 2 2 2 0 2
haar_x4
1.624000e-002 0 -1
7.204819e-002 -1.458306e-001 
1
3
6 3 2 2 0 -1
7 3 1 1 0 2
6 4 1 1 0 2
haar_x2_y2
-1.670192e-002 0 -1
2.678809e-001 -4.933359e-002 
-1.133084e+000

13
-1
