17
1
2
4 1 6 4 0 -1
4 2 6 2 0 2
haar_y4
-1.819437e-001 0 -1
8.532855e-001 -2.764077e-001 
1
2
4 2 8 3 0 -1
4 3 8 1 0 3
haar_y3
-1.648651e-001 0 -1
6.283310e-001 -2.084866e-001 
1
2
3 2 9 2 0 -1
6 2 3 2 0 3
haar_x3
2.379050e-002 0 -1
-4.547307e-001 3.458573e-001 
1
2
7 0 3 7 0 -1
8 0 1 7 0 3
haar_x3
4.398002e-002 0 -1
1.100174e-001 -6.504295e-001 
1
2
0 0 3 2 0 -1
0 1 3 1 0 2
haar_y2
1.320516e-002 0 -1
1.215652e-001 -7.868388e-001 
1
2
10 2 5 4 0 -1
10 3 5 2 0 2
haar_y4
-9.592035e-002 0 -1
5.403163e-001 -1.441648e-001 
1
2
5 2 5 2 0 -1
5 3 5 1 0 2
haar_y2
6.470938e-002 0 -1
-2.123066e-001 6.776643e-001 
1
2
9 7 2 1 0 -1
9 7 1 1 0 2
haar_x2
-1.066533e-002 0 -1
-5.861884e-001 7.192787e-002 
1
2
4 7 2 1 0 -1
5 7 1 1 0 2
haar_x2
-3.430874e-004 0 -1
3.372371e-001 -3.281240e-001 
1
2
4 3 7 3 0 -1
4 4 7 1 0 3
haar_y3
1.506765e-001 0 -1
-1.350808e-001 7.565340e-001 
1
2
4 1 3 6 0 -1
5 1 1 6 0 3
haar_x3
3.209403e-002 0 -1
1.573483e-001 -7.096668e-001 
1
2
7 4 2 3 0 -1
7 5 2 1 0 3
haar_y3
2.390246e-002 0 -1
-1.995781e-001 3.512974e-001 
1
2
6 5 3 2 0 -1
7 5 1 2 0 3
haar_x3
4.198655e-003 0 -1
1.676907e-001 -6.198311e-001 
1
2
4 1 7 3 0 -1
4 2 7 1 0 3
haar_y3
-1.234454e-001 0 -1
5.875084e-001 -1.798655e-001 
1
2
2 1 2 2 0 -1
2 1 1 2 0 2
tilted_haar_x2
1.634656e-002 0 -1
-2.914863e-001 3.881594e-001 
1
2
7 1 2 3 0 -1
7 1 1 3 0 2
haar_x2
1.802931e-002 0 -1
4.126926e-002 -4.839351e-001 
1
2
6 1 2 3 0 -1
7 1 1 3 0 2
haar_x2
-1.191668e-002 0 -1
-7.000713e-001 1.302386e-001 
-1.220328e+000

7
-1
