27
1
2
0 2 6 2 0 -1
2 2 2 2 0 3
haar_x3
-2.576382e-001 0 -1
4.523402e-001 -5.423554e-001 
1
2
5 3 1 3 0 -1
5 4 1 1 0 3
haar_y3
8.913141e-002 0 -1
1.483306e-001 -6.004968e-001 
1
2
0 3 2 2 0 -1
0 4 2 1 0 2
haar_y2
2.461208e-001 0 -1
7.761389e-002 -8.162727e-001 
1
2
0 2 6 4 0 -1
0 3 6 2 0 2
haar_y4
5.279927e-001 0 -1
8.383377e-002 -7.288657e-001 
1
2
1 0 3 2 0 -1
2 0 1 2 0 3
haar_x3
-6.368500e-002 0 -1
-4.402036e-001 9.980500e-002 
1
2
0 2 6 4 0 -1
0 3 6 2 0 2
haar_y4
-7.016397e-001 0 -1
-7.698472e-001 4.562110e-002 
1
2
2 2 4 4 0 -1
2 4 4 2 0 2
haar_y2
6.711454e-001 0 -1
-2.299978e-001 1.810118e-001 
1
2
3 1 3 1 0 -1
4 1 1 1 0 3
haar_x3
-6.072868e-002 0 -1
-4.354922e-001 7.060827e-002 
1
2
2 1 3 1 0 -1
3 1 1 1 0 3
haar_x3
-6.733469e-002 0 -1
-5.104176e-001 4.869578e-002 
1
2
2 2 3 2 0 -1
3 2 1 2 0 3
haar_x3
-8.790723e-002 0 -1
1.914555e-001 -1.917467e-001 
1
2
0 5 3 1 0 -1
1 5 1 1 0 3
haar_x3
5.195535e-002 0 -1
7.001737e-002 -5.589955e-001 
1
2
2 5 3 1 0 -1
3 5 1 1 0 3
haar_x3
4.971100e-002 0 -1
2.855771e-002 -6.742858e-001 
1
2
1 2 3 3 0 -1
2 2 1 3 0 3
haar_x3
-1.038808e-001 0 -1
1.728269e-001 -1.493270e-001 
1
2
0 2 6 2 0 -1
2 2 2 2 0 3
haar_x3
-2.605189e-001 0 -1
-1.182085e-001 2.304471e-001 
1
2
2 2 4 3 0 -1
3 2 2 3 0 2
haar_x4
-1.800747e-001 0 -1
2.757526e-001 -1.116146e-001 
1
3
3 4 2 2 0 -1
3 4 1 1 0 2
4 5 1 1 0 2
haar_x2_y2
5.445834e-002 0 -1
4.965930e-002 -7.404709e-001 
1
3
4 2 2 2 0 -1
4 2 1 1 0 2
5 3 1 1 0 2
haar_x2_y2
-1.457581e-002 0 -1
1.757638e-001 -1.453113e-001 
1
2
1 5 3 1 0 -1
2 5 1 1 0 3
haar_x3
4.605925e-002 0 -1
5.274326e-002 -6.648796e-001 
1
2
3 0 3 1 0 -1
4 0 1 1 0 3
haar_x3
4.833056e-002 0 -1
3.806709e-002 -4.879873e-001 
1
2
1 0 5 3 0 -1
1 1 5 1 0 3
haar_y3
4.738537e-001 0 -1
-8.900833e-002 3.033939e-001 
1
2
1 2 1 2 0 -1
1 3 1 1 0 2
haar_y2
3.713802e-003 0 -1
-2.125104e-001 1.134511e-001 
1
2
1 2 4 4 0 -1
1 3 4 2 0 2
haar_y4
2.571584e-001 0 -1
6.189333e-002 -3.941590e-001 
1
2
2 0 3 1 0 -1
3 0 1 1 0 3
haar_x3
4.455204e-002 0 -1
6.589676e-002 -4.563147e-001 
1
3
4 0 2 2 0 -1
4 0 1 1 0 2
5 1 1 1 0 2
haar_x2_y2
5.379096e-003 0 -1
-1.474002e-001 1.441637e-001 
1
2
5 4 1 2 0 -1
5 5 1 1 0 2
haar_y2
9.598421e-002 0 -1
4.778733e-002 -4.944780e-001 
1
2
1 0 3 1 0 -1
2 0 1 1 0 3
haar_x3
3.119679e-002 0 -1
5.891677e-002 -3.267287e-001 
1
2
0 1 6 4 0 -1
0 2 6 2 0 2
haar_y4
-1.227439e+000 0 -1
-6.768797e-001 2.459006e-002 
-1.171898e+000

8
-1
