11
1
2
1 1 6 6 0 -1
3 3 2 2 0 9
haar_point
-6.463597e-001 0 -1
8.655680e-001 -7.077330e-001 
1
2
0 2 8 6 0 -1
0 5 8 3 0 2
haar_y2
3.748006e-001 0 -1
-5.272703e-001 6.231828e-001 
1
2
4 1 4 1 0 -1
5 2 2 1 0 2
tilted_haar_x4
-2.193709e-002 0 -1
3.265587e-001 -5.197712e-001 
1
2
7 2 1 6 0 -1
7 5 1 3 0 2
haar_y2
1.745428e-003 0 -1
-4.456217e-001 2.324742e-001 
1
2
0 6 1 2 0 -1
0 7 1 1 0 2
haar_y2
6.322056e-004 0 -1
-4.207183e-001 2.944125e-001 
1
2
4 0 1 3 0 -1
4 1 1 1 0 3
haar_y3
6.691020e-003 0 -1
-3.674515e-001 3.581316e-001 
1
2
1 0 6 6 0 -1
3 0 2 6 0 3
haar_x3
-1.453442e-002 0 -1
2.433434e-001 -5.766464e-001 
1
2
2 2 4 3 0 -1
2 2 2 3 0 2
haar_x2
-1.301077e-001 0 -1
7.495607e-001 -1.943596e-001 
1
2
2 3 4 2 0 -1
4 3 2 2 0 2
haar_x2
-1.207222e-001 0 -1
7.395543e-001 -1.810664e-001 
1
2
3 7 3 1 0 -1
4 7 1 1 0 3
haar_x3
-1.573354e-002 0 -1
-7.656701e-001 1.509252e-001 
1
2
0 2 1 6 0 -1
0 5 1 3 0 2
haar_y2
4.823303e-003 0 -1
-4.473326e-001 2.628942e-001 
-1.845143e+000

-1
-1
