68
1
2
2 0 4 6 0 -1
2 2 4 2 0 3
haar_y3
2.830937e-001 0 -1
-3.696707e-001 2.682032e-001 
1
2
3 2 2 4 0 -1
3 3 2 2 0 2
haar_y4
4.479810e-002 0 -1
-3.068042e-001 1.658171e-001 
1
2
2 0 4 2 0 -1
3 0 2 2 0 2
haar_x4
2.936973e-002 0 -1
-3.937263e-001 1.426497e-001 
1
2
0 1 8 2 0 -1
2 1 4 2 0 2
haar_x4
1.388695e-001 0 -1
1.665300e-001 -3.594431e-001 
1
2
2 2 4 4 0 -1
2 4 4 2 0 2
haar_y2
-4.349983e-001 0 -1
4.946312e-001 -9.539141e-002 
1
2
5 1 3 1 0 -1
6 2 1 1 0 3
tilted_haar_y3
-7.538450e-002 0 -1
-4.346294e-001 4.031708e-002 
1
2
3 1 1 3 0 -1
2 2 1 1 0 3
tilted_haar_y3
2.848402e-002 0 -1
1.011619e-001 -3.947023e-001 
1
2
7 0 1 3 0 -1
7 1 1 1 0 3
haar_y3
6.456406e-004 0 -1
-2.379488e-001 1.085480e-001 
1
2
2 1 3 2 0 -1
2 2 3 1 0 2
haar_y2
3.380024e-002 0 -1
8.690298e-002 -4.285104e-001 
1
2
2 0 4 6 0 -1
3 0 2 6 0 2
haar_x4
1.405715e-001 0 -1
-1.818759e-001 1.883809e-001 
1
2
2 6 4 1 0 -1
3 6 2 1 0 2
haar_x4
4.682769e-002 0 -1
5.015372e-002 -7.032277e-001 
1
2
6 7 2 1 0 -1
6 7 1 1 0 2
haar_x2
1.959991e-002 0 -1
4.419119e-002 -5.498320e-001 
1
3
1 6 2 2 0 -1
1 6 1 1 0 2
2 7 1 1 0 2
haar_x2_y2
9.663634e-004 0 -1
-1.889127e-001 1.455563e-001 
1
3
0 2 8 4 0 -1
4 2 4 2 0 2
0 4 4 2 0 2
haar_x2_y2
1.435211e-001 0 -1
6.669505e-002 -4.086220e-001 
1
2
1 4 6 2 0 -1
1 5 6 1 0 2
haar_y2
9.519836e-002 0 -1
-5.398923e-002 5.793563e-001 
1
2
1 3 6 3 0 -1
1 4 6 1 0 3
haar_y3
1.067712e-001 0 -1
-1.531334e-001 2.586016e-001 
1
2
0 1 7 3 0 -1
0 2 7 1 0 3
haar_y3
-1.069359e-001 0 -1
-6.828895e-001 4.466836e-002 
1
2
0 5 8 3 0 -1
0 6 8 1 0 3
haar_y3
4.338507e-002 0 -1
-1.861496e-001 1.755184e-001 
1
2
3 0 2 2 0 -1
3 1 2 1 0 2
haar_y2
2.549249e-002 0 -1
6.203385e-002 -4.522340e-001 
1
2
5 0 1 2 0 -1
5 1 1 1 0 2
haar_y2
6.891353e-004 0 -1
-1.399902e-001 8.570331e-002 
1
2
1 6 6 2 0 -1
1 7 6 1 0 2
haar_y2
1.395200e-002 0 -1
-1.825015e-001 1.347577e-001 
1
2
7 3 1 3 0 -1
7 4 1 1 0 3
haar_y3
6.048610e-002 0 -1
2.210366e-002 -7.281204e-001 
1
3
0 2 8 4 0 -1
0 2 4 2 0 2
4 4 4 2 0 2
haar_x2_y2
1.805564e-001 0 -1
3.475271e-002 -6.350872e-001 
1
2
0 0 8 3 0 -1
2 0 4 3 0 2
haar_x4
-2.629995e-001 0 -1
5.222182e-001 -5.261047e-002 
1
2
1 0 6 8 0 -1
3 0 2 8 0 3
haar_x3
1.579085e-001 0 -1
-2.235208e-001 1.416439e-001 
1
2
5 0 3 2 0 -1
6 1 1 2 0 3
tilted_haar_y3
1.388482e-001 0 -1
3.184959e-002 -4.610187e-001 
1
2
3 0 2 3 0 -1
2 1 2 1 0 3
tilted_haar_y3
-1.114169e-001 0 -1
-5.423648e-001 5.378788e-002 
1
2
6 0 2 1 0 -1
6 0 1 1 0 2
tilted_haar_y2
4.739661e-002 0 -1
2.431313e-002 -4.421610e-001 
1
2
2 0 1 2 0 -1
2 0 1 1 0 2
tilted_haar_y2
-5.607551e-004 0 -1
1.020156e-001 -2.617857e-001 
1
2
2 7 6 1 0 -1
4 7 2 1 0 3
haar_x3
-2.706974e-002 0 -1
-1.503656e-001 5.848445e-002 
1
2
0 7 2 1 0 -1
1 7 1 1 0 2
haar_x2
1.378701e-002 0 -1
5.762233e-002 -4.522796e-001 
1
2
6 0 2 1 0 -1
6 0 1 1 0 2
haar_x2
-8.871071e-002 0 -1
5.264398e-001 -1.484528e-002 
1
2
0 0 2 1 0 -1
1 0 1 1 0 2
haar_x2
-2.211958e-002 0 -1
-3.632737e-001 6.583320e-002 
1
2
3 0 4 4 0 -1
4 0 2 4 0 2
haar_x4
1.169943e-001 0 -1
-6.342094e-002 3.600076e-001 
1
2
3 1 4 3 0 -1
3 1 2 3 0 2
tilted_haar_x2
-2.336209e-001 0 -1
-9.081038e-001 2.212520e-002 
1
2
4 0 2 2 0 -1
4 1 2 1 0 2
haar_y2
2.002110e-002 0 -1
5.451426e-002 -2.067326e-001 
1
2
3 0 4 2 0 -1
4 1 2 2 0 2
tilted_haar_x4
1.889497e-001 0 -1
-1.040270e-001 2.180315e-001 
1
2
4 0 2 2 0 -1
4 1 2 1 0 2
haar_y2
-1.762959e-002 0 -1
-2.697335e-001 2.303935e-002 
1
2
0 1 8 4 0 -1
2 1 4 4 0 2
haar_x4
-1.681806e-001 0 -1
3.484607e-001 -5.958664e-002 
1
2
0 4 8 1 0 -1
0 4 4 1 0 2
haar_x2
8.630788e-002 0 -1
7.957664e-002 -2.948606e-001 
1
2
2 0 2 2 0 -1
2 1 2 1 0 2
haar_y2
-2.474408e-002 0 -1
-6.783548e-001 2.870512e-002 
1
3
6 4 2 2 0 -1
7 4 1 1 0 2
6 5 1 1 0 2
haar_x2_y2
-1.977998e-002 0 -1
2.063182e-001 -7.897604e-002 
1
2
0 0 8 8 0 -1
4 0 4 8 0 2
haar_x2
-9.800572e-001 0 -1
4.343116e-001 -5.148814e-002 
1
2
4 2 3 4 0 -1
4 3 3 2 0 2
haar_y4
-4.959437e-002 0 -1
2.293299e-001 -2.955181e-002 
1
2
1 2 3 4 0 -1
1 3 3 2 0 2
haar_y4
7.338118e-002 0 -1
-1.619831e-001 1.648813e-001 
1
3
3 2 4 6 0 -1
5 2 2 3 0 2
3 5 2 3 0 2
haar_x2_y2
-3.533594e-002 0 -1
7.022730e-002 -1.550941e-001 
1
2
0 3 1 4 0 -1
0 5 1 2 0 2
haar_y2
-8.483115e-002 0 -1
-5.126838e-001 4.106514e-002 
1
3
5 4 2 2 0 -1
6 4 1 1 0 2
5 5 1 1 0 2
haar_x2_y2
-3.234380e-002 0 -1
2.312101e-001 -4.659159e-002 
1
3
1 4 2 2 0 -1
1 4 1 1 0 2
2 5 1 1 0 2
haar_x2_y2
7.471202e-004 0 -1
-9.563535e-002 2.317387e-001 
1
2
7 3 1 2 0 -1
7 4 1 1 0 2
haar_y2
-7.270703e-004 0 -1
8.707368e-002 -1.928539e-001 
1
3
0 1 8 4 0 -1
0 1 4 2 0 2
4 3 4 2 0 2
haar_x2_y2
-8.005864e-002 0 -1
-2.531168e-001 8.591184e-002 
1
2
1 5 6 2 0 -1
1 6 6 1 0 2
haar_y2
-1.839346e-001 0 -1
5.272506e-001 -3.638462e-002 
1
3
0 5 4 2 0 -1
0 5 2 1 0 2
2 6 2 1 0 2
haar_x2_y2
3.371517e-002 0 -1
-8.933452e-002 2.229865e-001 
1
2
7 4 1 3 0 -1
7 5 1 1 0 3
haar_y3
6.556092e-002 0 -1
1.559723e-002 -5.866780e-001 
1
2
0 4 1 3 0 -1
0 5 1 1 0 3
haar_y3
5.468564e-002 0 -1
2.109527e-002 -8.880713e-001 
1
2
5 4 2 1 0 -1
5 4 1 1 0 2
haar_x2
-6.955058e-004 0 -1
8.973642e-002 -8.047301e-002 
1
2
1 4 2 1 0 -1
2 4 1 1 0 2
haar_x2
1.773748e-003 0 -1
-1.377356e-001 1.632468e-001 
1
2
7 0 1 3 0 -1
6 1 1 1 0 3
tilted_haar_x3
-1.702541e-001 0 -1
4.200570e-001 -1.850808e-002 
1
2
0 1 6 3 0 -1
2 1 2 3 0 3
haar_x3
-8.907036e-002 0 -1
2.691900e-001 -7.175567e-002 
1
2
1 4 6 2 0 -1
3 4 2 2 0 3
haar_x3
-2.124110e-001 0 -1
-7.099728e-001 2.732159e-002 
1
3
0 0 4 8 0 -1
0 0 2 4 0 2
2 4 2 4 0 2
haar_x2_y2
-4.208900e-002 0 -1
8.462905e-002 -2.393054e-001 
1
2
3 7 2 1 0 -1
3 7 1 1 0 2
haar_x2
-3.723055e-002 0 -1
-8.874043e-001 1.973692e-002 
1
2
2 7 4 1 0 -1
3 7 2 1 0 2
haar_x4
7.288257e-004 0 -1
-1.374258e-001 1.234307e-001 
1
2
4 7 2 1 0 -1
4 7 1 1 0 2
haar_x2
2.973013e-002 0 -1
2.751904e-002 -4.340086e-001 
1
2
2 7 2 1 0 -1
3 7 1 1 0 2
haar_x2
-5.554798e-004 0 -1
1.487915e-001 -1.314944e-001 
1
3
4 0 2 2 0 -1
5 0 1 1 0 2
4 1 1 1 0 2
haar_x2_y2
-7.294728e-004 0 -1
8.192191e-002 -1.087687e-001 
1
2
0 6 8 2 0 -1
0 7 8 1 0 2
haar_y2
-1.619098e-001 0 -1
3.682738e-001 -4.705351e-002 
1
2
3 0 5 3 0 -1
3 1 5 1 0 3
haar_y3
1.071579e-001 0 -1
2.677986e-002 -5.236388e-001 
-1.218351e+000

12
-1
