18
1
2
1 3 6 2 0 -1
3 3 2 2 0 3
haar_x3
-8.989248e-002 0 -1
3.897714e-001 -5.127980e-001 
1
2
5 5 1 2 0 -1
5 5 1 1 0 2
tilted_haar_y2
6.106768e-003 0 -1
1.864968e-001 -6.893925e-001 
1
2
0 4 8 4 0 -1
0 5 8 2 0 2
haar_y4
4.431923e-001 0 -1
4.827316e-002 -9.270911e-001 
1
2
1 2 7 6 0 -1
1 4 7 2 0 3
haar_y3
6.023272e-001 0 -1
6.825417e-002 -8.766377e-001 
1
2
3 7 3 1 0 -1
4 7 1 1 0 3
haar_x3
-1.153853e-002 0 -1
-6.055183e-001 9.939460e-002 
1
2
2 7 4 1 0 -1
3 7 2 1 0 2
haar_x4
1.207650e-002 0 -1
8.667336e-002 -5.564342e-001 
1
2
2 0 4 3 0 -1
2 1 4 1 0 3
haar_y3
1.642574e-001 0 -1
-1.252661e-001 4.406948e-001 
1
2
1 7 3 1 0 -1
2 7 1 1 0 3
haar_x3
1.241766e-002 0 -1
9.298299e-002 -5.604199e-001 
1
2
4 3 3 2 0 -1
5 3 1 2 0 3
haar_x3
-4.464779e-002 0 -1
4.467420e-001 -1.168602e-001 
1
2
2 1 3 1 0 -1
3 1 1 1 0 3
haar_x3
-1.449123e-002 0 -1
-4.712645e-001 9.454042e-002 
1
2
2 0 3 2 0 -1
3 0 1 2 0 3
haar_x3
2.430472e-002 0 -1
5.633400e-002 -5.613720e-001 
1
3
2 3 2 2 0 -1
2 3 1 1 0 2
3 4 1 1 0 2
haar_x2_y2
-1.412555e-002 0 -1
2.933635e-001 -1.206558e-001 
1
2
3 7 4 1 0 -1
4 7 2 1 0 2
haar_x4
2.051186e-002 0 -1
5.412003e-002 -7.456696e-001 
1
2
4 6 3 2 0 -1
5 6 1 2 0 3
haar_x3
-1.558110e-002 0 -1
-3.714700e-001 8.675206e-002 
1
2
5 3 3 2 0 -1
6 3 1 2 0 3
haar_x3
-1.696499e-002 0 -1
2.906533e-001 -1.270013e-001 
1
2
1 4 3 1 0 -1
2 4 1 1 0 3
haar_x3
-2.833985e-002 0 -1
4.328006e-001 -6.596784e-002 
1
2
0 4 1 4 0 -1
0 6 1 2 0 2
haar_y2
-6.064548e-003 0 -1
-3.928189e-001 8.583104e-002 
1
2
0 3 3 2 0 -1
1 3 1 2 0 3
haar_x3
-2.461531e-002 0 -1
3.002551e-001 -9.895771e-002 
-1.126066e+000

8
-1
