83
1
2
1 2 3 3 0 -1
1 3 3 1 0 3
haar_y3
-7.071406e-001 0 -1
4.314546e-001 -2.679030e-001 
1
2
1 0 3 4 0 -1
2 0 1 4 0 3
haar_x3
4.387751e-001 0 -1
-2.827632e-001 3.895094e-001 
1
2
2 0 1 2 0 -1
2 1 1 1 0 2
haar_y2
6.769270e-002 0 -1
1.088214e-001 -5.175754e-001 
1
2
2 0 1 4 0 -1
2 1 1 2 0 2
haar_y4
1.825886e-001 0 -1
-2.728390e-001 2.128499e-001 
1
2
0 1 1 4 0 -1
0 3 1 2 0 2
haar_y2
-4.519976e-001 0 -1
-6.512843e-001 6.113614e-002 
1
2
1 0 3 2 0 -1
1 1 3 1 0 2
haar_y2
-4.180804e-002 0 -1
-3.284653e-001 1.045343e-001 
1
2
2 0 1 2 0 -1
2 1 1 1 0 2
haar_y2
4.006914e-002 0 -1
1.393968e-001 -2.983829e-001 
1
2
2 1 2 1 0 -1
2 1 1 1 0 2
haar_x2
3.366852e-003 0 -1
-3.200273e-001 1.127152e-001 
1
2
0 1 2 1 0 -1
1 1 1 1 0 2
haar_x2
-2.213968e-003 0 -1
1.981532e-001 -1.772952e-001 
1
2
2 0 2 1 0 -1
2 0 1 1 0 2
haar_x2
1.103127e-003 0 -1
-1.244529e-001 3.806695e-002 
1
2
1 0 2 1 0 -1
2 0 1 1 0 2
haar_x2
2.997172e-003 0 -1
-3.063959e-001 1.065340e-001 
1
2
1 3 4 2 0 -1
2 3 2 2 0 2
haar_x4
9.214368e-002 0 -1
5.145384e-002 -2.795953e-001 
1
2
0 3 3 1 0 -1
1 3 1 1 0 3
haar_x3
-2.182051e-003 0 -1
1.191755e-001 -1.973201e-001 
1
2
1 1 3 2 0 -1
1 2 3 1 0 2
haar_y2
-5.710115e-001 0 -1
5.848914e-001 -4.174155e-002 
1
2
0 2 1 2 0 -1
0 3 1 1 0 2
haar_y2
-1.551374e-003 0 -1
1.109385e-001 -2.244129e-001 
1
2
4 0 1 2 0 -1
4 0 1 1 0 2
tilted_haar_x2
-4.811370e-001 0 -1
3.971662e-001 -3.166996e-002 
1
2
1 0 3 3 0 -1
2 0 1 3 0 3
haar_x3
-1.335784e-001 0 -1
4.704300e-001 -4.153494e-002 
1
2
2 1 2 1 0 -1
2 1 1 1 0 2
haar_x2
-1.266558e-003 0 -1
1.925752e-001 -5.212803e-002 
1
2
1 1 2 1 0 -1
2 1 1 1 0 2
haar_x2
3.387567e-003 0 -1
-2.228350e-001 9.428402e-002 
1
2
2 0 3 4 0 -1
3 0 1 4 0 3
haar_x3
-2.263767e-001 0 -1
1.300067e-001 -1.254399e-001 
1
3
1 1 2 2 0 -1
1 1 1 1 0 2
2 2 1 1 0 2
haar_x2_y2
-1.077936e-001 0 -1
-3.692428e-001 6.163198e-002 
1
2
3 2 2 1 0 -1
3 2 1 1 0 2
haar_x2
3.533948e-003 0 -1
-1.027029e-001 9.771166e-002 
1
3
1 3 2 2 0 -1
1 3 1 1 0 2
2 4 1 1 0 2
haar_x2_y2
1.269706e-003 0 -1
-1.433710e-001 1.573368e-001 
1
2
3 2 2 1 0 -1
3 2 1 1 0 2
haar_x2
-2.829669e-003 0 -1
1.090392e-001 -8.077642e-002 
1
2
0 2 2 1 0 -1
1 2 1 1 0 2
haar_x2
2.900924e-003 0 -1
-1.451457e-001 1.591955e-001 
1
2
4 0 1 2 0 -1
4 0 1 1 0 2
tilted_haar_x2
-1.904891e-001 0 -1
-1.008219e-001 3.782729e-002 
1
2
1 0 2 1 0 -1
1 0 1 1 0 2
tilted_haar_x2
9.107357e-001 0 -1
-2.857634e-002 8.368533e-001 
1
3
3 3 2 2 0 -1
4 3 1 1 0 2
3 4 1 1 0 2
haar_x2_y2
2.089062e-001 0 -1
3.955809e-002 -4.787823e-001 
1
3
0 3 2 2 0 -1
0 3 1 1 0 2
1 4 1 1 0 2
haar_x2_y2
3.788601e-003 0 -1
-1.955463e-001 1.164553e-001 
1
2
3 4 2 1 0 -1
3 4 1 1 0 2
haar_x2
-8.686934e-002 0 -1
-1.778164e-001 4.795784e-002 
1
2
0 4 2 1 0 -1
1 4 1 1 0 2
haar_x2
1.040143e-001 0 -1
3.990711e-002 -5.142315e-001 
1
2
3 0 2 4 0 -1
3 2 2 2 0 2
haar_y2
-5.933170e-001 0 -1
-2.668230e-001 5.378937e-002 
1
2
2 0 2 2 0 -1
2 0 2 1 0 2
tilted_haar_y2
6.525963e-001 0 -1
2.464312e-002 -5.948992e-001 
1
2
2 3 1 2 0 -1
2 4 1 1 0 2
haar_y2
2.707143e-001 0 -1
2.347399e-002 -5.906035e-001 
1
2
0 2 5 2 0 -1
0 3 5 1 0 2
haar_y2
-4.290824e-002 0 -1
-5.080429e-002 3.479747e-001 
1
2
2 0 3 4 0 -1
3 0 1 4 0 3
haar_x3
-1.352927e+000 0 -1
5.493215e-001 -1.814243e-002 
1
2
2 0 1 2 0 -1
2 1 1 1 0 2
haar_y2
-7.760552e-002 0 -1
-4.659265e-001 3.492840e-002 
1
2
1 1 3 3 0 -1
1 2 3 1 0 3
haar_y3
4.066147e-001 0 -1
-1.191328e-001 1.328806e-001 
1
2
0 1 1 2 0 -1
0 2 1 1 0 2
haar_y2
1.178344e-001 0 -1
2.586035e-002 -5.078447e-001 
1
3
1 0 4 4 0 -1
3 0 2 2 0 2
1 2 2 2 0 2
haar_x2_y2
-3.528102e-001 0 -1
-1.645268e-001 5.040660e-002 
1
2
0 0 3 4 0 -1
1 0 1 4 0 3
haar_x3
2.091249e-001 0 -1
-4.726428e-002 2.870320e-001 
1
2
2 2 3 1 0 -1
3 2 1 1 0 3
haar_x3
-1.513596e-003 0 -1
5.610135e-002 -7.232450e-002 
1
2
0 2 3 1 0 -1
1 2 1 1 0 3
haar_x3
-6.087756e-002 0 -1
1.552660e-001 -1.279495e-001 
1
2
2 0 1 4 0 -1
2 2 1 2 0 2
haar_y2
-2.722202e-001 0 -1
1.180890e-001 -1.171508e-001 
1
2
0 0 4 5 0 -1
2 0 2 5 0 2
haar_x2
1.287895e+000 0 -1
-3.793319e-002 3.848887e-001 
1
2
3 0 1 2 0 -1
3 1 1 1 0 2
haar_y2
-5.011792e-002 0 -1
-3.205322e-001 5.603438e-002 
1
2
0 2 4 3 0 -1
0 3 4 1 0 3
haar_y3
-4.652843e-001 0 -1
8.143897e-002 -1.314465e-001 
1
2
4 0 1 4 0 -1
3 1 1 2 0 2
tilted_haar_x4
3.933271e-001 0 -1
-4.444524e-002 2.046238e-001 
1
2
0 2 4 1 0 -1
1 2 2 1 0 2
haar_x4
-3.255722e-001 0 -1
5.183782e-001 -2.241650e-002 
1
2
1 1 4 1 0 -1
2 1 2 1 0 2
haar_x4
-3.762783e-003 0 -1
1.034068e-001 -4.394267e-002 
1
2
0 1 4 1 0 -1
1 1 2 1 0 2
haar_x4
3.521172e-003 0 -1
-1.407949e-001 8.020487e-002 
1
2
3 0 1 2 0 -1
3 1 1 1 0 2
haar_y2
3.194623e-003 0 -1
-8.856267e-002 5.629202e-002 
1
2
1 0 3 2 0 -1
1 1 3 1 0 2
haar_y2
1.007806e-001 0 -1
1.003354e-001 -1.485622e-001 
1
2
3 0 1 2 0 -1
3 1 1 1 0 2
haar_y2
-2.181522e-001 0 -1
4.120891e-001 -7.708136e-003 
1
2
1 0 1 2 0 -1
1 1 1 1 0 2
haar_y2
2.472326e-003 0 -1
-1.404153e-001 9.583761e-002 
1
3
3 0 2 2 0 -1
4 0 1 1 0 2
3 1 1 1 0 2
haar_x2_y2
-1.183444e-001 0 -1
2.385196e-001 -3.920390e-002 
1
2
1 0 1 2 0 -1
1 1 1 1 0 2
haar_y2
6.296860e-002 0 -1
9.308831e-002 -2.036166e-001 
1
2
4 1 1 4 0 -1
4 3 1 2 0 2
haar_y2
-3.685768e-001 0 -1
-3.599552e-001 6.988882e-002 
1
2
1 3 2 2 0 -1
1 4 2 1 0 2
haar_y2
-4.106975e-001 0 -1
4.764635e-001 -3.134570e-002 
1
3
2 1 2 4 0 -1
3 1 1 2 0 2
2 3 1 2 0 2
haar_x2_y2
-4.371693e-001 0 -1
-4.370723e-001 1.931396e-002 
1
3
1 1 2 4 0 -1
1 1 1 2 0 2
2 3 1 2 0 2
haar_x2_y2
-1.590583e-003 0 -1
6.301530e-002 -2.088014e-001 
1
2
1 1 3 2 0 -1
2 1 1 2 0 3
haar_x3
-1.760935e-003 0 -1
1.967397e-001 -5.760679e-002 
1
2
1 2 3 2 0 -1
2 2 1 2 0 3
haar_x3
-4.192412e-001 0 -1
-7.985246e-001 1.628342e-002 
1
2
1 4 4 1 0 -1
2 4 2 1 0 2
haar_x4
-5.934304e-001 0 -1
3.887695e-001 -1.538351e-002 
1
2
0 4 3 1 0 -1
1 4 1 1 0 3
haar_x3
2.190572e-001 0 -1
1.802422e-002 -6.369452e-001 
1
3
3 3 2 2 0 -1
4 3 1 1 0 2
3 4 1 1 0 2
haar_x2_y2
2.927453e-003 0 -1
-1.091121e-001 6.858104e-002 
1
2
0 4 4 1 0 -1
1 4 2 1 0 2
haar_x4
-6.630672e-001 0 -1
6.407147e-001 -1.589974e-002 
1
2
3 0 1 2 0 -1
3 1 1 1 0 2
haar_y2
-8.509539e-002 0 -1
-3.325430e-001 2.391600e-002 
1
2
1 0 1 2 0 -1
1 1 1 1 0 2
haar_y2
-9.820938e-002 0 -1
-5.072758e-001 2.074879e-002 
1
2
0 0 5 4 0 -1
0 1 5 2 0 2
haar_y4
-2.333135e-001 0 -1
4.428910e-001 -2.798736e-002 
1
2
0 3 5 2 0 -1
0 4 5 1 0 2
haar_y2
1.181370e+000 0 -1
1.839120e-002 -6.643702e-001 
1
2
3 1 1 3 0 -1
3 2 1 1 0 3
haar_y3
1.819383e-001 0 -1
-5.543201e-002 1.051691e-001 
1
3
0 3 2 2 0 -1
0 3 1 1 0 2
1 4 1 1 0 2
haar_x2_y2
1.010179e-001 0 -1
-6.169338e-002 1.745698e-001 
1
2
2 1 1 3 0 -1
2 2 1 1 0 3
haar_y3
4.041543e-001 0 -1
1.945276e-002 -5.737958e-001 
1
2
1 1 1 3 0 -1
1 2 1 1 0 3
haar_y3
1.440124e-001 0 -1
-8.125970e-002 1.259207e-001 
1
3
2 1 2 4 0 -1
3 1 1 2 0 2
2 3 1 2 0 2
haar_x2_y2
-5.241691e-003 0 -1
5.728875e-002 -1.383127e-001 
1
2
2 1 2 2 0 -1
2 1 1 2 0 2
tilted_haar_x2
5.390126e-001 0 -1
5.225881e-002 -2.408233e-001 
1
2
1 3 4 1 0 -1
1 3 2 1 0 2
haar_x2
5.523541e-001 0 -1
-1.068160e-002 6.554089e-001 
1
2
0 4 2 1 0 -1
1 4 1 1 0 2
haar_x2
-2.150977e-003 0 -1
9.384219e-002 -1.293192e-001 
1
2
0 0 5 3 0 -1
0 1 5 1 0 3
haar_y3
1.076491e+000 0 -1
-3.040657e-002 3.511651e-001 
1
2
2 0 1 2 0 -1
2 1 1 1 0 2
haar_y2
2.029678e-001 0 -1
1.347222e-002 -8.458858e-001 
1
2
4 2 1 2 0 -1
4 3 1 1 0 2
haar_y2
-2.365380e-001 0 -1
-4.212636e-001 1.604377e-002 
1
2
1 0 3 4 0 -1
2 0 1 4 0 3
haar_x3
-6.584563e-001 0 -1
7.414986e-001 -1.426843e-002 
-1.158281e+000

4
-1
