88
1
2
3 3 3 1 0 -1
4 3 1 1 0 3
haar_x3
3.669624e-002 0 -1
-2.772717e-001 3.231058e-001 
1
2
1 1 5 3 0 -1
1 2 5 1 0 3
haar_y3
-4.089381e-001 0 -1
2.278405e-001 -2.043448e-001 
1
2
0 2 3 2 0 -1
1 2 1 2 0 3
haar_x3
4.957616e-002 0 -1
-1.934144e-001 2.326888e-001 
1
2
4 5 2 1 0 -1
5 5 1 1 0 2
haar_x2
2.471608e-003 0 -1
-1.474374e-001 1.408537e-001 
1
2
0 4 1 2 0 -1
0 5 1 1 0 2
haar_y2
1.872388e-003 0 -1
-2.236865e-001 1.301441e-001 
1
2
5 0 1 6 0 -1
5 3 1 3 0 2
haar_y2
2.807099e-003 0 -1
-3.444517e-001 6.603706e-002 
1
2
2 2 3 3 0 -1
3 3 1 1 0 9
haar_point
-5.871429e-001 0 -1
3.319751e-001 -8.439725e-002 
1
2
1 0 2 1 0 -1
1 0 1 1 0 2
tilted_haar_x2
2.528879e-003 0 -1
-2.532294e-001 9.127467e-002 
1
2
0 2 1 4 0 -1
0 3 1 2 0 2
haar_y4
4.712730e-004 0 -1
-1.359732e-001 1.608861e-001 
1
2
1 2 4 4 0 -1
2 2 2 4 0 2
haar_x4
-4.646608e-001 0 -1
-4.926071e-001 4.313215e-002 
1
2
0 2 6 1 0 -1
2 2 2 1 0 3
haar_x3
-6.590357e-002 0 -1
8.029931e-002 -2.729199e-001 
1
2
3 3 3 1 0 -1
4 3 1 1 0 3
haar_x3
-3.763182e-002 0 -1
3.138495e-001 -5.622590e-002 
1
2
0 0 2 2 0 -1
1 0 1 2 0 2
haar_x2
-6.949956e-002 0 -1
-2.573671e-001 6.844727e-002 
1
2
2 0 1 2 0 -1
2 0 1 1 0 2
tilted_haar_y2
1.716577e-001 0 -1
2.510674e-002 -5.422241e-001 
1
2
1 0 4 3 0 -1
1 1 4 1 0 3
haar_y3
-2.694812e-001 0 -1
3.052535e-001 -5.939742e-002 
1
2
0 0 5 3 0 -1
0 1 5 1 0 3
haar_y3
2.485205e-001 0 -1
-1.070828e-001 2.319369e-001 
1
2
3 0 3 1 0 -1
4 0 1 1 0 3
haar_x3
-8.216305e-002 0 -1
-6.660503e-001 2.712847e-002 
1
2
1 1 3 3 0 -1
2 2 1 1 0 9
haar_point
1.728005e-001 0 -1
-4.002314e-002 4.922042e-001 
1
3
4 3 2 2 0 -1
4 3 1 1 0 2
5 4 1 1 0 2
haar_x2_y2
3.690980e-003 0 -1
-1.229832e-001 1.398335e-001 
1
2
4 5 2 1 0 -1
5 5 1 1 0 2
haar_x2
-2.158659e-003 0 -1
1.763011e-001 -8.692516e-002 
1
2
4 1 2 2 0 -1
5 1 1 2 0 2
haar_x2
1.922824e-003 0 -1
-1.887173e-001 8.786445e-002 
1
2
1 3 3 1 0 -1
2 3 1 1 0 3
haar_x3
-3.935507e-002 0 -1
1.353470e-001 -1.317171e-001 
1
2
3 0 2 1 0 -1
4 0 1 1 0 2
haar_x2
-1.862621e-003 0 -1
1.360712e-001 -1.246291e-001 
1
2
5 4 1 2 0 -1
5 5 1 1 0 2
haar_y2
2.237779e-003 0 -1
-2.344702e-001 7.637079e-002 
1
2
2 3 3 1 0 -1
3 3 1 1 0 3
haar_x3
-4.560957e-002 0 -1
1.365597e-001 -1.307845e-001 
1
2
0 3 1 2 0 -1
0 4 1 1 0 2
haar_y2
6.068313e-003 0 -1
-2.569024e-001 7.221383e-002 
1
2
5 0 1 4 0 -1
5 1 1 2 0 2
haar_y4
-3.218550e-002 0 -1
1.017568e-001 -1.603234e-001 
1
2
5 0 1 6 0 -1
5 3 1 3 0 2
haar_y2
3.607304e-001 0 -1
5.040284e-002 -3.099440e-001 
1
2
2 4 2 2 0 -1
3 4 1 2 0 2
haar_x2
-6.668684e-002 0 -1
-4.366659e-001 3.577615e-002 
1
2
2 5 2 1 0 -1
3 5 1 1 0 2
haar_x2
-2.019285e-003 0 -1
1.579247e-001 -1.252683e-001 
1
2
2 5 2 1 0 -1
3 5 1 1 0 2
haar_x2
1.934781e-003 0 -1
-1.292811e-001 1.876000e-001 
1
2
5 0 1 2 0 -1
5 1 1 1 0 2
haar_y2
-1.190808e-001 0 -1
-5.999720e-001 2.467033e-002 
1
2
0 0 3 1 0 -1
1 0 1 1 0 3
haar_x3
5.307541e-002 0 -1
2.976176e-002 -4.416546e-001 
1
2
0 2 3 2 0 -1
1 2 1 2 0 3
haar_x3
-6.501945e-002 0 -1
2.311334e-001 -6.285591e-002 
1
2
2 4 2 2 0 -1
3 4 1 2 0 2
haar_x2
7.420230e-002 0 -1
2.796397e-002 -5.609596e-001 
1
3
0 3 2 2 0 -1
0 3 1 1 0 2
1 4 1 1 0 2
haar_x2_y2
-1.686897e-003 0 -1
1.241307e-001 -1.175480e-001 
1
2
2 2 3 2 0 -1
3 2 1 2 0 3
haar_x3
1.361166e-001 0 -1
-2.721582e-002 5.134155e-001 
1
2
0 4 2 2 0 -1
1 4 1 2 0 2
haar_x2
-9.474957e-002 0 -1
-3.167274e-001 4.547212e-002 
1
2
0 0 6 4 0 -1
2 0 2 4 0 3
haar_x3
-1.944348e-001 0 -1
7.565812e-002 -2.064623e-001 
1
2
2 1 3 1 0 -1
3 1 1 1 0 3
haar_x3
-5.118090e-002 0 -1
-3.210299e-001 4.626007e-002 
1
2
2 0 2 1 0 -1
3 0 1 1 0 2
haar_x2
-2.015318e-003 0 -1
1.153040e-001 -1.266118e-001 
1
2
2 0 2 1 0 -1
3 0 1 1 0 2
haar_x2
4.772803e-003 0 -1
-9.249764e-002 1.609682e-001 
1
2
2 1 3 1 0 -1
3 1 1 1 0 3
haar_x3
-2.163692e-003 0 -1
9.591531e-002 -1.291765e-001 
1
2
0 2 2 1 0 -1
1 2 1 1 0 2
haar_x2
-2.195718e-001 0 -1
6.726101e-001 -1.829881e-002 
1
2
0 0 3 1 0 -1
1 0 1 1 0 3
haar_x3
-7.911389e-002 0 -1
-4.695584e-001 3.245509e-002 
1
2
3 2 3 1 0 -1
4 2 1 1 0 3
haar_x3
1.154889e-001 0 -1
-3.819316e-002 3.374729e-001 
1
2
1 3 4 3 0 -1
1 4 4 1 0 3
haar_y3
3.801888e-001 0 -1
-3.488285e-002 3.410570e-001 
1
2
2 3 1 3 0 -1
2 4 1 1 0 3
haar_y3
-2.647693e-002 0 -1
2.395284e-001 -5.912541e-002 
1
2
3 5 3 1 0 -1
4 5 1 1 0 3
haar_x3
4.060195e-002 0 -1
3.306849e-002 -3.675905e-001 
1
2
3 1 1 2 0 -1
3 1 1 1 0 2
tilted_haar_y2
-2.833519e-001 0 -1
6.256554e-001 -2.064001e-002 
1
2
2 0 2 2 0 -1
2 1 2 1 0 2
haar_y2
5.071909e-002 0 -1
-5.024236e-002 2.381524e-001 
1
2
2 0 1 2 0 -1
2 0 1 1 0 2
tilted_haar_y2
-7.563888e-002 0 -1
-2.443482e-001 5.606481e-002 
1
2
5 1 1 2 0 -1
5 2 1 1 0 2
haar_y2
-1.268376e-001 0 -1
-5.482062e-001 2.173931e-002 
1
2
2 5 3 1 0 -1
3 5 1 1 0 3
haar_x3
-2.056690e-003 0 -1
1.013789e-001 -1.185629e-001 
1
2
0 2 3 1 0 -1
1 2 1 1 0 3
haar_x3
-9.171402e-003 0 -1
1.334887e-001 -9.163011e-002 
1
3
0 1 2 2 0 -1
0 1 1 1 0 2
1 2 1 1 0 2
haar_x2_y2
4.102740e-002 0 -1
-5.097126e-002 2.631108e-001 
1
2
4 4 2 2 0 -1
5 4 1 2 0 2
haar_x2
7.575874e-002 0 -1
4.034343e-002 -3.110560e-001 
1
3
1 1 2 2 0 -1
1 1 1 1 0 2
2 2 1 1 0 2
haar_x2_y2
-2.200308e-002 0 -1
1.127248e-001 -1.087647e-001 
1
2
0 2 2 1 0 -1
1 2 1 1 0 2
haar_x2
-1.605867e-003 0 -1
7.624322e-002 -1.673215e-001 
1
2
1 3 3 2 0 -1
2 3 1 2 0 3
haar_x3
1.990052e-001 0 -1
-1.732587e-002 6.874789e-001 
1
2
5 1 1 3 0 -1
5 2 1 1 0 3
haar_y3
-1.745903e-003 0 -1
6.345805e-002 -1.841103e-001 
1
2
4 0 1 3 0 -1
4 1 1 1 0 3
haar_y3
-5.870407e-002 0 -1
1.809233e-001 -6.389369e-002 
1
2
3 1 2 2 0 -1
3 1 2 1 0 2
tilted_haar_y2
1.829270e-001 0 -1
-2.171167e-002 4.825776e-001 
1
2
2 1 3 3 0 -1
3 2 1 1 0 9
haar_point
-4.782018e-001 0 -1
1.481840e-001 -7.762296e-002 
1
2
2 1 3 5 0 -1
3 1 1 5 0 3
haar_x3
-4.698450e-001 0 -1
-7.335082e-001 1.810217e-002 
1
2
0 3 4 1 0 -1
2 3 2 1 0 2
haar_x2
2.094074e-002 0 -1
4.017440e-002 -2.614190e-001 
1
2
0 4 2 1 0 -1
1 4 1 1 0 2
haar_x2
2.249749e-003 0 -1
-9.639835e-002 1.452675e-001 
1
3
1 0 2 2 0 -1
1 0 1 1 0 2
2 1 1 1 0 2
haar_x2_y2
6.397186e-002 0 -1
2.042755e-002 -5.240151e-001 
1
2
0 0 6 1 0 -1
2 0 2 1 0 3
haar_x3
-5.134009e-002 0 -1
1.330789e-001 -8.561299e-002 
1
2
0 0 6 1 0 -1
2 0 2 1 0 3
haar_x3
5.738501e-002 0 -1
-7.716148e-002 1.977282e-001 
1
2
1 0 3 1 0 -1
2 0 1 1 0 3
haar_x3
7.130192e-002 0 -1
2.322467e-002 -5.299864e-001 
1
2
2 1 4 1 0 -1
2 1 2 1 0 2
tilted_haar_x2
3.286310e-001 0 -1
-1.689213e-002 7.685211e-001 
1
3
0 1 4 4 0 -1
0 1 2 2 0 2
2 3 2 2 0 2
haar_x2_y2
2.355091e-001 0 -1
4.356321e-002 -3.064744e-001 
1
3
1 4 2 2 0 -1
1 4 1 1 0 2
2 5 1 1 0 2
haar_x2_y2
-1.633788e-003 0 -1
1.468713e-001 -9.085578e-002 
1
2
2 0 3 2 0 -1
3 0 1 2 0 3
haar_x3
7.262789e-002 0 -1
2.823042e-002 -4.009881e-001 
1
2
2 3 3 1 0 -1
3 3 1 1 0 3
haar_x3
2.730892e-002 0 -1
-4.718081e-002 2.474286e-001 
1
3
4 4 2 2 0 -1
4 4 1 1 0 2
5 5 1 1 0 2
haar_x2_y2
-2.013632e-003 0 -1
1.170408e-001 -9.409185e-002 
1
3
4 4 2 2 0 -1
4 4 1 1 0 2
5 5 1 1 0 2
haar_x2_y2
2.044168e-003 0 -1
-9.670520e-002 1.177478e-001 
1
2
2 2 3 4 0 -1
2 3 3 2 0 2
haar_y4
2.439947e-001 0 -1
3.691698e-002 -2.813984e-001 
1
2
1 2 4 2 0 -1
1 3 4 1 0 2
haar_y2
3.783576e-001 0 -1
-4.046771e-002 3.160312e-001 
1
2
2 2 4 2 0 -1
4 2 2 2 0 2
haar_x2
4.374889e-002 0 -1
-1.718632e-001 6.105154e-002 
1
2
1 2 3 2 0 -1
2 2 1 2 0 3
haar_x3
8.892840e-002 0 -1
-3.813895e-002 3.390782e-001 
1
2
1 1 2 1 0 -1
2 1 1 1 0 2
haar_x2
-1.475463e-003 0 -1
8.319389e-002 -1.270781e-001 
1
2
0 1 6 1 0 -1
2 1 2 1 0 3
haar_x3
6.137816e-002 0 -1
-4.789461e-002 2.133772e-001 
1
3
3 1 2 2 0 -1
3 1 1 1 0 2
4 2 1 1 0 2
haar_x2_y2
-4.244697e-002 0 -1
3.744761e-001 -2.709175e-002 
1
2
2 1 3 1 0 -1
3 2 1 1 0 3
tilted_haar_x3
-1.518818e-001 0 -1
8.676254e-002 -1.170086e-001 
1
3
2 1 2 2 0 -1
2 1 1 1 0 2
3 2 1 1 0 2
haar_x2_y2
-1.713838e-003 0 -1
1.111188e-001 -9.611361e-002 
1
2
0 5 3 1 0 -1
1 5 1 1 0 3
haar_x3
1.501722e-002 0 -1
5.919905e-002 -1.765428e-001 
-1.039908e+000

10
-1
