64
1
2
1 5 8 3 0 -1
1 6 8 1 0 3
haar_y3
-1.395002e-001 0 -1
4.424664e-001 -2.525914e-001 
1
2
3 0 4 2 0 -1
4 0 2 2 0 2
haar_x4
2.384681e-002 0 -1
-3.242578e-001 2.879370e-001 
1
3
0 0 10 10 0 -1
0 0 5 5 0 2
5 5 5 5 0 2
haar_x2_y2
1.909289e-001 0 -1
8.649570e-002 -5.170709e-001 
1
3
0 1 10 8 0 -1
5 1 5 4 0 2
0 5 5 4 0 2
haar_x2_y2
1.437077e-001 0 -1
1.184515e-001 -4.668871e-001 
1
2
1 4 8 4 0 -1
1 6 8 2 0 2
haar_y2
-3.114981e-001 0 -1
2.542580e-001 -1.480787e-001 
1
2
5 2 4 5 0 -1
6 2 2 5 0 2
haar_x4
-3.457866e-002 0 -1
1.936618e-001 -1.339423e-001 
1
2
3 1 3 2 0 -1
3 2 3 1 0 2
haar_y2
1.746233e-002 0 -1
6.688226e-002 -5.501524e-001 
1
2
6 2 4 1 0 -1
7 3 2 1 0 2
tilted_haar_y4
-2.058243e-002 0 -1
-1.387198e-001 4.232751e-002 
1
2
1 0 4 7 0 -1
2 0 2 7 0 2
haar_x4
-4.561535e-002 0 -1
2.150368e-001 -1.849860e-001 
1
2
2 4 6 2 0 -1
2 5 6 1 0 2
haar_y2
-1.342473e-001 0 -1
4.876884e-001 -5.976308e-002 
1
2
1 6 8 2 0 -1
1 7 8 1 0 2
haar_y2
-1.077804e-001 0 -1
4.199249e-001 -7.534198e-002 
1
2
9 7 1 2 0 -1
9 7 1 1 0 2
tilted_haar_x2
-3.921411e-002 0 -1
-5.698530e-001 1.890211e-002 
1
2
2 7 6 2 0 -1
2 8 6 1 0 2
haar_y2
2.994375e-002 0 -1
-1.775546e-001 2.033354e-001 
1
2
9 7 1 2 0 -1
9 7 1 1 0 2
tilted_haar_x2
-1.846351e-002 0 -1
-1.877112e-001 4.101603e-002 
1
2
1 7 2 1 0 -1
1 7 1 1 0 2
tilted_haar_x2
-1.696046e-002 0 -1
-4.578924e-001 7.856570e-002 
1
2
7 0 3 4 0 -1
7 1 3 2 0 2
haar_y4
7.355670e-003 0 -1
-1.490541e-001 1.313342e-001 
1
2
4 1 1 4 0 -1
3 2 1 2 0 2
tilted_haar_y4
2.642127e-002 0 -1
5.396627e-002 -5.036637e-001 
1
2
6 1 3 1 0 -1
7 2 1 1 0 3
tilted_haar_y3
-3.478497e-002 0 -1
-6.031680e-001 3.158924e-002 
1
2
3 1 4 4 0 -1
3 3 4 2 0 2
haar_y2
-4.503246e-002 0 -1
-5.414232e-001 4.456492e-002 
1
2
7 0 3 4 0 -1
7 1 3 2 0 2
haar_y4
-4.740424e-002 0 -1
-6.883911e-001 9.483120e-003 
1
2
0 0 3 4 0 -1
0 1 3 2 0 2
haar_y4
1.167514e-002 0 -1
-1.515104e-001 1.867271e-001 
1
2
7 2 3 8 0 -1
7 6 3 4 0 2
haar_y2
-2.688183e-001 0 -1
-3.681146e-001 4.740643e-002 
1
2
3 0 1 3 0 -1
2 1 1 1 0 3
tilted_haar_y3
9.875048e-003 0 -1
7.378668e-002 -3.084750e-001 
1
3
6 8 4 2 0 -1
8 8 2 1 0 2
6 9 2 1 0 2
haar_x2_y2
7.016554e-003 0 -1
-1.613167e-001 1.992175e-001 
1
2
2 6 2 3 0 -1
2 7 2 1 0 3
haar_y3
1.573211e-002 0 -1
-8.588770e-002 2.823388e-001 
1
2
7 0 3 2 0 -1
8 1 1 2 0 3
tilted_haar_y3
-7.302189e-002 0 -1
-6.728051e-001 1.799132e-002 
1
2
3 0 2 3 0 -1
2 1 2 1 0 3
tilted_haar_y3
-4.188337e-002 0 -1
-4.585856e-001 4.674973e-002 
1
2
7 2 3 8 0 -1
7 6 3 4 0 2
haar_y2
2.496241e-002 0 -1
4.312167e-002 -2.760716e-001 
1
2
0 2 3 8 0 -1
0 6 3 4 0 2
haar_y2
-3.264723e-001 0 -1
-7.989030e-001 3.146725e-002 
1
2
5 6 3 1 0 -1
6 6 1 1 0 3
haar_x3
-1.311486e-002 0 -1
2.246052e-001 -6.145283e-002 
1
2
2 6 3 1 0 -1
3 6 1 1 0 3
haar_x3
2.897756e-003 0 -1
-1.041035e-001 2.082870e-001 
1
3
6 6 2 2 0 -1
7 6 1 1 0 2
6 7 1 1 0 2
haar_x2_y2
3.156299e-003 0 -1
-6.143015e-002 1.328930e-001 
1
2
0 6 5 2 0 -1
0 7 5 1 0 2
haar_y2
1.066840e-001 0 -1
3.408633e-002 -6.735915e-001 
1
2
4 6 4 3 0 -1
5 6 2 3 0 2
haar_x4
-4.008667e-002 0 -1
-3.570425e-001 3.549394e-002 
1
3
2 6 2 2 0 -1
2 6 1 1 0 2
3 7 1 1 0 2
haar_x2_y2
6.408829e-003 0 -1
-7.704883e-002 2.618168e-001 
1
2
4 7 4 2 0 -1
5 7 2 2 0 2
haar_x4
4.142509e-002 0 -1
2.709727e-002 -6.430115e-001 
1
2
2 7 4 2 0 -1
3 7 2 2 0 2
haar_x4
4.339515e-002 0 -1
2.125423e-002 -8.091841e-001 
1
2
9 5 1 3 0 -1
9 6 1 1 0 3
haar_y3
2.920565e-002 0 -1
9.409890e-003 -6.786645e-001 
1
2
2 0 7 2 0 -1
2 0 7 1 0 2
tilted_haar_y2
1.343895e-001 0 -1
3.632526e-002 -5.114073e-001 
1
2
6 2 4 2 0 -1
6 2 2 2 0 2
haar_x2
-2.993998e-002 0 -1
2.295718e-001 -6.350637e-002 
1
2
5 0 5 3 0 -1
4 1 5 1 0 3
tilted_haar_y3
1.442448e-002 0 -1
-2.405111e-001 1.006320e-001 
1
2
5 0 4 1 0 -1
5 0 2 1 0 2
haar_x2
4.876389e-003 0 -1
-2.272587e-001 1.267637e-001 
1
2
1 0 4 1 0 -1
3 0 2 1 0 2
haar_x2
-6.572787e-002 0 -1
8.800198e-001 -2.772282e-002 
1
2
5 0 1 2 0 -1
5 1 1 1 0 2
haar_y2
5.108202e-003 0 -1
7.164577e-002 -3.584331e-001 
1
2
0 2 4 2 0 -1
2 2 2 2 0 2
haar_x2
2.808288e-002 0 -1
-9.185895e-002 2.596549e-001 
1
2
4 1 4 4 0 -1
5 1 2 4 0 2
haar_x4
2.620772e-002 0 -1
-8.119389e-002 1.381417e-001 
1
2
0 4 2 2 0 -1
0 5 2 1 0 2
haar_y2
-2.233026e-003 0 -1
1.156659e-001 -1.876964e-001 
1
2
2 4 8 3 0 -1
2 5 8 1 0 3
haar_y3
5.187266e-002 0 -1
-1.123894e-001 1.180199e-001 
1
2
1 5 8 2 0 -1
1 6 8 1 0 2
haar_y2
1.746689e-002 0 -1
-5.293411e-002 4.927195e-001 
1
2
9 5 1 3 0 -1
9 6 1 1 0 3
haar_y3
-3.143151e-002 0 -1
-2.248219e-001 1.701776e-002 
1
2
4 0 2 4 0 -1
4 1 2 2 0 2
haar_y4
-1.711807e-002 0 -1
-4.236963e-001 4.881239e-002 
1
3
4 1 6 4 0 -1
7 1 3 2 0 2
4 3 3 2 0 2
haar_x2_y2
2.810074e-002 0 -1
-1.075714e-001 1.615022e-001 
1
2
0 5 1 3 0 -1
0 6 1 1 0 3
haar_y3
2.216670e-002 0 -1
2.757905e-002 -7.434044e-001 
1
3
7 3 2 2 0 -1
8 3 1 1 0 2
7 4 1 1 0 2
haar_x2_y2
-4.277606e-004 0 -1
9.527563e-002 -7.293905e-002 
1
3
1 3 2 2 0 -1
1 3 1 1 0 2
2 4 1 1 0 2
haar_x2_y2
8.283313e-003 0 -1
-5.926531e-002 3.378714e-001 
1
2
9 4 1 4 0 -1
9 5 1 2 0 2
haar_y4
-3.483247e-002 0 -1
-2.721712e-001 1.911632e-002 
1
3
0 3 10 4 0 -1
0 3 5 2 0 2
5 5 5 2 0 2
haar_x2_y2
7.123606e-002 0 -1
6.355625e-002 -3.154037e-001 
1
2
7 2 3 4 0 -1
7 2 3 2 0 2
tilted_haar_x2
6.457216e-002 0 -1
-1.486017e-001 4.798101e-002 
1
2
4 0 2 1 0 -1
5 0 1 1 0 2
haar_x2
-2.357607e-003 0 -1
1.963184e-001 -1.061187e-001 
1
2
6 0 4 2 0 -1
6 0 2 2 0 2
tilted_haar_y2
1.453998e-001 0 -1
4.847806e-002 -3.998377e-001 
1
2
0 7 9 3 0 -1
0 8 9 1 0 3
haar_y3
1.518679e-002 0 -1
-1.384744e-001 1.344241e-001 
1
2
2 5 8 2 0 -1
2 6 8 1 0 2
haar_y2
-1.799656e-001 0 -1
-3.836713e-001 3.324552e-002 
1
2
5 0 1 3 0 -1
4 1 1 1 0 3
tilted_haar_y3
1.450321e-002 0 -1
5.029731e-002 -3.923276e-001 
1
2
9 1 1 3 0 -1
8 2 1 1 0 3
tilted_haar_x3
7.939000e-003 0 -1
-3.860739e-002 1.004762e-001 
-1.168954e+000

9
-1
