82
1
2
1 3 6 3 0 -1
3 4 2 1 0 9
haar_point
-3.084899e-001 0 -1
2.196167e-001 -2.634830e-001 
1
2
2 1 6 4 0 -1
2 2 6 2 0 2
haar_y4
-1.058485e-001 0 -1
1.632466e-001 -2.576672e-001 
1
2
4 4 1 4 0 -1
4 6 1 2 0 2
haar_y2
2.138870e-002 0 -1
-4.231960e-001 6.258155e-002 
1
2
5 2 3 2 0 -1
6 3 1 2 0 3
tilted_haar_x3
9.207654e-002 0 -1
-1.225392e-002 5.813830e-001 
1
2
5 4 3 1 0 -1
6 4 1 1 0 3
haar_x3
2.718177e-002 0 -1
-1.217113e-001 2.918073e-001 
1
2
4 7 3 1 0 -1
5 7 1 1 0 3
haar_x3
-1.450718e-002 0 -1
-4.743984e-001 4.328528e-002 
1
2
5 4 3 1 0 -1
6 4 1 1 0 3
haar_x3
-1.738952e-002 0 -1
3.320739e-001 -6.348697e-002 
1
2
4 2 4 2 0 -1
6 2 2 2 0 2
haar_x2
6.366462e-004 0 -1
-2.985319e-001 6.789809e-002 
1
3
0 3 2 2 0 -1
0 3 1 1 0 2
1 4 1 1 0 2
haar_x2_y2
1.895159e-002 0 -1
-7.513331e-002 2.752702e-001 
1
2
0 4 3 1 0 -1
1 4 1 1 0 3
haar_x3
-1.756522e-002 0 -1
2.612799e-001 -8.108277e-002 
1
2
3 0 1 3 0 -1
2 1 1 1 0 3
tilted_haar_y3
-6.775542e-002 0 -1
-4.669950e-001 6.391353e-002 
1
2
1 4 3 1 0 -1
2 4 1 1 0 3
haar_x3
-1.874601e-002 0 -1
2.612701e-001 -8.444066e-002 
1
2
5 2 2 4 0 -1
5 2 2 2 0 2
tilted_haar_y2
-2.353332e-001 0 -1
1.066566e-001 -2.147934e-001 
1
2
5 0 3 1 0 -1
6 0 1 1 0 3
haar_x3
1.644279e-002 0 -1
5.315266e-002 -4.827815e-001 
1
2
6 0 2 1 0 -1
7 0 1 1 0 2
haar_x2
-6.495146e-004 0 -1
1.714008e-001 -1.245805e-001 
1
2
3 4 3 1 0 -1
4 5 1 1 0 3
tilted_haar_x3
3.211337e-002 0 -1
6.346199e-002 -3.083508e-001 
1
2
2 6 3 2 0 -1
3 6 1 2 0 3
haar_x3
-2.836182e-002 0 -1
-4.874009e-001 4.089551e-002 
1
2
2 7 3 1 0 -1
3 7 1 1 0 3
haar_x3
9.819606e-003 0 -1
4.835834e-002 -3.928484e-001 
1
2
3 2 3 3 0 -1
4 2 1 3 0 3
haar_x3
4.150581e-002 0 -1
-4.551652e-002 4.250797e-001 
1
2
3 3 3 2 0 -1
4 3 1 2 0 3
haar_x3
-3.608620e-002 0 -1
1.680451e-001 -1.330115e-001 
1
2
3 1 3 2 0 -1
4 1 1 2 0 3
haar_x3
-1.806770e-002 0 -1
-2.458576e-001 8.183514e-002 
1
2
0 3 3 2 0 -1
0 4 3 1 0 2
haar_y2
1.143733e-001 0 -1
3.242058e-002 -4.886212e-001 
1
2
4 7 3 1 0 -1
5 7 1 1 0 3
haar_x3
9.367352e-003 0 -1
4.535992e-002 -3.697611e-001 
1
3
0 2 2 2 0 -1
0 2 1 1 0 2
1 3 1 1 0 2
haar_x2_y2
1.793770e-002 0 -1
-5.985890e-002 2.811671e-001 
1
2
1 1 5 3 0 -1
1 2 5 1 0 3
haar_y3
1.324159e-001 0 -1
-6.380387e-002 2.715706e-001 
1
2
2 0 4 3 0 -1
3 0 2 3 0 2
haar_x4
4.093152e-002 0 -1
4.312595e-002 -4.383620e-001 
1
2
1 1 2 1 0 -1
2 1 1 1 0 2
haar_x2
8.754677e-004 0 -1
-1.118537e-001 1.543817e-001 
1
2
1 1 3 1 0 -1
2 1 1 1 0 3
haar_x3
1.047674e-002 0 -1
5.966760e-002 -3.149742e-001 
1
2
6 1 1 6 0 -1
6 4 1 3 0 2
haar_y2
8.291976e-004 0 -1
-2.502890e-001 7.256573e-002 
1
2
5 3 3 1 0 -1
6 4 1 1 0 3
tilted_haar_x3
-7.964645e-002 0 -1
3.570394e-001 -4.086770e-002 
1
2
6 4 2 4 0 -1
6 5 2 2 0 2
haar_y4
6.831650e-002 0 -1
5.057886e-002 -3.191245e-001 
1
2
7 2 1 4 0 -1
7 3 1 2 0 2
haar_y4
-4.129345e-004 0 -1
9.166599e-002 -1.911392e-001 
1
2
0 4 8 4 0 -1
0 6 8 2 0 2
haar_y2
8.285145e-001 0 -1
2.695044e-002 -6.331084e-001 
1
2
2 1 1 2 0 -1
2 1 1 1 0 2
tilted_haar_y2
-2.678632e-002 0 -1
-2.478740e-001 5.823919e-002 
1
2
2 3 1 2 0 -1
2 3 1 1 0 2
tilted_haar_y2
-1.519599e-001 0 -1
7.136344e-001 -2.739551e-002 
1
2
0 4 2 4 0 -1
0 5 2 2 0 2
haar_y4
7.992888e-002 0 -1
4.423980e-002 -3.895784e-001 
1
2
4 0 3 1 0 -1
5 0 1 1 0 3
haar_x3
1.627542e-002 0 -1
2.773831e-002 -4.712419e-001 
1
3
3 2 2 2 0 -1
3 2 1 1 0 2
4 3 1 1 0 2
haar_x2_y2
1.820979e-002 0 -1
-5.763664e-002 2.826310e-001 
1
3
2 3 2 2 0 -1
2 3 1 1 0 2
3 4 1 1 0 2
haar_x2_y2
-1.407126e-002 0 -1
1.823050e-001 -6.979629e-002 
1
2
2 3 4 5 0 -1
3 3 2 5 0 2
haar_x4
-2.665225e-001 0 -1
-9.287143e-001 1.476534e-002 
1
2
1 3 6 1 0 -1
3 3 2 1 0 3
haar_x3
-1.579524e-002 0 -1
5.911354e-002 -2.338773e-001 
1
2
4 1 3 3 0 -1
3 2 3 1 0 3
tilted_haar_y3
1.758702e-001 0 -1
-2.066563e-002 6.916641e-001 
1
2
1 2 2 6 0 -1
1 5 2 3 0 2
haar_y2
6.964352e-002 0 -1
-2.304314e-001 6.864234e-002 
1
2
6 3 2 3 0 -1
5 4 2 1 0 3
tilted_haar_y3
-2.050705e-001 0 -1
-5.928839e-001 2.031467e-002 
1
2
2 0 1 2 0 -1
2 0 1 1 0 2
tilted_haar_y2
6.794372e-002 0 -1
1.771837e-002 -6.155586e-001 
1
3
6 5 2 2 0 -1
6 5 1 1 0 2
7 6 1 1 0 2
haar_x2_y2
7.522207e-004 0 -1
-1.044935e-001 1.248696e-001 
1
2
3 1 4 3 0 -1
2 2 4 1 0 3
tilted_haar_y3
2.490997e-001 0 -1
-2.644155e-002 4.827384e-001 
1
2
4 5 4 1 0 -1
6 5 2 1 0 2
haar_x2
1.473256e-001 0 -1
-2.357433e-002 4.950137e-001 
1
2
7 5 1 2 0 -1
7 5 1 1 0 2
tilted_haar_y2
-4.641186e-004 0 -1
8.513096e-002 -1.639822e-001 
1
2
7 2 1 6 0 -1
7 5 1 3 0 2
haar_y2
1.777179e-001 0 -1
3.224841e-002 -4.171603e-001 
1
2
4 5 2 3 0 -1
5 5 1 3 0 2
haar_x2
-3.057643e-002 0 -1
-5.618840e-001 2.336757e-002 
1
2
1 0 4 6 0 -1
1 3 4 3 0 2
haar_y2
3.290843e-001 0 -1
2.345526e-002 -4.750134e-001 
1
2
1 1 4 1 0 -1
2 1 2 1 0 2
haar_x4
-2.411909e-002 0 -1
-3.323989e-001 3.281873e-002 
1
2
2 0 6 2 0 -1
5 0 3 2 0 2
haar_x2
5.052034e-002 0 -1
-7.414532e-002 1.689527e-001 
1
2
1 0 6 2 0 -1
4 0 3 2 0 2
haar_x2
-4.341647e-002 0 -1
1.535199e-001 -1.018747e-001 
1
2
0 0 6 2 0 -1
3 0 3 2 0 2
haar_x2
5.084622e-002 0 -1
-6.476530e-002 1.816736e-001 
1
2
0 2 2 1 0 -1
1 2 1 1 0 2
haar_x2
-7.327191e-004 0 -1
9.133285e-002 -1.446998e-001 
1
2
0 0 2 6 0 -1
1 0 1 6 0 2
haar_x2
5.264089e-003 0 -1
-9.102281e-002 1.439850e-001 
1
2
2 0 3 1 0 -1
3 0 1 1 0 3
haar_x3
1.147861e-002 0 -1
4.617934e-002 -2.993623e-001 
1
2
1 5 2 1 0 -1
1 5 1 1 0 2
tilted_haar_x2
-4.105974e-002 0 -1
-2.554580e-001 4.959481e-002 
1
2
3 0 3 3 0 -1
3 1 3 1 0 3
haar_y3
-6.745486e-002 0 -1
3.099560e-001 -4.808160e-002 
1
2
4 0 2 3 0 -1
4 1 2 1 0 3
haar_y3
2.039700e-002 0 -1
-1.294588e-001 1.138877e-001 
1
2
7 1 1 2 0 -1
7 2 1 1 0 2
haar_y2
-4.248942e-002 0 -1
-4.856175e-001 2.739876e-002 
1
3
4 3 2 2 0 -1
4 3 1 1 0 2
5 4 1 1 0 2
haar_x2_y2
2.142334e-002 0 -1
-5.446338e-002 2.353669e-001 
1
2
4 3 3 1 0 -1
5 3 1 1 0 3
haar_x3
4.250875e-002 0 -1
-3.583730e-002 3.749794e-001 
1
2
6 4 1 2 0 -1
6 4 1 1 0 2
tilted_haar_y2
-4.653175e-003 0 -1
7.704501e-002 -2.029289e-001 
1
2
3 0 3 1 0 -1
4 0 1 1 0 3
haar_x3
7.420282e-003 0 -1
5.500048e-002 -2.380495e-001 
1
2
0 0 4 1 0 -1
1 0 2 1 0 2
haar_x4
-6.421109e-004 0 -1
1.221099e-001 -1.172563e-001 
1
2
4 0 4 1 0 -1
5 0 2 1 0 2
haar_x4
-6.814700e-004 0 -1
1.142383e-001 -1.267553e-001 
1
3
6 4 2 2 0 -1
6 4 1 1 0 2
7 5 1 1 0 2
haar_x2_y2
1.037082e-003 0 -1
-1.013012e-001 1.267321e-001 
1
3
6 4 2 2 0 -1
6 4 1 1 0 2
7 5 1 1 0 2
haar_x2_y2
-1.083393e-002 0 -1
1.984045e-001 -7.676116e-002 
1
2
5 0 3 3 0 -1
6 0 1 3 0 3
haar_x3
-5.221508e-002 0 -1
-3.880981e-001 3.437155e-002 
1
3
1 4 2 2 0 -1
1 4 1 1 0 2
2 5 1 1 0 2
haar_x2_y2
-5.883697e-004 0 -1
1.396814e-001 -9.289698e-002 
1
2
4 1 3 3 0 -1
5 2 1 3 0 3
tilted_haar_x3
-1.270848e-001 0 -1
1.245777e-001 -1.176407e-001 
1
2
4 3 3 3 0 -1
5 3 1 3 0 3
haar_x3
-4.427020e-002 0 -1
2.100449e-001 -6.266403e-002 
1
2
3 7 2 1 0 -1
4 7 1 1 0 2
haar_x2
1.077499e-002 0 -1
3.380707e-002 -4.160104e-001 
1
2
5 1 3 2 0 -1
6 1 1 2 0 3
haar_x3
1.948015e-002 0 -1
4.583581e-002 -2.395174e-001 
1
2
1 2 6 6 0 -1
4 2 3 6 0 2
haar_x2
4.321074e-001 0 -1
-3.232259e-002 3.791444e-001 
1
2
0 4 6 1 0 -1
3 4 3 1 0 2
haar_x2
1.233462e-002 0 -1
5.332218e-002 -2.580563e-001 
1
2
0 0 8 8 0 -1
2 0 4 8 0 2
haar_x4
1.677224e-001 0 -1
-2.995987e-002 4.705414e-001 
1
2
2 0 6 7 0 -1
5 0 3 7 0 2
haar_x2
1.093493e-001 0 -1
-1.138902e-001 1.078340e-001 
1
2
4 3 4 2 0 -1
6 3 2 2 0 2
haar_x2
9.544761e-002 0 -1
9.749044e-002 -1.503065e-001 
-9.773858e-001

12
-1
