33
1
2
3 1 8 4 0 -1
3 2 8 2 0 2
haar_y4
-1.259976e-001 0 -1
4.931104e-001 -3.217540e-001 
1
2
9 1 6 6 0 -1
11 3 2 2 0 9
haar_point
-2.802444e-001 0 -1
5.157251e-001 -1.814200e-001 
1
2
0 4 4 3 0 -1
0 5 4 1 0 3
haar_y3
-2.361110e-002 0 -1
-6.145859e-001 1.066019e-001 
1
2
11 5 4 3 0 -1
11 6 4 1 0 3
haar_y3
-3.771017e-002 0 -1
-7.006461e-001 8.128280e-002 
1
2
0 5 3 3 0 -1
0 6 3 1 0 3
haar_y3
-2.751776e-002 0 -1
-6.981552e-001 8.256788e-002 
1
2
9 0 2 6 0 -1
9 0 1 6 0 2
tilted_haar_y2
8.952854e-002 0 -1
4.204625e-004 -7.390329e-001 
1
2
6 0 6 2 0 -1
6 0 6 1 0 2
tilted_haar_y2
-1.942408e-002 0 -1
-3.863973e-001 1.585612e-001 
1
2
7 1 3 3 0 -1
7 2 3 1 0 3
haar_y3
2.635564e-002 0 -1
-9.811158e-002 3.572319e-001 
1
2
5 2 4 2 0 -1
5 3 4 1 0 2
haar_y2
5.466124e-002 0 -1
-1.249862e-001 5.409791e-001 
1
2
12 0 3 2 0 -1
12 0 3 1 0 2
tilted_haar_x2
2.330351e-002 0 -1
-8.923203e-002 1.513285e-001 
1
3
0 2 4 6 0 -1
0 2 2 3 0 2
2 5 2 3 0 2
haar_x2_y2
3.287114e-002 0 -1
-1.802164e-001 2.552747e-001 
1
2
7 2 4 4 0 -1
7 4 4 2 0 2
haar_y2
1.073818e-002 0 -1
-2.813784e-001 1.413469e-001 
1
2
1 0 2 1 0 -1
1 0 1 1 0 2
tilted_haar_x2
-2.387962e-003 0 -1
-3.627472e-001 1.056811e-001 
1
2
0 6 15 2 0 -1
5 6 5 2 0 3
haar_x3
2.674404e-001 0 -1
-6.307789e-002 5.544376e-001 
1
3
1 2 6 6 0 -1
1 2 3 3 0 2
4 5 3 3 0 2
haar_x2_y2
-6.973009e-002 0 -1
3.815743e-001 -1.219882e-001 
1
2
11 1 3 3 0 -1
12 2 1 1 0 9
haar_point
1.421051e-001 0 -1
1.448949e-002 -9.681762e-001 
1
2
1 1 3 3 0 -1
2 2 1 1 0 9
haar_point
3.147386e-003 0 -1
-1.627549e-001 2.301246e-001 
1
2
6 4 3 3 0 -1
7 4 1 3 0 3
haar_x3
-2.502361e-002 0 -1
-7.593052e-001 4.617376e-002 
1
2
6 5 3 2 0 -1
7 5 1 2 0 3
haar_x3
1.193412e-002 0 -1
4.267889e-002 -6.622880e-001 
1
2
11 3 2 3 0 -1
11 4 2 1 0 3
haar_y3
1.526205e-004 0 -1
-2.035587e-001 1.583725e-001 
1
2
5 3 4 3 0 -1
5 4 4 1 0 3
haar_y3
-6.417485e-002 0 -1
5.500407e-001 -7.454308e-002 
1
2
0 3 15 1 0 -1
5 3 5 1 0 3
haar_x3
-9.448539e-002 0 -1
3.197766e-001 -1.072652e-001 
1
2
2 3 3 3 0 -1
2 4 3 1 0 3
haar_y3
5.114477e-004 0 -1
-2.154959e-001 1.750837e-001 
1
2
3 1 9 4 0 -1
6 1 3 4 0 3
haar_x3
1.151263e-002 0 -1
-2.383107e-001 1.469787e-001 
1
3
0 0 14 2 0 -1
0 0 7 1 0 2
7 1 7 1 0 2
haar_x2_y2
5.178039e-002 0 -1
7.881735e-002 -5.071909e-001 
1
2
10 0 5 2 0 -1
10 1 5 1 0 2
haar_y2
1.352989e-002 0 -1
6.363255e-002 -4.498754e-001 
1
2
3 5 4 3 0 -1
4 5 2 3 0 2
haar_x4
-1.666152e-002 0 -1
-4.627986e-001 6.629866e-002 
1
2
14 0 1 3 0 -1
14 1 1 1 0 3
haar_y3
-5.678004e-003 0 -1
-3.492322e-001 1.020555e-001 
1
2
4 1 3 3 0 -1
4 2 3 1 0 3
haar_y3
2.508574e-002 0 -1
-9.820051e-002 3.510347e-001 
1
2
4 0 8 3 0 -1
4 1 8 1 0 3
haar_y3
3.888520e-002 0 -1
-1.622192e-001 2.432224e-001 
1
2
3 2 1 3 0 -1
3 3 1 1 0 3
haar_y3
2.355253e-004 0 -1
-1.684075e-001 2.539394e-001 
1
2
8 0 1 8 0 -1
8 4 1 4 0 2
haar_y2
-5.539559e-002 0 -1
-7.558650e-001 4.840009e-002 
1
2
0 2 1 3 0 -1
0 3 1 1 0 3
haar_y3
1.728420e-002 0 -1
5.042078e-002 -6.701613e-001 
-1.156786e+000

3
-1
