118
1
3
3 3 2 2 0 -1
3 3 1 1 0 2
4 4 1 1 0 2
haar_x2_y2
-4.638923e-002 0 -1
3.483553e-001 -1.669547e-001 
1
2
1 1 5 3 0 -1
1 2 5 1 0 3
haar_y3
-3.647747e-001 0 -1
2.393584e-001 -2.061265e-001 
1
2
0 3 3 1 0 -1
1 3 1 1 0 3
haar_x3
9.317410e-002 0 -1
-1.066622e-001 3.397829e-001 
1
2
0 1 6 4 0 -1
0 2 6 2 0 2
haar_y4
-8.143666e-001 0 -1
2.700879e-001 -8.668390e-002 
1
2
1 0 4 3 0 -1
1 1 4 1 0 3
haar_y3
-2.730542e-001 0 -1
3.509673e-001 -6.820581e-002 
1
2
3 0 3 3 0 -1
2 1 3 1 0 3
tilted_haar_y3
-3.097902e-001 0 -1
1.219788e-001 -1.677637e-001 
1
3
0 0 6 6 0 -1
0 0 3 3 0 2
3 3 3 3 0 2
haar_x2_y2
-5.346063e-001 0 -1
-3.388972e-001 9.753413e-002 
1
2
0 0 1 6 0 -1
0 3 1 3 0 2
haar_y2
-1.146645e-001 0 -1
-3.973842e-001 1.106235e-002 
1
2
0 0 5 3 0 -1
0 1 5 1 0 3
haar_y3
2.407384e-001 0 -1
-9.890972e-002 1.918150e-001 
1
2
0 0 2 1 0 -1
1 0 1 1 0 2
haar_x2
4.940606e-002 0 -1
6.624056e-002 -4.857312e-001 
1
2
1 1 4 5 0 -1
2 1 2 5 0 2
haar_x4
-6.389189e-002 0 -1
2.811634e-002 -2.546826e-001 
1
2
1 3 3 1 0 -1
2 3 1 1 0 3
haar_x3
7.033911e-002 0 -1
-3.306471e-002 4.505596e-001 
1
2
2 5 3 1 0 -1
3 5 1 1 0 3
haar_x3
-3.747887e-002 0 -1
-3.754216e-001 4.998251e-002 
1
2
2 2 3 2 0 -1
3 2 1 2 0 3
haar_x3
7.851939e-002 0 -1
-2.469161e-002 4.455764e-001 
1
2
2 2 3 4 0 -1
3 2 1 4 0 3
haar_x3
-6.489138e-002 0 -1
8.881537e-002 -1.678833e-001 
1
2
1 0 3 1 0 -1
2 0 1 1 0 3
haar_x3
-5.908793e-002 0 -1
-4.569535e-001 4.169543e-002 
1
2
2 0 3 2 0 -1
3 0 1 2 0 3
haar_x3
-9.076710e-002 0 -1
-3.592335e-001 3.488775e-002 
1
2
2 0 3 2 0 -1
3 0 1 2 0 3
haar_x3
5.647177e-002 0 -1
4.421930e-002 -3.213698e-001 
1
2
3 3 3 1 0 -1
4 3 1 1 0 3
haar_x3
-2.012503e-001 0 -1
6.697724e-001 -2.199667e-002 
1
2
4 3 2 1 0 -1
5 3 1 1 0 2
haar_x2
-1.581892e-003 0 -1
1.745078e-001 -9.217101e-002 
1
2
3 3 3 1 0 -1
4 3 1 1 0 3
haar_x3
-3.850196e-002 0 -1
2.156778e-001 -6.238776e-002 
1
2
3 5 3 1 0 -1
4 5 1 1 0 3
haar_x3
-3.474978e-002 0 -1
-3.181014e-001 4.875138e-002 
1
3
4 4 2 2 0 -1
4 4 1 1 0 2
5 5 1 1 0 2
haar_x2_y2
-2.206095e-002 0 -1
-2.136073e-001 7.386734e-002 
1
2
3 1 3 2 0 -1
4 2 1 2 0 3
tilted_haar_x3
-2.441170e-001 0 -1
8.951510e-002 -1.469975e-001 
1
2
4 0 2 3 0 -1
4 0 1 3 0 2
tilted_haar_x2
3.938605e-001 0 -1
3.679094e-002 -3.225171e-001 
1
2
3 3 3 3 0 -1
4 4 1 1 0 9
haar_point
2.292500e-002 0 -1
1.401492e-001 -9.495467e-002 
1
2
2 5 2 1 0 -1
3 5 1 1 0 2
haar_x2
3.004399e-002 0 -1
3.550053e-002 -3.556866e-001 
1
2
5 2 1 4 0 -1
5 4 1 2 0 2
haar_y2
2.273943e-002 0 -1
-2.393575e-001 4.553841e-002 
1
2
5 0 1 2 0 -1
5 1 1 1 0 2
haar_y2
-1.287785e-001 0 -1
-5.476742e-001 2.245978e-002 
1
2
0 0 6 1 0 -1
3 0 3 1 0 2
haar_x2
7.255767e-002 0 -1
-7.612174e-002 1.731140e-001 
1
2
3 1 3 1 0 -1
4 1 1 1 0 3
haar_x3
-2.243589e-003 0 -1
1.032536e-001 -1.176083e-001 
1
2
0 2 2 1 0 -1
1 2 1 1 0 2
haar_x2
-2.176342e-001 0 -1
6.674103e-001 -1.911290e-002 
1
2
0 0 3 2 0 -1
1 0 1 2 0 3
haar_x3
-8.331487e-002 0 -1
-2.968176e-001 5.018117e-002 
1
2
0 1 3 1 0 -1
1 1 1 1 0 3
haar_x3
-2.039664e-003 0 -1
1.204002e-001 -1.267449e-001 
1
2
2 1 1 2 0 -1
2 1 1 1 0 2
tilted_haar_y2
-9.656942e-002 0 -1
-1.807886e-001 7.282012e-002 
1
2
2 2 2 2 0 -1
2 2 1 2 0 2
tilted_haar_x2
-2.384529e-001 0 -1
-3.058953e-001 4.854351e-002 
1
2
5 1 1 2 0 -1
5 2 1 1 0 2
haar_y2
-1.371738e-001 0 -1
-5.241654e-001 1.982589e-002 
1
3
1 1 2 2 0 -1
1 1 1 1 0 2
2 2 1 1 0 2
haar_x2_y2
2.911507e-002 0 -1
-4.221945e-002 2.687277e-001 
1
2
0 5 2 1 0 -1
1 5 1 1 0 2
haar_x2
2.809326e-002 0 -1
3.606427e-002 -2.817668e-001 
1
2
4 1 1 3 0 -1
3 2 1 1 0 3
tilted_haar_y3
-2.966307e-001 0 -1
1.765843e-001 -5.779389e-002 
1
2
1 5 2 1 0 -1
2 5 1 1 0 2
haar_x2
-3.326540e-002 0 -1
-2.488070e-001 4.091711e-002 
1
2
1 5 3 1 0 -1
2 5 1 1 0 3
haar_x3
6.530862e-002 0 -1
1.302190e-002 -6.741532e-001 
1
2
2 5 2 1 0 -1
3 5 1 1 0 2
haar_x2
-1.554890e-003 0 -1
1.072676e-001 -8.791626e-002 
1
2
0 4 1 2 0 -1
0 5 1 1 0 2
haar_y2
2.813498e-003 0 -1
-1.483597e-001 6.498335e-002 
1
2
0 3 2 1 0 -1
1 3 1 1 0 2
haar_x2
-1.332174e-001 0 -1
3.785151e-001 -2.741619e-002 
1
2
3 2 3 4 0 -1
3 3 3 2 0 2
haar_y4
-4.315907e-002 0 -1
-1.353690e-001 8.205497e-002 
1
2
3 1 2 4 0 -1
3 2 2 2 0 2
haar_y4
-4.982303e-001 0 -1
4.655200e-001 -2.300910e-002 
1
2
0 2 6 2 0 -1
0 3 6 1 0 2
haar_y2
-2.092353e-001 0 -1
3.865573e-001 -2.435725e-002 
1
3
0 3 2 2 0 -1
0 3 1 1 0 2
1 4 1 1 0 2
haar_x2_y2
-1.692046e-003 0 -1
1.199699e-001 -9.429732e-002 
1
2
1 0 3 4 0 -1
1 2 3 2 0 2
haar_y2
4.482816e-001 0 -1
1.543969e-002 -7.053199e-001 
1
2
0 5 2 1 0 -1
1 5 1 1 0 2
haar_x2
2.091754e-003 0 -1
-8.946811e-002 1.208933e-001 
1
2
3 0 3 1 0 -1
4 0 1 1 0 3
haar_x3
7.947111e-002 0 -1
1.580924e-002 -5.814898e-001 
1
3
2 4 2 2 0 -1
2 4 1 1 0 2
3 5 1 1 0 2
haar_x2_y2
-1.537093e-002 0 -1
-1.790362e-001 5.371110e-002 
1
2
1 1 3 4 0 -1
2 1 1 4 0 3
haar_x3
-8.040017e-002 0 -1
1.039077e-001 -1.172262e-001 
1
2
2 2 3 1 0 -1
3 3 1 1 0 3
tilted_haar_x3
-3.658039e-001 0 -1
-5.854121e-001 1.647975e-002 
1
3
0 2 2 2 0 -1
0 2 1 1 0 2
1 3 1 1 0 2
haar_x2_y2
-2.931987e-002 0 -1
1.933586e-001 -5.214514e-002 
1
2
3 0 3 2 0 -1
4 0 1 2 0 3
haar_x3
-8.077885e-002 0 -1
-2.368390e-001 4.223772e-002 
1
2
3 2 3 2 0 -1
4 2 1 2 0 3
haar_x3
-8.128278e-002 0 -1
1.960579e-001 -5.410092e-002 
1
3
4 3 2 2 0 -1
4 3 1 1 0 2
5 4 1 1 0 2
haar_x2_y2
2.500825e-003 0 -1
-7.414889e-002 1.245775e-001 
1
2
4 4 2 2 0 -1
4 5 2 1 0 2
haar_y2
1.630026e-001 0 -1
2.880060e-002 -3.180119e-001 
1
2
0 1 2 1 0 -1
1 1 1 1 0 2
haar_x2
7.985123e-002 0 -1
8.940454e-003 -7.564492e-001 
1
2
5 1 1 2 0 -1
5 2 1 1 0 2
haar_y2
-8.910595e-004 0 -1
7.057007e-002 -1.063449e-001 
1
2
4 0 1 3 0 -1
4 1 1 1 0 3
haar_y3
-9.265430e-002 0 -1
2.329694e-001 -3.780193e-002 
1
3
4 3 2 2 0 -1
4 3 1 1 0 2
5 4 1 1 0 2
haar_x2_y2
-4.922318e-002 0 -1
1.809081e-001 -4.815442e-002 
1
2
2 0 1 2 0 -1
2 1 1 1 0 2
haar_y2
1.763986e-003 0 -1
-6.480645e-002 1.333392e-001 
1
2
0 0 5 4 0 -1
0 1 5 2 0 2
haar_y4
-1.573224e-001 0 -1
7.989488e-002 -1.218979e-001 
1
2
5 1 1 2 0 -1
5 1 1 1 0 2
tilted_haar_y2
-4.930574e-002 0 -1
-2.460156e-001 3.469926e-002 
1
2
1 0 4 6 0 -1
2 0 2 6 0 2
haar_x4
8.532893e-002 0 -1
-2.862988e-002 2.980748e-001 
1
2
1 0 2 2 0 -1
2 0 1 2 0 2
haar_x2
6.906676e-002 0 -1
3.032097e-002 -3.642138e-001 
1
2
3 4 2 1 0 -1
4 4 1 1 0 2
haar_x2
-4.391282e-002 0 -1
-5.383146e-001 1.403450e-002 
1
2
1 0 4 4 0 -1
2 0 2 4 0 2
haar_x4
-5.662299e-001 0 -1
-6.711035e-001 9.162082e-003 
1
2
1 2 2 2 0 -1
2 2 1 2 0 2
haar_x2
-2.694160e-001 0 -1
4.219385e-001 -1.933950e-002 
1
2
2 2 3 2 0 -1
3 2 1 2 0 3
haar_x3
-1.425802e-001 0 -1
1.177723e-001 -5.973671e-002 
1
2
0 1 3 2 0 -1
1 1 1 2 0 3
haar_x3
3.509525e-002 0 -1
6.623355e-002 -1.365907e-001 
1
2
0 0 3 5 0 -1
1 0 1 5 0 3
haar_x3
5.488515e-002 0 -1
-8.766536e-002 1.048210e-001 
1
2
2 3 3 1 0 -1
3 3 1 1 0 3
haar_x3
1.503259e-002 0 -1
-4.076940e-002 2.026121e-001 
1
2
2 5 3 1 0 -1
3 5 1 1 0 3
haar_x3
-1.706560e-002 0 -1
-1.323570e-001 5.202734e-002 
1
2
0 4 6 2 0 -1
2 4 2 2 0 3
haar_x3
-9.432422e-001 0 -1
4.087028e-001 -2.256902e-002 
1
2
0 5 3 1 0 -1
1 5 1 1 0 3
haar_x3
-5.050614e-002 0 -1
-2.853926e-001 3.116958e-002 
1
2
0 5 2 1 0 -1
1 5 1 1 0 2
haar_x2
-1.756432e-003 0 -1
9.237677e-002 -8.765477e-002 
1
3
0 2 4 4 0 -1
0 2 2 2 0 2
2 4 2 2 0 2
haar_x2_y2
-4.046918e-002 0 -1
-2.143977e-001 3.847359e-002 
1
3
1 3 2 2 0 -1
1 3 1 1 0 2
2 4 1 1 0 2
haar_x2_y2
-1.264381e-002 0 -1
1.783480e-001 -4.524061e-002 
1
2
4 2 2 1 0 -1
5 2 1 1 0 2
haar_x2
7.039538e-002 0 -1
3.987597e-002 -1.953875e-001 
1
2
4 1 2 2 0 -1
5 1 1 2 0 2
haar_x2
1.973926e-003 0 -1
-1.417146e-001 6.037422e-002 
1
2
3 1 3 3 0 -1
4 2 1 1 0 9
haar_point
3.383209e-001 0 -1
-2.709247e-002 3.102672e-001 
1
2
1 0 4 3 0 -1
1 1 4 1 0 3
haar_y3
4.817329e-001 0 -1
-2.977816e-002 2.487953e-001 
1
2
0 1 6 2 0 -1
0 2 6 1 0 2
haar_y2
-7.719039e-001 0 -1
-7.288859e-001 1.209539e-002 
1
2
1 4 2 1 0 -1
2 4 1 1 0 2
haar_x2
3.762704e-003 0 -1
-6.123921e-002 1.236916e-001 
1
2
2 2 2 2 0 -1
2 2 1 2 0 2
tilted_haar_x2
-3.300839e-001 0 -1
-4.499248e-001 1.905841e-002 
1
2
4 2 1 2 0 -1
4 3 1 1 0 2
haar_y2
1.873969e-003 0 -1
-1.479717e-001 5.221520e-002 
1
2
5 4 1 2 0 -1
5 5 1 1 0 2
haar_y2
1.341333e-002 0 -1
-1.161502e-001 7.603788e-002 
1
2
5 2 1 2 0 -1
5 2 1 1 0 2
tilted_haar_y2
-1.263914e-001 0 -1
-2.197960e-001 3.882631e-002 
1
2
4 3 2 1 0 -1
4 3 1 1 0 2
tilted_haar_x2
8.033935e-002 0 -1
-1.065369e-002 8.023900e-001 
1
2
0 0 1 4 0 -1
0 1 1 2 0 2
haar_y4
-3.717726e-002 0 -1
9.308586e-002 -7.924183e-002 
1
3
1 0 2 2 0 -1
1 0 1 1 0 2
2 1 1 1 0 2
haar_x2_y2
5.299079e-002 0 -1
2.270692e-002 -3.282901e-001 
1
2
0 0 6 1 0 -1
2 0 2 1 0 3
haar_x3
-2.793729e-001 0 -1
3.357756e-001 -2.280763e-002 
1
2
1 1 4 2 0 -1
2 1 2 2 0 2
haar_x4
-1.432812e-001 0 -1
-1.444001e-001 6.240157e-002 
1
2
4 0 2 3 0 -1
3 1 2 1 0 3
tilted_haar_y3
-3.767389e-001 0 -1
1.184148e-001 -8.041304e-002 
1
2
0 1 3 4 0 -1
0 3 3 2 0 2
haar_y2
6.347657e-001 0 -1
2.420206e-002 -3.358532e-001 
1
3
1 2 4 2 0 -1
1 2 2 1 0 2
3 3 2 1 0 2
haar_x2_y2
-3.041193e-001 0 -1
-8.688141e-001 7.318743e-003 
1
2
0 4 2 2 0 -1
1 4 1 2 0 2
haar_x2
-6.037661e-001 0 -1
7.055544e-001 -1.221636e-002 
1
2
3 5 2 1 0 -1
4 5 1 1 0 2
haar_x2
-4.229116e-002 0 -1
-4.928797e-001 1.740422e-002 
1
2
2 4 2 2 0 -1
3 4 1 2 0 2
haar_x2
1.090906e-001 0 -1
9.339323e-003 -6.181152e-001 
1
2
0 0 5 2 0 -1
0 1 5 1 0 2
haar_y2
7.536033e-002 0 -1
-4.905025e-002 1.464092e-001 
1
2
0 2 4 1 0 -1
2 2 2 1 0 2
haar_x2
-1.709322e-001 0 -1
-1.310622e-001 5.900884e-002 
1
2
0 2 1 2 0 -1
0 3 1 1 0 2
haar_y2
-5.094916e-002 0 -1
2.503686e-001 -3.251652e-002 
1
2
4 0 2 4 0 -1
4 0 2 2 0 2
tilted_haar_y2
-5.292442e-001 0 -1
1.116026e-001 -9.457396e-002 
1
2
1 0 5 4 0 -1
1 2 5 2 0 2
haar_y2
8.749512e-001 0 -1
7.295309e-003 -9.807227e-001 
1
2
2 3 4 1 0 -1
4 3 2 1 0 2
haar_x2
3.406966e-001 0 -1
-2.909109e-002 2.939541e-001 
1
2
2 4 3 2 0 -1
3 4 1 2 0 3
haar_x3
-1.194900e-001 0 -1
-2.706813e-001 3.245355e-002 
1
2
0 2 5 4 0 -1
0 3 5 2 0 2
haar_y4
3.678490e-001 0 -1
2.073301e-002 -3.176372e-001 
1
2
0 2 5 2 0 -1
0 3 5 1 0 2
haar_y2
4.245937e-001 0 -1
-2.662798e-002 3.476319e-001 
1
2
1 2 5 3 0 -1
1 3 5 1 0 3
haar_y3
4.862294e-001 0 -1
1.469768e-002 -6.349966e-001 
1
2
3 0 3 6 0 -1
3 3 3 3 0 2
haar_y2
1.023348e+000 0 -1
2.376225e-002 -2.504191e-001 
1
2
1 4 4 1 0 -1
2 4 2 1 0 2
haar_x4
-2.032390e-001 0 -1
3.945517e-001 -1.911902e-002 
1
2
4 0 2 2 0 -1
5 0 1 2 0 2
haar_x2
8.720481e-002 0 -1
3.375024e-002 -2.159538e-001 
1
2
3 2 3 1 0 -1
4 2 1 1 0 3
haar_x3
-8.220515e-002 0 -1
2.240645e-001 -3.247021e-002 
1
2
3 2 2 1 0 -1
4 2 1 1 0 2
haar_x2
9.128788e-004 0 -1
-1.470610e-001 5.698396e-002 
-9.864688e-001

10
-1
