23
1
2
2 1 5 2 0 -1
2 1 5 1 0 2
tilted_haar_y2
-1.066239e-001 0 -1
3.771141e-001 -5.704420e-001 
1
2
4 2 3 3 0 -1
3 3 3 1 0 3
tilted_haar_x3
1.557886e-001 0 -1
-7.675936e-002 5.365367e-001 
1
2
4 5 2 1 0 -1
4 5 1 1 0 2
tilted_haar_x2
-1.520327e-003 0 -1
2.320373e-001 -5.670696e-001 
1
2
2 0 4 3 0 -1
2 1 4 1 0 3
haar_y3
1.370800e-001 0 -1
-1.682876e-001 4.961267e-001 
1
2
0 4 4 1 0 -1
1 4 2 1 0 2
haar_x4
3.516112e-002 0 -1
-1.478200e-001 4.614314e-001 
1
2
3 0 3 1 0 -1
4 0 1 1 0 3
haar_x3
2.068971e-002 0 -1
1.113604e-001 -7.024227e-001 
1
2
0 2 4 6 0 -1
0 4 4 2 0 3
haar_y3
4.550945e-001 0 -1
1.075657e-002 -8.858957e-001 
1
2
4 0 2 1 0 -1
4 0 1 1 0 2
haar_x2
-7.969529e-004 0 -1
1.285256e-001 -2.140559e-001 
1
2
0 2 7 3 0 -1
0 3 7 1 0 3
haar_y3
-1.151829e-001 0 -1
2.609001e-001 -2.336752e-001 
1
2
4 0 2 1 0 -1
4 0 1 1 0 2
haar_x2
-1.624712e-002 0 -1
-5.735273e-001 8.683515e-002 
1
2
2 0 2 1 0 -1
3 0 1 1 0 2
haar_x2
6.687538e-004 0 -1
-2.931633e-001 1.828578e-001 
1
2
5 3 3 2 0 -1
6 3 1 2 0 3
haar_x3
4.673566e-002 0 -1
-9.285930e-002 4.328316e-001 
1
2
0 3 3 2 0 -1
1 3 1 2 0 3
haar_x3
-1.946750e-002 0 -1
3.440079e-001 -1.321216e-001 
1
2
5 6 2 2 0 -1
5 6 1 2 0 2
haar_x2
1.682561e-002 0 -1
4.728960e-002 -4.647421e-001 
1
2
2 0 3 2 0 -1
3 0 1 2 0 3
haar_x3
2.033420e-002 0 -1
7.697256e-002 -5.843773e-001 
1
2
5 3 3 3 0 -1
6 3 1 3 0 3
haar_x3
-2.916944e-002 0 -1
3.059565e-001 -1.072765e-001 
1
2
0 3 3 3 0 -1
1 3 1 3 0 3
haar_x3
6.266066e-002 0 -1
-1.056421e-001 3.780428e-001 
1
2
5 6 2 2 0 -1
5 6 1 2 0 2
haar_x2
-2.892321e-002 0 -1
-4.175874e-001 5.908739e-002 
1
2
1 6 2 2 0 -1
2 6 1 2 0 2
haar_x2
2.159542e-002 0 -1
6.168307e-002 -6.542894e-001 
1
2
3 3 3 2 0 -1
4 3 1 2 0 3
haar_x3
-1.514504e-002 0 -1
1.815846e-001 -2.655174e-001 
1
2
1 7 3 1 0 -1
2 7 1 1 0 3
haar_x3
-1.258555e-002 0 -1
-4.743030e-001 1.022249e-001 
1
2
7 6 1 2 0 -1
7 7 1 1 0 2
haar_y2
5.632007e-004 0 -1
-3.033506e-001 1.275793e-001 
1
2
0 0 1 4 0 -1
0 2 1 2 0 2
haar_y2
2.830889e-002 0 -1
1.088666e-001 -3.963316e-001 
-1.247524e+000

8
-1
