9
1
2
2 4 5 6 0 -1
2 6 5 2 0 3
haar_y3
-2.776564e-001 0 -1
6.507939e-001 -5.036609e-001 
1
2
2 1 6 6 0 -1
4 3 2 2 0 9
haar_point
3.954380e-001 0 -1
-5.117708e-001 4.674649e-001 
1
2
3 0 2 1 0 -1
4 0 1 1 0 2
haar_x2
2.290848e-003 0 -1
-6.257630e-001 3.000095e-001 
1
2
2 0 8 10 0 -1
2 5 8 5 0 2
haar_y2
-5.529802e-001 0 -1
2.647370e-001 -5.434349e-001 
1
2
0 2 2 7 0 -1
1 2 1 7 0 2
haar_x2
-1.088074e-002 0 -1
3.014177e-001 -5.110597e-001 
1
2
3 0 5 4 0 -1
3 2 5 2 0 2
haar_y2
-3.794998e-002 0 -1
-8.296286e-001 1.926780e-001 
1
2
5 0 4 1 0 -1
5 0 2 1 0 2
tilted_haar_x2
1.283556e-002 0 -1
-5.437303e-001 2.596183e-001 
1
2
0 6 10 2 0 -1
0 7 10 1 0 2
haar_y2
6.834175e-002 0 -1
-2.490011e-001 5.900411e-001 
1
2
2 3 6 6 0 -1
2 6 6 3 0 2
haar_y2
-4.066591e-001 0 -1
5.297833e-001 -3.692580e-001 
-1.214438e+000

2
-1
