27
1
2
1 0 4 8 0 -1
1 2 4 4 0 2
haar_y4
-9.910217e-002 0 -1
2.887869e-001 -3.819430e-001 
1
2
5 3 5 3 0 -1
5 4 5 1 0 3
haar_y3
8.642508e-002 0 -1
-2.374654e-001 3.514416e-001 
1
2
5 2 4 3 0 -1
5 3 4 1 0 3
haar_y3
9.693970e-002 0 -1
-1.003824e-001 6.915671e-001 
1
2
8 1 2 5 0 -1
8 1 1 5 0 2
tilted_haar_y2
-3.004083e-002 0 -1
-1.786121e-001 1.317547e-001 
1
2
0 0 8 6 0 -1
2 0 4 6 0 2
haar_x4
-7.568319e-002 0 -1
2.974997e-001 -2.074285e-001 
1
2
12 6 1 2 0 -1
12 7 1 1 0 2
haar_y2
9.464795e-003 0 -1
4.383293e-002 -7.214572e-001 
1
2
2 5 3 3 0 -1
2 6 3 1 0 3
haar_y3
2.860052e-002 0 -1
9.656529e-002 -6.320052e-001 
1
2
11 5 3 3 0 -1
12 6 1 1 0 9
haar_point
4.390580e-002 0 -1
7.524186e-002 -5.549680e-001 
1
2
1 5 3 3 0 -1
2 6 1 1 0 9
haar_point
-3.101026e-002 0 -1
-6.441640e-001 1.087180e-001 
1
2
7 1 4 3 0 -1
7 2 4 1 0 3
haar_y3
1.036002e-001 0 -1
-9.624287e-002 4.966736e-001 
1
2
3 1 6 7 0 -1
5 1 2 7 0 3
haar_x3
1.117040e-001 0 -1
7.087834e-002 -8.500788e-001 
1
3
5 6 10 2 0 -1
10 6 5 1 0 2
5 7 5 1 0 2
haar_x2_y2
2.850402e-002 0 -1
-1.644997e-001 2.623594e-001 
1
2
0 0 2 3 0 -1
0 1 2 1 0 3
haar_y3
2.532360e-002 0 -1
7.941522e-002 -7.096109e-001 
1
2
0 2 15 6 0 -1
5 4 5 2 0 9
haar_point
1.619195e+000 0 -1
-7.353535e-002 8.603103e-001 
1
2
2 1 4 1 0 -1
3 1 2 1 0 2
haar_x4
1.004406e-002 0 -1
9.648290e-002 -5.644046e-001 
1
2
8 0 5 3 0 -1
8 1 5 1 0 3
haar_y3
3.589188e-002 0 -1
-1.534509e-001 2.087624e-001 
1
2
4 1 4 2 0 -1
4 2 4 1 0 2
haar_y2
3.771516e-002 0 -1
-1.015312e-001 5.281578e-001 
1
2
9 0 3 4 0 -1
9 2 3 2 0 2
haar_y2
-1.277136e-001 0 -1
3.204392e-001 -7.583863e-002 
1
3
5 0 4 4 0 -1
5 0 2 2 0 2
7 2 2 2 0 2
haar_x2_y2
-1.829889e-002 0 -1
-4.982905e-001 1.085067e-001 
1
2
6 6 3 2 0 -1
7 6 1 2 0 3
haar_x3
8.904282e-003 0 -1
5.926491e-002 -7.978986e-001 
1
3
0 0 14 2 0 -1
0 0 7 1 0 2
7 1 7 1 0 2
haar_x2_y2
7.115263e-002 0 -1
5.511463e-002 -7.155997e-001 
1
3
9 0 6 4 0 -1
12 0 3 2 0 2
9 2 3 2 0 2
haar_x2_y2
4.155792e-002 0 -1
-1.465043e-001 3.755433e-001 
1
2
2 0 5 3 0 -1
2 1 5 1 0 3
haar_y3
1.741806e-002 0 -1
-2.610299e-001 2.423635e-001 
1
2
13 0 1 2 0 -1
13 1 1 1 0 2
haar_y2
2.393879e-003 0 -1
9.024011e-002 -4.097894e-001 
1
2
3 1 4 3 0 -1
3 2 4 1 0 3
haar_y3
4.028191e-002 0 -1
-1.493271e-001 3.493220e-001 
1
2
4 1 7 4 0 -1
4 3 7 2 0 2
haar_y2
6.109812e-002 0 -1
-2.009417e-001 2.815369e-001 
1
3
0 0 6 4 0 -1
0 0 3 2 0 2
3 2 3 2 0 2
haar_x2_y2
-5.416282e-002 0 -1
3.651702e-001 -1.352613e-001 
-8.795342e-001

9
-1
