31
1
2
5 2 2 4 0 -1
5 2 2 2 0 2
tilted_haar_y2
1.719172e-001 0 -1
-3.128457e-001 5.193608e-001 
1
2
5 3 1 4 0 -1
5 3 1 2 0 2
tilted_haar_x2
-1.549075e-002 0 -1
-4.249551e-001 5.153549e-002 
1
2
2 0 6 3 0 -1
4 0 2 3 0 3
haar_x3
5.194474e-002 0 -1
-3.693207e-001 2.539588e-001 
1
2
2 3 6 4 0 -1
2 4 6 2 0 2
haar_y4
5.282469e-002 0 -1
-3.993474e-001 2.217205e-001 
1
2
0 6 6 2 0 -1
3 6 3 2 0 2
haar_x2
-1.276815e-002 0 -1
2.433513e-001 -3.402492e-001 
1
2
4 0 2 4 0 -1
4 1 2 2 0 2
haar_y4
1.922952e-002 0 -1
8.739943e-002 -7.120960e-001 
1
2
0 0 10 4 0 -1
0 1 10 2 0 2
haar_y4
7.240117e-003 0 -1
-3.179197e-001 2.074977e-001 
1
2
6 0 3 1 0 -1
7 1 1 1 0 3
tilted_haar_y3
1.640061e-002 0 -1
6.184633e-002 -5.368741e-001 
1
2
0 1 2 4 0 -1
1 1 1 4 0 2
haar_x2
-1.034368e-003 0 -1
1.975854e-001 -2.921711e-001 
1
2
5 0 1 3 0 -1
5 1 1 1 0 3
haar_y3
-6.787557e-003 0 -1
-6.412407e-001 6.772811e-002 
1
2
0 2 4 3 0 -1
0 3 4 1 0 3
haar_y3
-4.509448e-002 0 -1
-7.963142e-001 5.259597e-002 
1
3
0 2 10 6 0 -1
5 2 5 3 0 2
0 5 5 3 0 2
haar_x2_y2
-1.737992e-001 0 -1
-6.941327e-001 5.562948e-002 
1
2
0 7 10 2 0 -1
0 8 10 1 0 2
haar_y2
2.689779e-002 0 -1
-2.097701e-001 2.080148e-001 
1
2
7 0 3 1 0 -1
8 1 1 1 0 3
tilted_haar_y3
1.764583e-002 0 -1
8.621773e-002 -7.521719e-001 
1
2
0 0 8 10 0 -1
0 5 8 5 0 2
haar_y2
2.326631e-001 0 -1
3.533029e-002 -8.375762e-001 
1
2
4 1 2 2 0 -1
4 2 2 1 0 2
haar_y2
-7.812658e-003 0 -1
-5.079051e-001 7.208413e-002 
1
2
3 0 2 1 0 -1
4 0 1 1 0 2
haar_x2
1.413828e-003 0 -1
-3.205743e-001 1.421544e-001 
1
2
7 0 2 3 0 -1
7 0 1 3 0 2
tilted_haar_y2
6.472584e-002 0 -1
4.369557e-002 -6.290034e-001 
1
2
2 6 6 2 0 -1
2 7 6 1 0 2
haar_y2
4.881841e-002 0 -1
-1.392718e-001 3.496201e-001 
1
2
9 3 1 6 0 -1
9 3 1 3 0 2
tilted_haar_x2
-2.103808e-001 0 -1
-1.000000e+000 -4.645682e-003 
1
2
1 3 6 1 0 -1
1 3 3 1 0 2
tilted_haar_x2
-4.216921e-002 0 -1
-5.647553e-001 8.663084e-002 
1
2
5 0 2 3 0 -1
5 1 2 1 0 3
haar_y3
1.178156e-002 0 -1
5.506062e-002 -4.453250e-001 
1
2
0 0 9 3 0 -1
0 1 9 1 0 3
haar_y3
-3.445958e-002 0 -1
-5.955890e-001 7.274182e-002 
1
2
1 0 9 1 0 -1
4 0 3 1 0 3
haar_x3
-6.191070e-002 0 -1
6.301522e-001 -5.421686e-002 
1
2
0 0 9 1 0 -1
3 0 3 1 0 3
haar_x3
2.804085e-002 0 -1
-2.713903e-001 2.299268e-001 
1
2
7 0 2 3 0 -1
7 0 1 3 0 2
tilted_haar_y2
-4.546112e-002 0 -1
-4.870777e-001 2.183254e-002 
1
2
3 0 3 2 0 -1
3 0 3 1 0 2
tilted_haar_y2
5.092808e-002 0 -1
6.892981e-002 -6.098434e-001 
1
2
4 1 6 7 0 -1
6 1 2 7 0 3
haar_x3
-1.486988e-001 0 -1
2.748809e-001 -1.481580e-001 
1
2
1 6 7 2 0 -1
1 7 7 1 0 2
haar_y2
-8.912480e-002 0 -1
4.210904e-001 -9.541035e-002 
1
2
4 1 6 7 0 -1
6 1 2 7 0 3
haar_x3
2.121933e-001 0 -1
-3.052343e-002 5.572728e-001 
1
2
0 1 6 7 0 -1
2 1 2 7 0 3
haar_x3
-1.000222e-001 0 -1
2.468697e-001 -1.936537e-001 
-1.235089e+000

4
-1
