22
1
2
1 1 4 1 0 -1
2 1 2 1 0 2
haar_x4
-1.743143e-003 0 -1
2.112281e-001 -5.431396e-001 
1
2
1 3 9 4 0 -1
1 5 9 2 0 2
haar_y2
-3.378667e-001 0 -1
2.973718e-001 -3.679399e-001 
1
2
5 0 4 1 0 -1
5 0 2 1 0 2
tilted_haar_x2
3.338379e-003 0 -1
-5.878417e-001 2.271884e-001 
1
2
2 4 6 4 0 -1
2 6 6 2 0 2
haar_y2
-2.602946e-001 0 -1
3.162080e-001 -4.076632e-001 
1
2
0 2 2 8 0 -1
1 2 1 8 0 2
haar_x2
-8.198098e-003 0 -1
1.949336e-001 -4.629132e-001 
1
2
2 4 6 4 0 -1
2 5 6 2 0 2
haar_y4
-2.244817e-001 0 -1
5.637332e-001 -1.581251e-001 
1
2
0 6 3 1 0 -1
1 6 1 1 0 3
haar_x3
6.618069e-003 0 -1
-1.792612e-001 4.232828e-001 
1
2
6 0 2 3 0 -1
6 1 2 1 0 3
haar_y3
-8.994669e-003 0 -1
-7.560359e-001 1.031263e-001 
1
2
3 1 4 4 0 -1
3 3 4 2 0 2
haar_y2
5.544840e-004 0 -1
-3.705164e-001 1.857185e-001 
1
2
0 1 10 4 0 -1
0 2 10 2 0 2
haar_y4
-3.673441e-002 0 -1
-7.203650e-001 1.004749e-001 
1
2
2 0 2 3 0 -1
2 1 2 1 0 3
haar_y3
-1.243715e-002 0 -1
-8.035573e-001 6.692117e-002 
1
2
9 0 1 4 0 -1
9 1 1 2 0 2
haar_y4
1.825927e-003 0 -1
-3.858239e-001 2.522823e-001 
1
2
4 0 2 3 0 -1
3 1 2 1 0 3
tilted_haar_y3
-4.286070e-002 0 -1
-8.183504e-001 7.125860e-002 
1
2
2 0 6 4 0 -1
4 0 2 4 0 3
haar_x3
5.838745e-002 0 -1
-5.312221e-001 1.045968e-001 
1
2
1 4 3 3 0 -1
2 4 1 3 0 3
haar_x3
1.594880e-002 0 -1
-1.340336e-001 5.038878e-001 
1
3
8 5 2 2 0 -1
9 5 1 1 0 2
8 6 1 1 0 2
haar_x2_y2
-1.193494e-002 0 -1
4.412528e-001 -7.603997e-002 
1
2
4 0 2 2 0 -1
4 1 2 1 0 2
haar_y2
1.141889e-002 0 -1
8.567876e-002 -7.177953e-001 
1
2
7 1 3 1 0 -1
8 2 1 1 0 3
tilted_haar_y3
-2.788062e-002 0 -1
-7.388723e-001 6.880494e-002 
1
3
0 8 6 2 0 -1
0 8 3 1 0 2
3 9 3 1 0 2
haar_x2_y2
2.068468e-002 0 -1
-1.977580e-001 3.016542e-001 
1
2
3 5 4 2 0 -1
4 5 2 2 0 2
haar_x4
6.821297e-003 0 -1
-3.015032e-001 1.869153e-001 
1
2
0 2 2 6 0 -1
0 5 2 3 0 2
haar_y2
-2.041442e-004 0 -1
8.247297e-002 -6.910788e-001 
1
3
8 0 2 2 0 -1
9 0 1 1 0 2
8 1 1 1 0 2
haar_x2_y2
-2.114745e-003 0 -1
1.566319e-001 -1.341007e-001 
-1.368268e+000

8
-1
