100
1
2
1 2 3 3 0 -1
1 3 3 1 0 3
haar_y3
-4.254521e-001 0 -1
4.626780e-001 -5.247473e-001 
1
2
1 0 3 1 0 -1
2 0 1 1 0 3
haar_x3
7.118767e-002 0 -1
-6.447036e-001 3.145410e-001 
1
2
2 0 1 4 0 -1
2 1 1 2 0 2
haar_y4
8.243273e-002 0 -1
-7.311423e-001 2.666760e-001 
1
2
2 0 2 4 0 -1
2 2 2 2 0 2
haar_y2
-2.621648e-003 0 -1
1.353227e-001 -8.068815e-001 
1
2
1 1 2 1 0 -1
1 1 1 1 0 2
tilted_haar_x2
4.838007e-003 0 -1
-5.764722e-001 1.608789e-001 
1
2
3 0 2 4 0 -1
3 1 2 2 0 2
haar_y4
6.502510e-003 0 -1
-5.158986e-001 1.122149e-001 
1
2
1 2 3 1 0 -1
2 2 1 1 0 3
haar_x3
2.461081e-003 0 -1
-4.574812e-001 2.310596e-001 
1
2
3 0 2 4 0 -1
3 1 2 2 0 2
haar_y4
-4.274376e-003 0 -1
3.307416e-001 -2.071561e-001 
1
2
0 0 2 4 0 -1
0 1 2 2 0 2
haar_y4
1.529274e-003 0 -1
-5.392759e-001 2.737407e-001 
1
2
2 0 2 4 0 -1
2 2 2 2 0 2
haar_y2
-3.569237e-001 0 -1
1.558889e-001 -3.491744e-001 
1
2
0 3 2 2 0 -1
1 3 1 2 0 2
haar_x2
-1.872090e-003 0 -1
2.523892e-001 -3.630092e-001 
1
2
0 2 5 3 0 -1
0 3 5 1 0 3
haar_y3
2.198349e-002 0 -1
-1.843807e-001 5.280706e-001 
1
2
1 1 3 3 0 -1
1 2 3 1 0 3
haar_y3
3.576950e-001 0 -1
-2.629837e-001 3.392441e-001 
1
2
1 0 3 1 0 -1
2 0 1 1 0 3
haar_x3
7.682477e-003 0 -1
-5.679153e-001 1.613947e-001 
1
2
1 0 2 4 0 -1
1 2 2 2 0 2
haar_y2
-4.112220e-003 0 -1
8.933838e-002 -6.369360e-001 
1
2
1 0 3 4 0 -1
1 2 3 2 0 2
haar_y2
4.038324e-003 0 -1
-1.590471e-001 6.579578e-001 
1
2
1 0 3 4 0 -1
1 2 3 2 0 2
haar_y2
-3.553951e-003 0 -1
1.699894e-001 -6.107886e-001 
1
2
1 0 3 4 0 -1
1 2 3 2 0 2
haar_y2
2.106800e-003 0 -1
-1.712470e-001 6.209926e-001 
1
2
1 0 3 4 0 -1
1 2 3 2 0 2
haar_y2
-2.352583e-003 0 -1
1.715159e-001 -6.057080e-001 
1
2
1 0 3 4 0 -1
1 2 3 2 0 2
haar_y2
2.106800e-003 0 -1
-1.669393e-001 6.103770e-001 
1
2
1 0 3 4 0 -1
1 2 3 2 0 2
haar_y2
-2.352583e-003 0 -1
1.659545e-001 -5.859489e-001 
1
2
1 0 3 1 0 -1
2 0 1 1 0 3
haar_x3
-4.147891e-003 0 -1
5.827677e-001 -1.636335e-001 
1
2
1 0 3 4 0 -1
1 2 3 2 0 2
haar_y2
2.106800e-003 0 -1
-1.193027e-001 6.791199e-001 
1
2
2 0 3 3 0 -1
2 1 3 1 0 3
haar_y3
2.403928e-003 0 -1
-5.236787e-001 2.630645e-001 
1
2
0 2 5 3 0 -1
0 3 5 1 0 3
haar_y3
-4.966196e-003 0 -1
1.413465e-001 -5.808394e-001 
1
3
2 1 2 4 0 -1
3 1 1 2 0 2
2 3 1 2 0 2
haar_x2_y2
-5.314149e-003 0 -1
1.599110e-001 -4.630611e-001 
1
2
1 2 1 2 0 -1
1 3 1 1 0 2
haar_y2
1.539706e-002 0 -1
-1.989650e-001 5.857238e-001 
1
2
2 1 1 4 0 -1
2 3 1 2 0 2
haar_y2
-5.849203e-003 0 -1
1.526933e-001 -7.618023e-001 
1
2
1 3 3 2 0 -1
2 3 1 2 0 3
haar_x3
4.013813e-003 0 -1
-3.587287e-001 3.448019e-001 
1
2
1 2 3 1 0 -1
2 2 1 1 0 3
haar_x3
-2.643455e-003 0 -1
5.065379e-001 -2.926230e-001 
1
3
1 1 2 4 0 -1
1 1 1 2 0 2
2 3 1 2 0 2
haar_x2_y2
-2.709473e-003 0 -1
2.286683e-001 -3.973016e-001 
1
2
2 0 1 2 0 -1
2 1 1 1 0 2
haar_y2
8.427948e-002 0 -1
1.163717e-001 -6.248035e-001 
1
2
1 1 2 1 0 -1
1 1 1 1 0 2
tilted_haar_x2
-3.490315e-003 0 -1
4.772981e-001 -1.006283e-001 
1
3
2 0 2 4 0 -1
3 0 1 2 0 2
2 2 1 2 0 2
haar_x2_y2
-2.364597e-001 0 -1
-3.201686e-001 8.935642e-002 
1
2
1 2 3 2 0 -1
1 3 3 1 0 2
haar_y2
2.789591e-002 0 -1
-9.262314e-002 5.968262e-001 
1
3
1 1 4 2 0 -1
3 1 2 1 0 2
1 2 2 1 0 2
haar_x2_y2
-2.049363e-003 0 -1
7.405315e-002 -1.416684e-001 
1
2
1 2 2 2 0 -1
1 3 2 1 0 2
haar_y2
-8.383401e-002 0 -1
1.410128e-001 -4.147410e-001 
1
2
2 1 1 4 0 -1
2 3 1 2 0 2
haar_y2
7.751169e-003 0 -1
-6.430548e-002 7.910864e-001 
1
2
2 1 1 4 0 -1
2 3 1 2 0 2
haar_y2
-2.365177e-002 0 -1
7.079378e-002 -6.604963e-001 
1
2
4 1 1 2 0 -1
4 2 1 1 0 2
haar_y2
1.276358e-001 0 -1
1.471453e-002 -5.080150e-001 
1
3
1 0 2 4 0 -1
1 0 1 2 0 2
2 2 1 2 0 2
haar_x2_y2
-3.733932e-001 0 -1
-5.624158e-001 9.155586e-002 
1
2
2 1 1 4 0 -1
2 3 1 2 0 2
haar_y2
3.929584e-003 0 -1
-6.099440e-002 7.450476e-001 
1
2
0 0 1 3 0 -1
0 1 1 1 0 3
haar_y3
4.665446e-003 0 -1
-3.228060e-001 1.251495e-001 
1
2
1 1 3 2 0 -1
1 2 3 1 0 2
haar_y2
6.796942e-003 0 -1
-2.153836e-001 3.213304e-001 
1
2
2 1 1 4 0 -1
2 3 1 2 0 2
haar_y2
-3.009210e-003 0 -1
9.370505e-002 -6.507246e-001 
1
2
1 2 4 2 0 -1
1 3 4 1 0 2
haar_y2
1.032290e-001 0 -1
-9.730386e-002 5.353580e-001 
1
2
1 0 2 3 0 -1
1 1 2 1 0 3
haar_y3
3.328734e-003 0 -1
-3.735105e-001 1.574262e-001 
1
2
2 2 2 2 0 -1
2 3 2 1 0 2
haar_y2
-7.864344e-003 0 -1
7.727432e-002 -4.863620e-001 
1
2
0 0 3 1 0 -1
1 0 1 1 0 3
haar_x3
-7.043961e-002 0 -1
2.220895e-001 -1.852890e-001 
1
2
2 1 1 4 0 -1
2 3 1 2 0 2
haar_y2
3.929584e-003 0 -1
-5.285110e-002 7.046281e-001 
1
2
0 1 5 4 0 -1
0 3 5 2 0 2
haar_y2
-1.126472e-002 0 -1
1.063568e-001 -6.278693e-001 
1
2
0 1 5 4 0 -1
0 3 5 2 0 2
haar_y2
2.036043e-002 0 -1
-1.161061e-001 5.963946e-001 
1
2
0 1 5 4 0 -1
0 3 5 2 0 2
haar_y2
-1.126472e-002 0 -1
1.160250e-001 -6.065994e-001 
1
2
0 1 5 4 0 -1
0 3 5 2 0 2
haar_y2
2.036043e-002 0 -1
-1.147906e-001 6.040249e-001 
1
2
0 1 5 4 0 -1
0 3 5 2 0 2
haar_y2
-1.126472e-002 0 -1
1.147282e-001 -6.034697e-001 
1
2
0 1 5 4 0 -1
0 3 5 2 0 2
haar_y2
2.036043e-002 0 -1
-1.141970e-001 6.037402e-001 
1
2
0 1 5 4 0 -1
0 3 5 2 0 2
haar_y2
-1.090770e-002 0 -1
1.142040e-001 -6.015210e-001 
1
2
0 1 5 4 0 -1
0 3 5 2 0 2
haar_y2
1.290169e-002 0 -1
-1.134193e-001 6.022696e-001 
1
2
0 1 5 4 0 -1
0 3 5 2 0 2
haar_y2
-5.845566e-003 0 -1
1.134295e-001 -5.981635e-001 
1
2
0 1 5 4 0 -1
0 3 5 2 0 2
haar_y2
1.290169e-002 0 -1
-1.123397e-001 5.992862e-001 
1
2
0 1 5 4 0 -1
0 3 5 2 0 2
haar_y2
-5.845566e-003 0 -1
1.123930e-001 -5.913674e-001 
1
2
0 1 5 4 0 -1
0 3 5 2 0 2
haar_y2
1.290169e-002 0 -1
-1.101960e-001 5.934804e-001 
1
2
0 1 4 4 0 -1
0 3 4 2 0 2
haar_y2
-1.652660e-002 0 -1
1.094783e-001 -5.926683e-001 
1
2
1 1 3 4 0 -1
1 3 3 2 0 2
haar_y2
1.394848e-002 0 -1
-1.127275e-001 6.188737e-001 
1
2
2 1 1 4 0 -1
2 3 1 2 0 2
haar_y2
-3.009210e-003 0 -1
9.827616e-002 -6.799552e-001 
1
2
1 2 4 2 0 -1
1 3 4 1 0 2
haar_y2
-5.681769e-003 0 -1
3.084311e-002 -2.380106e-001 
1
2
0 2 4 2 0 -1
0 3 4 1 0 2
haar_y2
1.183624e-001 0 -1
-8.672114e-002 6.481945e-001 
1
2
2 2 2 2 0 -1
2 3 2 1 0 2
haar_y2
6.271412e-003 0 -1
-1.202195e-001 4.663908e-001 
1
2
1 2 2 2 0 -1
1 3 2 1 0 2
haar_y2
-8.516703e-003 0 -1
1.775584e-001 -7.302029e-001 
1
2
2 2 2 2 0 -1
2 3 2 1 0 2
haar_y2
6.271412e-003 0 -1
-9.113894e-002 3.326613e-001 
1
2
0 2 5 2 0 -1
0 3 5 1 0 2
haar_y2
-2.668802e-003 0 -1
1.032101e-001 -4.431132e-001 
1
2
2 2 2 2 0 -1
2 3 2 1 0 2
haar_y2
1.102809e-001 0 -1
-4.238592e-002 4.316140e-001 
1
2
0 0 2 4 0 -1
0 1 2 2 0 2
haar_y4
-1.767237e-003 0 -1
4.810678e-001 -1.771991e-001 
1
2
2 0 3 4 0 -1
2 1 3 2 0 2
haar_y4
6.494878e-002 0 -1
-4.524930e-001 1.647977e-001 
1
2
0 0 1 4 0 -1
0 1 1 2 0 2
haar_y4
3.109999e-003 0 -1
-3.638532e-001 1.377514e-001 
1
2
0 0 5 4 0 -1
0 1 5 2 0 2
haar_y4
-6.031558e-002 0 -1
6.861064e-001 -1.703583e-001 
1
2
0 0 4 4 0 -1
0 1 4 2 0 2
haar_y4
1.296693e-002 0 -1
-5.458329e-001 1.790320e-001 
1
2
3 3 2 1 0 -1
3 3 1 1 0 2
haar_x2
-9.115774e-004 0 -1
2.089219e-001 -5.164673e-001 
1
2
0 0 4 4 0 -1
0 1 4 2 0 2
haar_y4
-3.803691e-002 0 -1
6.164216e-001 -1.267584e-001 
1
2
0 0 5 4 0 -1
0 1 5 2 0 2
haar_y4
2.840726e-003 0 -1
-4.858503e-001 1.473975e-001 
1
2
0 0 5 3 0 -1
0 1 5 1 0 3
haar_y3
-1.517397e-003 0 -1
3.497777e-001 -1.917566e-001 
1
2
0 1 5 3 0 -1
0 2 5 1 0 3
haar_y3
-4.281855e-001 0 -1
5.097018e-001 -1.118753e-001 
1
2
1 0 3 4 0 -1
1 1 3 2 0 2
haar_y4
4.514423e-002 0 -1
-4.670315e-001 1.218295e-001 
1
2
2 0 1 4 0 -1
2 2 1 2 0 2
haar_y2
-3.869880e-003 0 -1
6.285077e-002 -4.874732e-001 
1
2
0 0 4 4 0 -1
1 0 2 4 0 2
haar_x4
5.777453e-001 0 -1
-1.076068e-001 4.339870e-001 
1
2
3 3 2 1 0 -1
3 3 1 1 0 2
haar_x2
1.787996e-003 0 -1
-1.409236e-001 2.927290e-001 
1
2
0 3 2 1 0 -1
1 3 1 1 0 2
haar_x2
-3.112745e-003 0 -1
1.861216e-001 -3.929405e-001 
1
2
3 3 2 2 0 -1
3 3 1 2 0 2
haar_x2
-5.718031e-002 0 -1
1.627645e-001 -1.957248e-001 
1
2
0 3 2 2 0 -1
1 3 1 2 0 2
haar_x2
3.683155e-003 0 -1
-1.589817e-001 3.392911e-001 
1
2
1 0 3 4 0 -1
1 1 3 2 0 2
haar_y4
-7.828466e-003 0 -1
5.310616e-001 -1.097665e-001 
1
2
1 2 3 2 0 -1
1 3 3 1 0 2
haar_y2
-5.904146e-003 0 -1
1.194351e-001 -4.546085e-001 
1
2
4 1 1 4 0 -1
4 3 1 2 0 2
haar_y2
-3.041162e-003 0 -1
1.303348e-001 -3.245799e-001 
1
2
0 1 1 4 0 -1
0 3 1 2 0 2
haar_y2
-4.526761e-001 0 -1
-6.507217e-001 5.754081e-002 
1
2
2 0 1 2 0 -1
2 1 1 1 0 2
haar_y2
-1.209969e-001 0 -1
-8.047965e-001 3.942603e-002 
1
2
0 1 3 3 0 -1
1 2 1 1 0 9
haar_point
-9.007326e-001 0 -1
3.958535e-001 -9.236408e-002 
1
2
2 1 1 2 0 -1
2 2 1 1 0 2
haar_y2
3.008543e-003 0 -1
-1.279337e-001 2.568820e-001 
1
3
1 1 2 2 0 -1
1 1 1 1 0 2
2 2 1 1 0 2
haar_x2_y2
1.569430e-001 0 -1
3.382034e-002 -6.244481e-001 
1
2
3 0 2 2 0 -1
3 0 1 2 0 2
tilted_haar_y2
2.356592e-001 0 -1
-6.029047e-002 1.136735e-001 
1
2
2 0 2 2 0 -1
2 0 2 1 0 2
tilted_haar_y2
6.823620e-001 0 -1
3.079371e-002 -7.320960e-001 
1
2
2 4 3 1 0 -1
3 4 1 1 0 3
haar_x3
1.668781e-001 0 -1
6.525743e-002 -5.184426e-001 
-1.843529e+000

2
-1
