118
1
2
1 2 3 3 0 -1
1 3 3 1 0 3
haar_y3
-8.165134e-001 0 -1
4.269049e-001 -1.946729e-001 
1
2
1 0 3 4 0 -1
2 0 1 4 0 3
haar_x3
3.387417e-001 0 -1
-2.901144e-001 2.493043e-001 
1
2
2 0 1 2 0 -1
2 1 1 1 0 2
haar_y2
8.211917e-002 0 -1
8.139079e-002 -5.794019e-001 
1
2
1 0 3 2 0 -1
1 1 3 1 0 2
haar_y2
-3.614732e-002 0 -1
-3.802789e-001 1.645863e-001 
1
2
2 2 1 2 0 -1
2 3 1 1 0 2
haar_y2
-1.966082e-001 0 -1
1.769898e-001 -2.074619e-001 
1
2
4 2 1 2 0 -1
4 3 1 1 0 2
haar_y2
-1.205798e-001 0 -1
-3.216152e-001 1.006539e-001 
1
2
0 2 1 2 0 -1
0 3 1 1 0 2
haar_y2
-1.419852e-001 0 -1
-3.764299e-001 8.757337e-002 
1
2
2 0 1 2 0 -1
2 1 1 1 0 2
haar_y2
4.008078e-002 0 -1
9.560505e-002 -2.348714e-001 
1
2
2 0 2 2 0 -1
2 0 2 1 0 2
tilted_haar_y2
4.834768e-001 0 -1
7.159884e-002 -2.879967e-001 
1
2
2 0 1 2 0 -1
2 1 1 1 0 2
haar_y2
1.061344e-003 0 -1
-1.800725e-001 1.474607e-001 
1
2
2 0 1 2 0 -1
2 1 1 1 0 2
haar_y2
-1.174538e-003 0 -1
2.101143e-001 -1.044503e-001 
1
2
2 0 1 2 0 -1
2 1 1 1 0 2
haar_y2
-3.679114e-002 0 -1
-3.574814e-001 6.931046e-002 
1
2
0 4 3 1 0 -1
1 4 1 1 0 3
haar_x3
7.900159e-002 0 -1
5.448577e-002 -3.117351e-001 
1
3
1 1 4 2 0 -1
3 1 2 1 0 2
1 2 2 1 0 2
haar_x2_y2
2.339680e-001 0 -1
2.994294e-002 -3.155097e-001 
1
2
1 0 3 3 0 -1
1 1 3 1 0 3
haar_y3
1.952235e-001 0 -1
1.289369e-001 -1.313541e-001 
1
3
2 0 2 4 0 -1
3 0 1 2 0 2
2 2 1 2 0 2
haar_x2_y2
-1.521691e-003 0 -1
7.674741e-002 -1.732036e-001 
1
2
1 0 2 1 0 -1
2 0 1 1 0 2
haar_x2
1.614584e-003 0 -1
-2.413049e-001 6.869809e-002 
1
2
0 3 5 2 0 -1
0 4 5 1 0 2
haar_y2
1.186187e-003 0 -1
-1.568415e-001 1.054375e-001 
1
2
2 3 1 2 0 -1
2 4 1 1 0 2
haar_y2
2.706398e-001 0 -1
3.055055e-002 -6.042241e-001 
1
2
1 2 3 2 0 -1
1 3 3 1 0 2
haar_y2
-2.957227e-002 0 -1
-4.616525e-002 4.196872e-001 
1
2
0 0 4 2 0 -1
1 0 2 2 0 2
haar_x4
-7.921826e-001 0 -1
7.762439e-001 -1.867838e-002 
1
2
4 1 1 4 0 -1
4 3 1 2 0 2
haar_y2
4.524633e-002 0 -1
6.518646e-002 -3.433804e-001 
1
3
0 0 2 2 0 -1
0 0 1 1 0 2
1 1 1 1 0 2
haar_x2_y2
-9.115774e-004 0 -1
1.294641e-001 -1.327176e-001 
1
2
3 3 2 2 0 -1
3 3 1 2 0 2
haar_x2
-1.032710e-003 0 -1
1.073811e-001 -2.503584e-001 
1
2
0 3 2 2 0 -1
1 3 1 2 0 2
haar_x2
-1.946296e-001 0 -1
-2.660713e-001 6.839284e-002 
1
2
4 1 1 4 0 -1
4 3 1 2 0 2
haar_y2
-6.963058e-001 0 -1
-8.682183e-001 5.071246e-003 
1
2
0 1 1 4 0 -1
0 3 1 2 0 2
haar_y2
-3.234384e-001 0 -1
-2.558438e-001 5.851457e-002 
1
2
2 0 2 4 0 -1
2 1 2 2 0 2
haar_y4
3.837621e-001 0 -1
-8.673007e-002 9.698864e-002 
1
2
1 2 3 2 0 -1
2 2 1 2 0 3
haar_x3
-4.105549e-001 0 -1
-7.602188e-001 1.391915e-002 
1
2
3 0 1 2 0 -1
3 0 1 1 0 2
tilted_haar_x2
-2.617185e-001 0 -1
3.396091e-001 -9.823835e-003 
1
3
0 3 2 2 0 -1
0 3 1 1 0 2
1 4 1 1 0 2
haar_x2_y2
7.584664e-002 0 -1
-8.512353e-002 1.555855e-001 
1
2
3 1 1 4 0 -1
3 3 1 2 0 2
haar_y2
-5.582948e-001 0 -1
3.375885e-001 -2.363223e-002 
1
2
1 0 1 2 0 -1
1 1 1 1 0 2
haar_y2
2.576484e-003 0 -1
-1.430218e-001 9.273436e-002 
1
2
4 0 1 2 0 -1
4 1 1 1 0 2
haar_y2
2.345500e-003 0 -1
-8.522243e-002 7.245675e-002 
1
2
0 0 5 2 0 -1
0 1 5 1 0 2
haar_y2
2.385545e-002 0 -1
2.264718e-001 -1.127707e-001 
1
2
3 0 1 2 0 -1
3 1 1 1 0 2
haar_y2
-5.011792e-002 0 -1
-2.853892e-001 4.080439e-002 
1
2
0 1 4 3 0 -1
1 1 2 3 0 2
haar_x4
4.825711e-001 0 -1
-4.003515e-002 3.143789e-001 
1
2
3 1 2 1 0 -1
3 1 1 1 0 2
haar_x2
-1.335191e-003 0 -1
1.336903e-001 -1.142213e-001 
1
2
0 0 4 1 0 -1
2 0 2 1 0 2
haar_x2
-7.232909e-001 0 -1
8.727120e-001 -1.541403e-002 
1
2
3 0 1 2 0 -1
3 1 1 1 0 2
haar_y2
3.630969e-003 0 -1
-9.161302e-002 6.692147e-002 
1
2
0 1 1 4 0 -1
0 2 1 2 0 2
haar_y4
2.601658e-001 0 -1
2.128964e-002 -5.650880e-001 
1
2
4 2 1 2 0 -1
4 2 1 1 0 2
tilted_haar_x2
5.355643e-001 0 -1
-9.660194e-003 3.225888e-001 
1
2
1 2 2 1 0 -1
1 2 1 1 0 2
tilted_haar_x2
-1.652819e-001 0 -1
-5.783429e-001 2.204623e-002 
1
2
3 0 1 2 0 -1
3 1 1 1 0 2
haar_y2
-1.222191e-003 0 -1
1.538363e-001 -7.049506e-002 
1
2
1 0 1 2 0 -1
1 1 1 1 0 2
haar_y2
-8.829990e-002 0 -1
-5.322438e-001 2.644569e-002 
1
3
2 0 2 2 0 -1
3 0 1 1 0 2
2 1 1 1 0 2
haar_x2_y2
5.981599e-002 0 -1
3.293718e-002 -1.768261e-001 
1
3
1 0 2 2 0 -1
1 0 1 1 0 2
2 1 1 1 0 2
haar_x2_y2
1.032710e-003 0 -1
-1.080489e-001 1.482596e-001 
1
3
2 0 2 2 0 -1
3 0 1 1 0 2
2 1 1 1 0 2
haar_x2_y2
2.960035e-001 0 -1
-8.583449e-003 7.221572e-001 
1
3
1 0 2 2 0 -1
1 0 1 1 0 2
2 1 1 1 0 2
haar_x2_y2
3.343801e-002 0 -1
6.869239e-002 -1.741895e-001 
1
2
2 1 3 3 0 -1
3 1 1 3 0 3
haar_x3
-2.091503e-001 0 -1
1.313313e-001 -1.028688e-001 
1
2
0 1 3 3 0 -1
1 1 1 3 0 3
haar_x3
-2.651131e-001 0 -1
1.321108e-001 -8.642692e-002 
1
2
2 0 3 4 0 -1
3 0 1 4 0 3
haar_x3
2.474739e-001 0 -1
-4.432772e-002 3.089210e-001 
1
2
0 0 3 4 0 -1
1 0 1 4 0 3
haar_x3
2.159097e-001 0 -1
-4.116308e-002 2.882024e-001 
1
2
2 1 2 1 0 -1
2 1 1 1 0 2
haar_x2
3.386380e-003 0 -1
-2.142341e-001 8.016542e-002 
1
2
2 0 2 2 0 -1
2 0 2 1 0 2
tilted_haar_y2
7.390232e-001 0 -1
1.200856e-002 -9.203625e-001 
1
2
2 1 2 1 0 -1
2 1 1 1 0 2
haar_x2
1.492532e-001 0 -1
3.668056e-002 -1.989454e-001 
1
2
1 1 2 1 0 -1
2 1 1 1 0 2
haar_x2
1.775037e-003 0 -1
-1.918858e-001 6.844690e-002 
1
2
2 0 2 1 0 -1
2 0 1 1 0 2
haar_x2
6.419872e-002 0 -1
-5.867256e-002 4.991655e-002 
1
2
1 0 2 1 0 -1
2 0 1 1 0 2
haar_x2
-1.426593e-003 0 -1
2.732474e-001 -5.348622e-002 
1
3
2 0 2 2 0 -1
3 0 1 1 0 2
2 1 1 1 0 2
haar_x2_y2
-1.290444e-003 0 -1
8.248822e-002 -8.270963e-002 
1
3
1 0 2 4 0 -1
1 0 1 2 0 2
2 2 1 2 0 2
haar_x2_y2
3.322535e-002 0 -1
5.435589e-002 -2.046447e-001 
1
3
2 1 2 2 0 -1
3 1 1 1 0 2
2 2 1 1 0 2
haar_x2_y2
-6.726741e-002 0 -1
-2.146952e-001 6.027377e-002 
1
3
0 1 4 2 0 -1
0 1 2 1 0 2
2 2 2 1 0 2
haar_x2_y2
-1.690121e-001 0 -1
-2.326377e-001 4.287835e-002 
1
2
0 0 5 4 0 -1
0 1 5 2 0 2
haar_y4
3.476674e-002 0 -1
3.531804e-001 -3.423013e-002 
1
2
0 2 1 2 0 -1
0 3 1 1 0 2
haar_y2
-1.551374e-003 0 -1
7.134266e-002 -1.776260e-001 
1
2
4 0 1 4 0 -1
4 2 1 2 0 2
haar_y2
-3.157722e-001 0 -1
-2.215699e-001 3.154350e-002 
1
2
0 0 1 4 0 -1
0 2 1 2 0 2
haar_y2
-2.921126e-001 0 -1
-2.413743e-001 4.515007e-002 
1
2
0 1 5 4 0 -1
0 2 5 2 0 2
haar_y4
-1.059343e+000 0 -1
2.784019e-001 -4.415500e-002 
1
2
0 2 4 1 0 -1
1 2 2 1 0 2
haar_x4
-3.253253e-001 0 -1
4.600171e-001 -2.010757e-002 
1
2
1 2 4 3 0 -1
1 3 4 1 0 3
haar_y3
5.728428e-001 0 -1
-1.900991e-002 4.400733e-001 
1
2
1 0 1 3 0 -1
1 1 1 1 0 3
haar_y3
3.874750e-001 0 -1
1.333839e-002 -8.088591e-001 
1
2
4 2 1 2 0 -1
4 3 1 1 0 2
haar_y2
1.158469e-003 0 -1
-4.103438e-002 1.105503e-001 
1
2
1 0 2 4 0 -1
1 1 2 2 0 2
haar_y4
3.169113e-001 0 -1
-1.288391e-001 8.183040e-002 
1
2
2 1 1 3 0 -1
2 2 1 1 0 3
haar_y3
3.515238e-001 0 -1
2.843333e-002 -3.187953e-001 
1
2
2 1 1 2 0 -1
2 2 1 1 0 2
haar_y2
8.348909e-004 0 -1
-6.712577e-002 1.574603e-001 
1
2
0 1 5 2 0 -1
0 2 5 1 0 2
haar_y2
-7.798077e-001 0 -1
3.638377e-001 -2.713918e-002 
1
3
1 1 2 4 0 -1
1 1 1 2 0 2
2 3 1 2 0 2
haar_x2_y2
-9.075104e-002 0 -1
7.814429e-002 -1.139401e-001 
1
2
1 2 3 3 0 -1
1 3 3 1 0 3
haar_y3
-4.216607e-001 0 -1
7.684042e-002 -1.328900e-001 
1
2
1 2 3 3 0 -1
2 3 1 1 0 9
haar_point
-1.064023e+000 0 -1
-2.060163e-001 5.603063e-002 
1
3
2 3 2 2 0 -1
3 3 1 1 0 2
2 4 1 1 0 2
haar_x2_y2
-2.201377e-001 0 -1
-3.408777e-001 7.846757e-003 
1
2
1 1 3 2 0 -1
2 1 1 2 0 3
haar_x3
-1.760935e-003 0 -1
2.049672e-001 -5.508084e-002 
1
2
1 1 4 1 0 -1
2 1 2 1 0 2
haar_x4
-2.839350e-001 0 -1
4.802166e-001 -1.539171e-002 
1
2
0 1 4 1 0 -1
1 1 2 1 0 2
haar_x4
3.638540e-003 0 -1
-1.345381e-001 7.698134e-002 
1
2
3 1 2 1 0 -1
3 1 1 1 0 2
haar_x2
2.721621e-003 0 -1
-8.178949e-002 9.231776e-002 
1
2
0 1 2 1 0 -1
1 1 1 1 0 2
haar_x2
-2.637398e-003 0 -1
1.227399e-001 -1.109198e-001 
1
2
3 1 2 1 0 -1
3 1 1 1 0 2
haar_x2
-1.473558e-001 0 -1
2.113836e-001 -2.673297e-002 
1
2
0 1 2 1 0 -1
1 1 1 1 0 2
haar_x2
1.369252e-003 0 -1
-9.862067e-002 1.236245e-001 
1
2
3 1 2 2 0 -1
3 2 2 1 0 2
haar_y2
2.517772e-001 0 -1
1.158245e-002 -3.446259e-001 
1
2
1 4 2 1 0 -1
2 4 1 1 0 2
haar_x2
3.274849e-003 0 -1
-8.425669e-002 1.017853e-001 
1
3
2 1 2 4 0 -1
3 1 1 2 0 2
2 3 1 2 0 2
haar_x2_y2
2.737710e-002 0 -1
4.934690e-002 -1.899884e-001 
1
2
2 0 1 4 0 -1
2 1 1 2 0 2
haar_y4
3.208369e-001 0 -1
3.231823e-002 -2.960351e-001 
1
3
2 1 2 4 0 -1
3 1 1 2 0 2
2 3 1 2 0 2
haar_x2_y2
-4.618620e-001 0 -1
-3.003650e-001 8.384528e-003 
1
3
1 1 2 4 0 -1
1 1 1 2 0 2
2 3 1 2 0 2
haar_x2_y2
-1.590583e-003 0 -1
6.048871e-002 -2.072801e-001 
1
2
1 4 4 1 0 -1
2 4 2 1 0 2
haar_x4
-5.249916e-001 0 -1
5.012694e-001 -1.617322e-002 
1
2
0 2 1 2 0 -1
0 3 1 1 0 2
haar_y2
1.704451e-001 0 -1
1.560312e-002 -6.062347e-001 
1
2
4 0 1 4 0 -1
4 1 1 2 0 2
haar_y4
1.513596e-003 0 -1
-1.766825e-001 6.325059e-002 
1
2
0 0 1 4 0 -1
0 1 1 2 0 2
haar_y4
-3.452025e-001 0 -1
7.545781e-001 -1.585991e-002 
1
3
3 3 2 2 0 -1
4 3 1 1 0 2
3 4 1 1 0 2
haar_x2_y2
5.541549e-002 0 -1
-7.630965e-002 1.049726e-001 
1
3
0 2 2 2 0 -1
0 2 1 1 0 2
1 3 1 1 0 2
haar_x2_y2
-8.775556e-002 0 -1
1.134806e-001 -7.209674e-002 
1
3
3 2 2 2 0 -1
4 2 1 1 0 2
3 3 1 1 0 2
haar_x2_y2
2.480242e-003 0 -1
-3.532844e-002 1.292475e-001 
1
2
1 1 1 2 0 -1
1 2 1 1 0 2
haar_y2
9.482045e-002 0 -1
2.690726e-002 -3.502378e-001 
1
2
1 0 4 4 0 -1
1 2 4 2 0 2
haar_y2
-4.503104e-002 0 -1
-3.681810e-002 2.009294e-001 
1
2
0 3 2 2 0 -1
0 4 2 1 0 2
haar_y2
4.338798e-001 0 -1
2.193421e-002 -4.251819e-001 
1
2
0 2 5 3 0 -1
0 3 5 1 0 3
haar_y3
-9.722407e-001 0 -1
1.407760e-001 -6.358481e-002 
1
3
0 3 2 2 0 -1
0 3 1 1 0 2
1 4 1 1 0 2
haar_x2_y2
-1.228597e-001 0 -1
2.751646e-001 -3.252581e-002 
1
3
3 3 2 2 0 -1
4 3 1 1 0 2
3 4 1 1 0 2
haar_x2_y2
-8.009826e-002 0 -1
1.775248e-001 -3.052384e-002 
1
3
0 3 2 2 0 -1
0 3 1 1 0 2
1 4 1 1 0 2
haar_x2_y2
1.329684e-003 0 -1
-1.475733e-001 8.965318e-002 
1
2
0 0 5 2 0 -1
0 1 5 1 0 2
haar_y2
-8.512170e-001 0 -1
8.801948e-001 -1.018409e-002 
1
2
0 3 5 2 0 -1
0 4 5 1 0 2
haar_y2
1.322902e+000 0 -1
1.159143e-002 -8.425397e-001 
1
2
1 4 3 1 0 -1
2 4 1 1 0 3
haar_x3
1.002358e-001 0 -1
4.125102e-002 -1.782380e-001 
1
3
1 3 2 2 0 -1
1 3 1 1 0 2
2 4 1 1 0 2
haar_x2_y2
1.269706e-003 0 -1
-1.053031e-001 1.029481e-001 
1
3
2 3 2 2 0 -1
3 3 1 1 0 2
2 4 1 1 0 2
haar_x2_y2
-1.425827e-003 0 -1
8.246950e-002 -6.220807e-002 
1
2
1 3 3 2 0 -1
2 3 1 2 0 3
haar_x3
-2.389443e-001 0 -1
-2.303716e-001 3.465284e-002 
1
2
3 1 2 1 0 -1
3 1 1 1 0 2
haar_x2
2.721621e-003 0 -1
-5.260857e-002 5.380707e-002 
1
2
0 1 2 1 0 -1
1 1 1 1 0 2
haar_x2
-6.426113e-002 0 -1
1.592514e-001 -5.754182e-002 
1
2
3 0 2 1 0 -1
3 0 1 1 0 2
haar_x2
-4.395160e-001 0 -1
7.271380e-001 -1.214609e-002 
1
2
0 0 2 1 0 -1
1 0 1 1 0 2
haar_x2
1.398658e-003 0 -1
-8.901852e-002 9.839001e-002 
1
2
4 0 1 2 0 -1
4 1 1 1 0 2
haar_y2
-1.453906e-003 0 -1
1.146954e-001 -5.998136e-002 
-1.206141e+000

5
-1
