66
1
2
0 2 6 2 0 -1
2 2 2 2 0 3
haar_x3
-2.531504e-001 0 -1
2.156750e-001 -4.079752e-001 
1
2
1 1 4 3 0 -1
1 2 4 1 0 3
haar_y3
-4.555734e-001 0 -1
3.952076e-001 -1.503745e-001 
1
2
1 5 3 1 0 -1
2 5 1 1 0 3
haar_x3
-2.499497e-002 0 -1
-3.936765e-001 1.308603e-001 
1
2
1 5 3 1 0 -1
2 5 1 1 0 3
haar_x3
3.611910e-002 0 -1
8.183805e-002 -6.522415e-001 
1
2
0 3 3 1 0 -1
1 3 1 1 0 3
haar_x3
8.936463e-002 0 -1
-1.158111e-001 3.975391e-001 
1
2
3 3 1 3 0 -1
3 4 1 1 0 3
haar_y3
6.071289e-002 0 -1
-1.197534e-001 3.078960e-001 
1
2
3 0 3 2 0 -1
4 0 1 2 0 3
haar_x3
6.489731e-002 0 -1
5.868496e-002 -4.921892e-001 
1
2
1 0 4 3 0 -1
1 1 4 1 0 3
haar_y3
2.901128e-001 0 -1
-9.271917e-002 3.250410e-001 
1
2
3 0 3 1 0 -1
4 0 1 1 0 3
haar_x3
-5.810215e-002 0 -1
-4.902132e-001 6.915515e-002 
1
2
2 0 2 3 0 -1
2 1 2 1 0 3
haar_y3
-1.553049e-001 0 -1
4.135681e-001 -8.284598e-002 
1
2
3 3 3 1 0 -1
4 3 1 1 0 3
haar_x3
1.207062e-001 0 -1
-5.933524e-002 4.755748e-001 
1
2
1 2 3 2 0 -1
2 2 1 2 0 3
haar_x3
1.424510e-001 0 -1
-4.029693e-002 5.869223e-001 
1
2
3 0 3 3 0 -1
2 1 3 1 0 3
tilted_haar_y3
-3.592317e-001 0 -1
1.687701e-001 -1.635171e-001 
1
2
0 4 1 2 0 -1
0 5 1 1 0 2
haar_y2
5.644193e-004 0 -1
-2.517713e-001 9.480911e-002 
1
2
1 3 2 1 0 -1
1 3 1 1 0 2
tilted_haar_x2
-1.643486e-001 0 -1
-4.783561e-001 8.152248e-002 
1
2
0 0 3 1 0 -1
1 0 1 1 0 3
haar_x3
-5.670297e-002 0 -1
-4.066834e-001 6.040782e-002 
1
2
2 0 1 2 0 -1
2 0 1 1 0 2
tilted_haar_y2
1.267700e-001 0 -1
5.899152e-002 -3.655924e-001 
1
2
2 5 3 1 0 -1
3 5 1 1 0 3
haar_x3
-4.811054e-002 0 -1
-4.318759e-001 5.363325e-002 
1
2
0 2 6 4 0 -1
2 2 2 4 0 3
haar_x3
-1.798523e+000 0 -1
6.822768e-001 -4.340551e-002 
1
2
0 0 3 6 0 -1
0 3 3 3 0 2
haar_y2
1.023656e+000 0 -1
6.680195e-002 -4.454052e-001 
1
2
2 5 3 1 0 -1
3 5 1 1 0 3
haar_x3
2.692711e-002 0 -1
5.952000e-002 -4.061998e-001 
1
2
2 2 3 2 0 -1
3 2 1 2 0 3
haar_x3
1.241173e-001 0 -1
-4.584246e-002 6.604602e-001 
1
2
0 3 2 1 0 -1
1 3 1 1 0 2
haar_x2
4.712730e-004 0 -1
-1.152580e-001 1.892223e-001 
1
2
2 0 3 2 0 -1
3 0 1 2 0 3
haar_x3
-7.619847e-002 0 -1
-3.262601e-001 6.441422e-002 
1
2
1 2 4 4 0 -1
1 3 4 2 0 2
haar_y4
2.743353e-001 0 -1
4.468887e-002 -4.630386e-001 
1
2
1 0 3 1 0 -1
2 0 1 1 0 3
haar_x3
-6.050460e-002 0 -1
-5.019559e-001 4.271495e-002 
1
3
1 2 2 2 0 -1
1 2 1 1 0 2
2 3 1 1 0 2
haar_x2_y2
4.784224e-002 0 -1
-6.599455e-002 3.543785e-001 
1
2
3 5 3 1 0 -1
4 5 1 1 0 3
haar_x3
3.447828e-002 0 -1
6.107341e-002 -3.581923e-001 
1
2
1 0 4 6 0 -1
2 0 2 6 0 2
haar_x4
-9.875493e-002 0 -1
9.766354e-002 -2.260710e-001 
1
2
0 2 3 1 0 -1
1 2 1 1 0 3
haar_x3
-8.088974e-004 0 -1
1.775452e-001 -1.369414e-001 
1
2
5 0 1 6 0 -1
5 3 1 3 0 2
haar_y2
-1.043164e-001 0 -1
-4.444250e-001 4.802874e-002 
1
2
4 5 2 1 0 -1
5 5 1 1 0 2
haar_x2
4.206346e-002 0 -1
6.322296e-002 -3.454787e-001 
1
2
0 0 6 3 0 -1
0 1 6 1 0 3
haar_y3
1.059103e-001 0 -1
-1.401430e-001 1.597248e-001 
1
3
3 2 2 2 0 -1
3 2 1 1 0 2
4 3 1 1 0 2
haar_x2_y2
-4.205217e-004 0 -1
1.615825e-001 -1.166116e-001 
1
2
5 2 1 2 0 -1
5 2 1 1 0 2
tilted_haar_y2
-1.225711e-001 0 -1
-2.831959e-001 6.730954e-002 
1
2
3 1 3 3 0 -1
4 2 1 1 0 9
haar_point
-3.040645e-001 0 -1
1.938435e-001 -1.048028e-001 
1
2
5 4 1 2 0 -1
5 5 1 1 0 2
haar_y2
1.295359e-001 0 -1
2.474826e-002 -7.472342e-001 
1
3
4 1 2 2 0 -1
4 1 1 1 0 2
5 2 1 1 0 2
haar_x2_y2
-1.843298e-003 0 -1
1.744423e-001 -1.004328e-001 
1
3
2 4 2 2 0 -1
2 4 1 1 0 2
3 5 1 1 0 2
haar_x2_y2
-2.231443e-002 0 -1
-2.664356e-001 6.530347e-002 
1
2
0 2 3 3 0 -1
1 3 1 1 0 9
haar_point
-4.888915e-001 0 -1
4.144448e-001 -4.488466e-002 
1
2
0 0 2 3 0 -1
1 0 1 3 0 2
haar_x2
-9.909409e-002 0 -1
-2.311248e-001 8.192846e-002 
1
2
1 1 4 1 0 -1
1 1 2 1 0 2
tilted_haar_x2
-4.228650e-001 0 -1
-4.759054e-001 4.415392e-002 
1
2
0 0 2 1 0 -1
1 0 1 1 0 2
haar_x2
4.108538e-002 0 -1
4.175642e-002 -4.114374e-001 
1
3
0 0 2 2 0 -1
0 0 1 1 0 2
1 1 1 1 0 2
haar_x2_y2
-6.531808e-004 0 -1
1.275014e-001 -1.489404e-001 
1
3
2 2 2 2 0 -1
2 2 1 1 0 2
3 3 1 1 0 2
haar_x2_y2
7.932242e-004 0 -1
-1.082349e-001 1.411124e-001 
1
2
2 3 4 1 0 -1
3 3 2 1 0 2
haar_x4
-9.615227e-002 0 -1
2.515034e-001 -7.268342e-002 
1
2
2 2 2 1 0 -1
3 2 1 1 0 2
haar_x2
7.083546e-004 0 -1
-1.095119e-001 1.645835e-001 
1
2
1 5 4 1 0 -1
3 5 2 1 0 2
haar_x2
7.866547e-002 0 -1
5.306042e-002 -3.446187e-001 
1
2
2 5 2 1 0 -1
3 5 1 1 0 2
haar_x2
7.066272e-004 0 -1
-1.098583e-001 1.594190e-001 
1
3
0 3 2 2 0 -1
0 3 1 1 0 2
1 4 1 1 0 2
haar_x2_y2
-7.489202e-004 0 -1
1.411384e-001 -1.102773e-001 
1
2
0 5 3 1 0 -1
1 5 1 1 0 3
haar_x3
-1.858059e-002 0 -1
-2.110666e-001 8.621467e-002 
1
2
0 5 3 1 0 -1
1 5 1 1 0 3
haar_x3
1.924691e-002 0 -1
8.484793e-002 -2.344972e-001 
1
2
1 0 4 4 0 -1
1 2 4 2 0 2
haar_y2
3.896768e-001 0 -1
3.505648e-002 -4.583445e-001 
1
2
1 0 3 1 0 -1
2 0 1 1 0 3
haar_x3
3.118112e-002 0 -1
5.679174e-002 -2.790865e-001 
1
2
0 1 6 4 0 -1
0 2 6 2 0 2
haar_y4
-1.253092e+000 0 -1
-8.091772e-001 1.866551e-002 
1
2
0 0 6 6 0 -1
0 3 6 3 0 2
haar_y2
-1.069027e+000 0 -1
-6.499810e-001 1.921988e-002 
1
2
2 0 3 2 0 -1
3 0 1 2 0 3
haar_x3
3.694891e-002 0 -1
5.561014e-002 -2.403585e-001 
1
2
3 1 2 1 0 -1
4 1 1 1 0 2
haar_x2
5.452151e-002 0 -1
3.882169e-002 -3.867321e-001 
1
2
0 2 6 4 0 -1
2 2 2 4 0 3
haar_x3
-2.629112e+000 0 -1
8.017271e-001 -2.007272e-002 
1
2
0 5 2 1 0 -1
1 5 1 1 0 2
haar_x2
4.712730e-004 0 -1
-9.388048e-002 1.594872e-001 
1
2
1 4 2 1 0 -1
2 4 1 1 0 2
haar_x2
5.728870e-002 0 -1
1.675322e-002 -8.496155e-001 
1
2
1 0 4 6 0 -1
2 0 2 6 0 2
haar_x4
8.534773e-002 0 -1
-4.480423e-002 3.773392e-001 
1
2
0 2 6 2 0 -1
2 2 2 2 0 3
haar_x3
-9.041012e-002 0 -1
6.238605e-002 -2.837619e-001 
1
3
4 3 2 2 0 -1
4 3 1 1 0 2
5 4 1 1 0 2
haar_x2_y2
7.945682e-004 0 -1
-9.714971e-002 1.515846e-001 
1
2
3 1 2 4 0 -1
3 2 2 2 0 2
haar_y4
-4.947888e-001 0 -1
5.986749e-001 -2.467637e-002 
1
2
0 5 4 1 0 -1
2 5 2 1 0 2
haar_x2
1.336466e-001 0 -1
2.412874e-002 -6.447911e-001 
-1.227973e+000

5
-1
