14
1
2
0 4 6 2 0 -1
0 5 6 1 0 2
haar_y2
5.879989e-002 0 -1
-5.165114e-001 4.546653e-001 
1
3
3 2 2 4 0 -1
3 2 1 2 0 2
4 4 1 2 0 2
haar_x2_y2
-4.948812e-002 0 -1
5.271673e-001 -4.038252e-001 
1
3
1 3 2 2 0 -1
1 3 1 1 0 2
2 4 1 1 0 2
haar_x2_y2
2.545182e-002 0 -1
-2.648178e-001 4.127583e-001 
1
2
4 1 1 4 0 -1
4 1 1 2 0 2
tilted_haar_y2
-4.019840e-001 0 -1
2.588544e-001 -2.356530e-001 
1
2
1 0 3 2 0 -1
1 1 3 1 0 2
haar_y2
2.770380e-002 0 -1
-1.229851e-001 4.374087e-001 
1
2
3 2 3 4 0 -1
3 3 3 2 0 2
haar_y4
-3.280252e-001 0 -1
-7.971397e-001 7.533894e-002 
1
2
2 5 3 1 0 -1
3 5 1 1 0 3
haar_x3
-5.832957e-002 0 -1
-8.158466e-001 5.046747e-002 
1
2
0 2 6 4 0 -1
0 3 6 2 0 2
haar_y4
6.732202e-001 0 -1
6.564955e-002 -7.903550e-001 
1
2
0 3 6 2 0 -1
0 4 6 1 0 2
haar_y2
7.397055e-001 0 -1
6.776570e-002 -7.920974e-001 
1
2
1 4 4 2 0 -1
2 4 2 2 0 2
haar_x4
-1.043854e-002 0 -1
1.872218e-001 -2.479524e-001 
1
2
0 5 3 1 0 -1
1 5 1 1 0 3
haar_x3
4.018645e-002 0 -1
8.182237e-002 -6.398315e-001 
1
2
2 0 3 2 0 -1
3 0 1 2 0 3
haar_x3
-8.172101e-002 0 -1
-5.569273e-001 5.920036e-002 
1
2
2 5 3 1 0 -1
3 5 1 1 0 3
haar_x3
4.815783e-002 0 -1
4.603256e-002 -8.482816e-001 
1
2
1 2 3 2 0 -1
2 2 1 2 0 3
haar_x3
5.950368e-002 0 -1
-9.227683e-002 4.241664e-001 
-1.342132e+000

7
-1
