293
1
2
4 0 2 3 0 -1
3 1 2 1 0 3
tilted_haar_y3
-4.313242e-001 0 -1
1.608883e-001 -7.975952e-002 
1
3
4 3 2 2 0 -1
4 3 1 1 0 2
5 4 1 1 0 2
haar_x2_y2
1.775748e-003 0 -1
-1.271074e-001 1.019417e-001 
1
2
0 4 1 2 0 -1
0 5 1 1 0 2
haar_y2
7.408234e-003 0 -1
-1.733790e-001 6.579420e-002 
1
3
1 2 2 2 0 -1
1 2 1 1 0 2
2 3 1 1 0 2
haar_x2_y2
-4.174456e-002 0 -1
2.047559e-001 -2.947133e-002 
1
2
4 2 1 2 0 -1
4 3 1 1 0 2
haar_y2
2.186548e-002 0 -1
-1.695254e-001 2.763823e-002 
1
3
4 3 2 2 0 -1
4 3 1 1 0 2
5 4 1 1 0 2
haar_x2_y2
-1.737352e-003 0 -1
1.357465e-001 -4.029889e-002 
1
2
3 0 3 1 0 -1
4 0 1 1 0 3
haar_x3
-8.108169e-002 0 -1
-5.201356e-001 -6.053893e-003 
1
2
3 0 3 1 0 -1
4 0 1 1 0 3
haar_x3
-8.025247e-002 0 -1
8.579360e-001 -7.611798e-004 
1
2
3 0 3 1 0 -1
4 0 1 1 0 3
haar_x3
-7.950074e-002 0 -1
-7.209353e-001 5.709075e-004 
1
2
4 4 2 2 0 -1
4 5 2 1 0 2
haar_y2
1.979578e-002 0 -1
-1.107392e-001 5.561796e-002 
1
2
3 2 3 2 0 -1
4 2 1 2 0 3
haar_x3
1.952607e-001 0 -1
-3.272094e-002 1.779957e-001 
1
2
1 0 4 2 0 -1
3 0 2 2 0 2
haar_x2
-8.166733e-002 0 -1
9.128412e-002 -6.737857e-002 
1
2
0 4 3 1 0 -1
1 4 1 1 0 3
haar_x3
2.813344e-002 0 -1
5.393419e-002 -1.294516e-001 
1
3
0 1 4 4 0 -1
0 1 2 2 0 2
2 3 2 2 0 2
haar_x2_y2
1.891557e-001 0 -1
3.538759e-002 -2.097232e-001 
1
2
2 0 3 1 0 -1
3 0 1 1 0 3
haar_x3
-2.813327e-002 0 -1
-1.761148e-001 3.269052e-002 
1
2
2 0 2 2 0 -1
2 1 2 1 0 2
haar_y2
1.534150e-001 0 -1
-2.153778e-002 3.150979e-001 
1
2
0 1 6 2 0 -1
2 1 2 2 0 3
haar_x3
-6.547493e-002 0 -1
4.215114e-002 -1.728478e-001 
1
2
5 0 1 2 0 -1
5 1 1 1 0 2
haar_y2
6.569117e-002 0 -1
2.010984e-002 -2.886653e-001 
1
2
3 0 1 2 0 -1
3 1 1 1 0 2
haar_y2
1.151960e-002 0 -1
-4.839354e-002 1.307095e-001 
1
2
1 0 3 3 0 -1
1 1 3 1 0 3
haar_y3
-2.602876e-001 0 -1
1.948626e-001 -3.072190e-002 
1
2
0 0 1 6 0 -1
0 2 1 2 0 3
haar_y3
-1.668559e-001 0 -1
6.406897e-002 -8.455418e-002 
1
3
2 0 4 4 0 -1
2 0 2 2 0 2
4 2 2 2 0 2
haar_x2_y2
-1.217662e-001 0 -1
2.390264e-001 -2.691343e-002 
1
2
0 0 2 3 0 -1
1 0 1 3 0 2
haar_x2
-1.057875e-001 0 -1
-1.628875e-001 3.065966e-002 
1
3
0 2 2 4 0 -1
0 2 1 2 0 2
1 4 1 2 0 2
haar_x2_y2
9.491991e-002 0 -1
-3.124831e-002 1.791037e-001 
1
2
1 2 2 1 0 -1
2 2 1 1 0 2
haar_x2
-1.795690e-003 0 -1
3.414858e-002 -1.425507e-001 
1
2
4 5 2 1 0 -1
5 5 1 1 0 2
haar_x2
2.472561e-003 0 -1
-7.762197e-002 6.116283e-002 
1
2
4 5 2 1 0 -1
5 5 1 1 0 2
haar_x2
-1.595351e-003 0 -1
1.064121e-001 -5.551364e-002 
1
2
4 5 2 1 0 -1
5 5 1 1 0 2
haar_x2
-3.343956e-002 0 -1
-2.974700e-001 1.623088e-002 
1
2
3 4 3 1 0 -1
4 4 1 1 0 3
haar_x3
-7.079481e-002 0 -1
-4.077248e-001 1.114157e-002 
1
2
4 3 2 1 0 -1
5 3 1 1 0 2
haar_x2
1.545298e-001 0 -1
-1.218966e-002 5.161122e-001 
1
2
2 3 3 1 0 -1
3 3 1 1 0 3
haar_x3
-6.917788e-002 0 -1
7.510565e-002 -5.734140e-002 
1
3
2 4 2 2 0 -1
2 4 1 1 0 2
3 5 1 1 0 2
haar_x2_y2
2.330885e-002 0 -1
3.382802e-002 -1.673381e-001 
1
2
3 3 3 3 0 -1
4 4 1 1 0 9
haar_point
-7.242043e-002 0 -1
1.182127e-001 -3.619933e-002 
1
2
5 3 1 3 0 -1
5 4 1 1 0 3
haar_y3
-5.372600e-002 0 -1
-2.151197e-001 2.813843e-002 
1
2
0 1 3 2 0 -1
0 2 3 1 0 2
haar_y2
2.117657e-001 0 -1
7.766820e-003 -4.608396e-001 
1
2
0 1 6 4 0 -1
0 2 6 2 0 2
haar_y4
3.468011e-002 0 -1
-2.041611e-002 2.248062e-001 
1
2
5 1 1 3 0 -1
5 2 1 1 0 3
haar_y3
4.717262e-002 0 -1
1.810776e-002 -2.433201e-001 
1
2
0 3 1 3 0 -1
0 4 1 1 0 3
haar_y3
-5.288453e-002 0 -1
-1.961283e-001 2.281428e-002 
1
3
2 4 4 2 0 -1
2 4 2 1 0 2
4 5 2 1 0 2
haar_x2_y2
4.617666e-002 0 -1
-3.238782e-002 1.235343e-001 
1
2
2 5 3 1 0 -1
3 5 1 1 0 3
haar_x3
-3.125504e-002 0 -1
-1.920823e-001 2.411553e-002 
1
2
2 4 4 2 0 -1
4 4 2 2 0 2
haar_x2
4.620702e-002 0 -1
-6.054631e-002 7.198226e-002 
1
2
5 0 1 6 0 -1
5 3 1 3 0 2
haar_y2
3.392723e-001 0 -1
2.783039e-002 -1.653558e-001 
1
2
0 0 6 1 0 -1
3 0 3 1 0 2
haar_x2
-2.907023e-002 0 -1
7.004482e-002 -7.553224e-002 
1
2
0 0 6 1 0 -1
3 0 3 1 0 2
haar_x2
7.984872e-002 0 -1
-3.906804e-002 1.132393e-001 
1
2
3 0 3 3 0 -1
4 0 1 3 0 3
haar_x3
1.000172e-001 0 -1
2.615617e-002 -1.557598e-001 
1
2
4 1 2 1 0 -1
4 1 1 1 0 2
tilted_haar_x2
-2.529680e-001 0 -1
2.776024e-001 -1.563466e-002 
1
2
0 1 2 3 0 -1
0 2 2 1 0 3
haar_y3
-1.050680e-001 0 -1
4.917954e-002 -8.288383e-002 
1
2
0 1 3 3 0 -1
0 2 3 1 0 3
haar_y3
-5.775151e-001 0 -1
-2.650111e-001 1.504880e-002 
1
3
0 2 2 2 0 -1
0 2 1 1 0 2
1 3 1 1 0 2
haar_x2_y2
6.130680e-002 0 -1
-3.146981e-002 1.266225e-001 
1
2
1 1 2 3 0 -1
1 2 2 1 0 3
haar_y3
8.217664e-002 0 -1
-1.613593e-002 2.568788e-001 
1
3
1 2 4 2 0 -1
1 2 2 1 0 2
3 3 2 1 0 2
haar_x2_y2
1.175283e-001 0 -1
2.366692e-002 -1.641818e-001 
1
2
3 0 3 3 0 -1
4 1 1 1 0 9
haar_point
-5.420061e-001 0 -1
-4.415639e-001 8.491618e-003 
1
3
1 3 4 2 0 -1
1 3 2 1 0 2
3 4 2 1 0 2
haar_x2_y2
1.773162e-001 0 -1
1.081159e-002 -3.469605e-001 
1
2
0 0 6 6 0 -1
2 0 2 6 0 3
haar_x3
2.986856e-001 0 -1
-1.095846e-002 3.855512e-001 
1
2
2 0 3 1 0 -1
3 0 1 1 0 3
haar_x3
8.990335e-002 0 -1
7.346227e-003 -5.107681e-001 
1
2
1 5 3 1 0 -1
2 5 1 1 0 3
haar_x3
-5.784285e-002 0 -1
-2.987608e-001 1.045617e-002 
1
2
0 3 3 1 0 -1
1 3 1 1 0 3
haar_x3
-1.117481e-001 0 -1
2.610582e-001 -1.411735e-002 
1
2
0 2 2 1 0 -1
1 2 1 1 0 2
haar_x2
-7.495309e-002 0 -1
-1.828778e-001 2.071014e-002 
1
2
0 2 6 4 0 -1
2 2 2 4 0 3
haar_x3
-3.123043e-001 0 -1
4.401270e-002 -9.427483e-002 
1
2
2 2 4 2 0 -1
4 2 2 2 0 2
haar_x2
2.726432e-001 0 -1
4.450979e-002 -9.680896e-002 
1
3
0 0 6 4 0 -1
0 0 3 2 0 2
3 2 3 2 0 2
haar_x2_y2
3.901199e-001 0 -1
-3.389586e-002 1.312421e-001 
1
2
2 0 1 2 0 -1
2 0 1 1 0 2
tilted_haar_y2
1.769637e-001 0 -1
1.143932e-002 -3.409516e-001 
1
2
2 0 4 1 0 -1
3 0 2 1 0 2
haar_x4
2.152710e-002 0 -1
-3.382910e-002 1.023347e-001 
1
2
3 0 3 1 0 -1
4 0 1 1 0 3
haar_x3
4.445009e-002 0 -1
1.400332e-002 -2.311275e-001 
1
2
1 3 1 3 0 -1
1 4 1 1 0 3
haar_y3
-1.512856e-002 0 -1
8.551966e-002 -3.970314e-002 
1
3
2 2 4 4 0 -1
2 2 2 2 0 2
4 4 2 2 0 2
haar_x2_y2
2.571283e-001 0 -1
6.749006e-003 -5.257288e-001 
1
2
0 0 3 4 0 -1
1 0 1 4 0 3
haar_x3
-9.491462e-002 0 -1
1.284297e-001 -2.695514e-002 
1
2
2 3 1 2 0 -1
2 3 1 1 0 2
tilted_haar_y2
-2.083877e-001 0 -1
-2.067104e-001 2.248730e-002 
1
2
0 5 6 1 0 -1
2 5 2 1 0 3
haar_x3
-2.697672e-001 0 -1
3.314042e-001 -1.240747e-002 
1
2
0 4 2 2 0 -1
1 4 1 2 0 2
haar_x2
-1.163437e-001 0 -1
-2.580468e-001 1.492527e-002 
1
2
0 0 3 3 0 -1
1 0 1 3 0 3
haar_x3
-3.080371e-001 0 -1
3.911435e-001 -9.054052e-003 
1
2
0 1 4 1 0 -1
1 1 2 1 0 2
haar_x4
-1.113336e-001 0 -1
-2.995758e-001 1.266926e-002 
1
2
2 1 3 1 0 -1
3 1 1 1 0 3
haar_x3
-6.430002e-002 0 -1
-2.349530e-001 1.342720e-002 
1
2
2 0 3 2 0 -1
3 0 1 2 0 3
haar_x3
-1.565681e-003 0 -1
5.627226e-002 -7.905224e-002 
1
2
0 0 6 1 0 -1
2 0 2 1 0 3
haar_x3
6.615480e-002 0 -1
-4.244959e-002 1.010944e-001 
1
2
0 0 6 1 0 -1
2 0 2 1 0 3
haar_x3
-3.761121e-002 0 -1
8.499235e-002 -5.549497e-002 
1
2
1 0 5 4 0 -1
1 2 5 2 0 2
haar_y2
-1.086593e+000 0 -1
2.267705e-001 -1.812510e-002 
1
2
0 4 6 2 0 -1
3 4 3 2 0 2
haar_x2
3.283161e-001 0 -1
1.282449e-002 -3.064399e-001 
1
2
0 0 6 6 0 -1
3 0 3 6 0 2
haar_x2
2.888185e-001 0 -1
-3.736298e-002 9.825733e-002 
1
2
2 0 4 1 0 -1
4 0 2 1 0 2
haar_x2
-3.801488e-002 0 -1
7.887074e-002 -5.121222e-002 
1
3
2 0 4 2 0 -1
2 0 2 1 0 2
4 1 2 1 0 2
haar_x2_y2
-2.197875e-002 0 -1
8.994822e-002 -4.306180e-002 
1
2
4 1 1 4 0 -1
4 1 1 2 0 2
tilted_haar_y2
-4.417292e-001 0 -1
5.502058e-002 -5.948769e-002 
1
2
1 1 3 3 0 -1
2 1 1 3 0 3
haar_x3
1.558389e-001 0 -1
-1.494827e-002 2.521392e-001 
1
2
2 2 4 1 0 -1
4 2 2 1 0 2
haar_x2
2.073176e-002 0 -1
-1.159019e-001 3.385562e-002 
1
3
3 2 2 2 0 -1
3 2 1 1 0 2
4 3 1 1 0 2
haar_x2_y2
6.288551e-002 0 -1
-3.674309e-002 1.357653e-001 
1
3
3 3 2 2 0 -1
3 3 1 1 0 2
4 4 1 1 0 2
haar_x2_y2
3.537271e-002 0 -1
-1.814703e-002 2.250824e-001 
1
2
3 4 2 1 0 -1
4 4 1 1 0 2
haar_x2
2.502576e-002 0 -1
3.879128e-002 -1.097519e-001 
1
2
2 2 3 1 0 -1
3 3 1 1 0 3
tilted_haar_x3
8.244368e-002 0 -1
1.877877e-002 -1.904860e-001 
1
2
4 1 1 2 0 -1
4 1 1 1 0 2
tilted_haar_y2
-1.588437e-001 0 -1
2.150570e-001 -1.719965e-002 
1
2
5 0 1 4 0 -1
5 0 1 2 0 2
tilted_haar_y2
-4.292006e-001 0 -1
-3.145747e-001 1.270344e-002 
1
2
1 0 3 1 0 -1
2 0 1 1 0 3
haar_x3
7.135315e-002 0 -1
8.266649e-003 -4.025058e-001 
1
2
0 0 4 3 0 -1
1 0 2 3 0 2
haar_x4
3.074073e-001 0 -1
-6.966809e-003 5.467813e-001 
1
2
1 2 4 3 0 -1
3 2 2 3 0 2
haar_x2
6.269660e-001 0 -1
-4.749861e-003 6.126814e-001 
1
3
0 3 6 2 0 -1
0 3 3 1 0 2
3 4 3 1 0 2
haar_x2_y2
-2.848889e-001 0 -1
-3.569287e-001 1.034899e-002 
1
2
2 4 3 2 0 -1
3 4 1 2 0 3
haar_x3
-1.682820e-003 0 -1
4.598716e-002 -7.443038e-002 
1
2
2 1 4 2 0 -1
3 1 2 2 0 2
haar_x4
-1.696434e-001 0 -1
-2.141476e-001 1.555606e-002 
1
2
0 5 6 1 0 -1
2 5 2 1 0 3
haar_x3
7.656989e-002 0 -1
-1.800524e-002 1.664059e-001 
1
2
1 5 3 1 0 -1
2 5 1 1 0 3
haar_x3
2.530928e-002 0 -1
1.966913e-002 -2.133355e-001 
1
2
2 2 4 4 0 -1
3 2 2 4 0 2
haar_x4
-1.643820e-001 0 -1
1.085111e-001 -3.175010e-002 
1
2
4 3 2 2 0 -1
5 3 1 2 0 2
haar_x2
4.498063e-002 0 -1
3.540627e-002 -1.145003e-001 
1
2
0 5 3 1 0 -1
1 5 1 1 0 3
haar_x3
-1.677183e-003 0 -1
6.142950e-002 -5.261269e-002 
1
3
4 3 2 2 0 -1
4 3 1 1 0 2
5 4 1 1 0 2
haar_x2_y2
-6.613959e-002 0 -1
1.717758e-001 -1.900425e-002 
1
2
4 2 1 2 0 -1
4 3 1 1 0 2
haar_y2
7.018459e-002 0 -1
-5.023847e-002 6.578663e-002 
1
2
0 2 1 2 0 -1
0 3 1 1 0 2
haar_y2
-4.802981e-002 0 -1
1.589860e-001 -2.319968e-002 
1
2
1 1 1 4 0 -1
1 3 1 2 0 2
haar_y2
4.683881e-003 0 -1
-1.327661e-001 2.721086e-002 
1
2
1 2 2 4 0 -1
1 3 2 2 0 2
haar_y4
1.346567e-001 0 -1
3.046455e-002 -1.203095e-001 
1
2
3 4 1 2 0 -1
3 5 1 1 0 2
haar_y2
-5.270429e-002 0 -1
3.606692e-001 -9.955763e-003 
1
2
2 4 4 2 0 -1
3 4 2 2 0 2
haar_x4
-9.208906e-003 0 -1
6.034823e-002 -6.096327e-002 
1
2
1 1 1 3 0 -1
1 2 1 1 0 3
haar_y3
-1.425541e-001 0 -1
9.474565e-002 -3.466433e-002 
1
2
0 2 3 1 0 -1
1 2 1 1 0 3
haar_x3
1.346104e-001 0 -1
-1.618390e-002 2.216926e-001 
1
2
1 2 1 4 0 -1
1 4 1 2 0 2
haar_y2
8.238722e-002 0 -1
-1.313176e-001 2.729572e-002 
1
2
0 1 3 4 0 -1
0 2 3 2 0 2
haar_y4
-9.030004e-002 0 -1
-3.125223e-002 1.228579e-001 
1
2
1 0 5 4 0 -1
1 1 5 2 0 2
haar_y4
2.575369e-001 0 -1
-1.648698e-002 2.405731e-001 
1
2
0 0 1 4 0 -1
0 2 1 2 0 2
haar_y2
1.096031e-001 0 -1
2.367067e-002 -1.577327e-001 
1
3
0 0 2 2 0 -1
0 0 1 1 0 2
1 1 1 1 0 2
haar_x2_y2
7.795277e-002 0 -1
9.761808e-003 -3.768270e-001 
1
2
0 0 1 3 0 -1
0 1 1 1 0 3
haar_y3
2.288878e-001 0 -1
5.432976e-003 -5.647224e-001 
1
2
0 1 6 2 0 -1
2 1 2 2 0 3
haar_x3
-7.863296e-001 0 -1
3.976324e-001 -9.673549e-003 
1
2
0 0 6 1 0 -1
3 0 3 1 0 2
haar_x2
-3.542058e-001 0 -1
-3.358079e-001 1.082263e-002 
1
2
1 1 4 1 0 -1
3 1 2 1 0 2
haar_x2
-3.014866e-001 0 -1
7.524320e-001 -5.087986e-003 
1
2
2 0 3 1 0 -1
3 0 1 1 0 3
haar_x3
-7.155047e-002 0 -1
-4.452612e-001 8.190539e-003 
1
2
3 1 3 4 0 -1
3 3 3 2 0 2
haar_y2
-2.848209e-001 0 -1
-4.266028e-001 6.354441e-003 
1
3
0 0 4 2 0 -1
0 0 2 1 0 2
2 1 2 1 0 2
haar_x2_y2
7.634402e-002 0 -1
-2.252585e-002 1.394047e-001 
1
3
1 0 2 2 0 -1
1 0 1 1 0 2
2 1 1 1 0 2
haar_x2_y2
5.127697e-002 0 -1
1.250559e-002 -2.645338e-001 
1
2
2 4 3 1 0 -1
3 4 1 1 0 3
haar_x3
1.779839e-003 0 -1
-4.176542e-002 7.128592e-002 
1
2
2 4 3 1 0 -1
3 4 1 1 0 3
haar_x3
2.318422e-002 0 -1
2.503602e-002 -1.490712e-001 
1
2
2 0 3 6 0 -1
2 3 3 3 0 2
haar_y2
-2.534558e-001 0 -1
2.374326e-001 -1.255066e-002 
1
2
3 0 2 4 0 -1
3 2 2 2 0 2
haar_y2
-2.551088e-001 0 -1
-9.123846e-002 3.809637e-002 
1
2
1 1 5 2 0 -1
1 2 5 1 0 2
haar_y2
-1.601574e-001 0 -1
5.719709e-002 -7.316039e-002 
1
2
0 1 4 1 0 -1
1 1 2 1 0 2
haar_x4
-1.667378e-002 0 -1
6.867050e-002 -5.188330e-002 
1
2
1 0 3 2 0 -1
2 0 1 2 0 3
haar_x3
-5.641144e-002 0 -1
-1.530788e-001 2.613436e-002 
1
2
2 0 3 4 0 -1
3 0 1 4 0 3
haar_x3
-1.361150e-001 0 -1
6.722341e-002 -4.940036e-002 
1
2
2 3 2 2 0 -1
3 3 1 2 0 2
haar_x2
1.537402e-003 0 -1
-5.885572e-002 5.879646e-002 
1
2
3 2 3 4 0 -1
3 3 3 2 0 2
haar_y4
3.182759e-001 0 -1
1.232946e-002 -3.021610e-001 
1
2
0 5 6 1 0 -1
3 5 3 1 0 2
haar_x2
-4.433463e-002 0 -1
7.982076e-002 -4.290661e-002 
1
2
0 5 4 1 0 -1
2 5 2 1 0 2
haar_x2
1.227981e-002 0 -1
-4.028881e-002 9.099989e-002 
1
2
1 5 3 1 0 -1
2 5 1 1 0 3
haar_x3
-2.577028e-003 0 -1
6.085566e-002 -6.428470e-002 
1
2
3 0 2 3 0 -1
2 1 2 1 0 3
tilted_haar_y3
-4.954640e-001 0 -1
-1.514922e-001 2.280843e-002 
1
2
0 2 1 4 0 -1
0 3 1 2 0 2
haar_y4
-1.928305e-002 0 -1
-8.480445e-002 4.436911e-002 
1
2
0 5 2 1 0 -1
1 5 1 1 0 2
haar_x2
4.983239e-002 0 -1
4.956496e-003 -6.466480e-001 
1
2
0 4 2 2 0 -1
1 4 1 2 0 2
haar_x2
1.154425e-002 0 -1
-4.464701e-002 8.002135e-002 
1
2
0 0 4 6 0 -1
1 0 2 6 0 2
haar_x4
-2.096353e-001 0 -1
1.215630e-001 -2.965799e-002 
1
3
1 2 2 4 0 -1
1 2 1 2 0 2
2 4 1 2 0 2
haar_x2_y2
5.765203e-002 0 -1
-5.724825e-002 5.582527e-002 
1
2
2 5 3 1 0 -1
3 5 1 1 0 3
haar_x3
3.236260e-002 0 -1
1.270219e-002 -2.554065e-001 
1
2
1 1 3 3 0 -1
2 1 1 3 0 3
haar_x3
2.707598e-003 0 -1
-3.375536e-002 1.028640e-001 
1
2
2 1 2 2 0 -1
2 1 1 2 0 2
tilted_haar_x2
-2.815589e-001 0 -1
-4.037683e-001 7.716441e-003 
1
2
0 3 4 3 0 -1
1 3 2 3 0 2
haar_x4
3.746627e-001 0 -1
-5.101354e-003 6.434158e-001 
1
2
1 4 3 2 0 -1
2 4 1 2 0 3
haar_x3
9.528404e-002 0 -1
8.016872e-003 -4.414492e-001 
1
2
4 3 2 1 0 -1
4 3 1 1 0 2
tilted_haar_x2
1.026132e-001 0 -1
-4.708896e-003 6.949996e-001 
1
2
4 3 2 2 0 -1
5 3 1 2 0 2
haar_x2
-1.345013e-001 0 -1
-3.926655e-001 9.801509e-003 
1
2
5 1 1 3 0 -1
4 2 1 1 0 3
tilted_haar_y3
-4.343780e-001 0 -1
-3.647039e-001 6.998820e-003 
1
2
3 1 2 1 0 -1
4 1 1 1 0 2
haar_x2
-8.210921e-002 0 -1
-6.902245e-001 3.462284e-003 
1
2
3 0 3 2 0 -1
4 1 1 2 0 3
tilted_haar_x3
7.517859e-002 0 -1
-1.065239e-002 2.814735e-001 
1
3
2 2 4 4 0 -1
2 2 2 2 0 2
4 4 2 2 0 2
haar_x2_y2
2.685688e-002 0 -1
2.300345e-002 -1.299428e-001 
1
3
0 3 2 2 0 -1
0 3 1 1 0 2
1 4 1 1 0 2
haar_x2_y2
7.734436e-003 0 -1
4.328825e-002 -6.693601e-002 
1
3
0 1 2 2 0 -1
0 1 1 1 0 2
1 2 1 1 0 2
haar_x2_y2
-1.590465e-002 0 -1
6.444670e-002 -5.023772e-002 
1
2
3 0 2 3 0 -1
3 1 2 1 0 3
haar_y3
-2.968119e-001 0 -1
2.787983e-001 -1.189664e-002 
1
2
5 2 1 4 0 -1
5 4 1 2 0 2
haar_y2
1.462978e-001 0 -1
-5.745229e-002 5.031860e-002 
1
2
0 4 3 1 0 -1
1 4 1 1 0 3
haar_x3
1.138372e-001 0 -1
-1.009794e-002 2.927172e-001 
1
2
2 3 4 3 0 -1
3 3 2 3 0 2
haar_x4
1.595686e-001 0 -1
-1.561176e-002 1.872672e-001 
1
2
2 1 4 1 0 -1
2 1 2 1 0 2
tilted_haar_x2
-4.532654e-001 0 -1
-1.241237e-001 2.913269e-002 
1
2
0 0 1 2 0 -1
0 1 1 1 0 2
haar_y2
6.265083e-002 0 -1
1.718573e-002 -1.722629e-001 
1
2
0 1 2 1 0 -1
1 1 1 1 0 2
haar_x2
-2.083095e-003 0 -1
4.228720e-002 -6.864218e-002 
1
2
0 1 2 2 0 -1
1 1 1 2 0 2
haar_x2
-3.761972e-002 0 -1
-7.083962e-002 5.302839e-002 
1
2
0 2 2 1 0 -1
1 2 1 1 0 2
haar_x2
-1.757923e-003 0 -1
4.150267e-002 -1.018398e-001 
1
3
0 1 2 2 0 -1
0 1 1 1 0 2
1 2 1 1 0 2
haar_x2_y2
3.396408e-002 0 -1
-2.668130e-002 1.088234e-001 
1
2
4 1 1 2 0 -1
4 1 1 1 0 2
tilted_haar_y2
-1.777231e-002 0 -1
-7.212409e-002 4.372092e-002 
1
2
0 1 4 4 0 -1
0 3 4 2 0 2
haar_y2
9.243209e-001 0 -1
-1.353638e-002 2.887214e-001 
1
2
2 1 4 5 0 -1
4 1 2 5 0 2
haar_x2
-2.786482e-001 0 -1
2.882507e-001 -9.492713e-003 
1
2
3 2 1 4 0 -1
3 4 1 2 0 2
haar_y2
1.464028e-001 0 -1
-1.367653e-001 2.398456e-002 
1
2
2 3 2 2 0 -1
2 4 2 1 0 2
haar_y2
2.976406e-001 0 -1
1.302888e-002 -2.478892e-001 
1
2
0 2 6 3 0 -1
0 3 6 1 0 3
haar_y3
-8.084415e-001 0 -1
2.922158e-001 -1.156480e-002 
1
2
2 2 3 4 0 -1
2 3 3 2 0 2
haar_y4
-1.169534e-001 0 -1
-1.192308e-001 2.497341e-002 
1
2
5 2 1 3 0 -1
5 3 1 1 0 3
haar_y3
2.212600e-001 0 -1
-7.193879e-003 4.363847e-001 
1
2
1 1 4 1 0 -1
1 1 2 1 0 2
tilted_haar_x2
2.126765e-001 0 -1
-1.392835e-002 2.051855e-001 
1
2
1 2 2 1 0 -1
2 2 1 1 0 2
haar_x2
-5.337030e-002 0 -1
-8.915785e-002 3.716704e-002 
1
2
1 2 4 3 0 -1
2 2 2 3 0 2
haar_x4
-7.025196e-002 0 -1
2.872957e-002 -1.216585e-001 
1
2
1 3 4 2 0 -1
2 3 2 2 0 2
haar_x4
-7.837614e-002 0 -1
-4.773201e-002 7.548945e-002 
1
2
1 0 3 1 0 -1
2 1 1 1 0 3
tilted_haar_x3
1.036832e-001 0 -1
-3.100877e-002 1.118071e-001 
1
2
2 0 2 3 0 -1
2 1 2 1 0 3
haar_y3
-5.298069e-002 0 -1
8.109140e-002 -3.784105e-002 
1
2
3 0 1 4 0 -1
3 1 1 2 0 2
haar_y4
-1.202053e-001 0 -1
-8.152597e-002 3.840686e-002 
1
2
0 3 6 3 0 -1
0 4 6 1 0 3
haar_y3
4.180551e-001 0 -1
2.614742e-002 -1.305810e-001 
1
2
2 2 4 1 0 -1
4 2 2 1 0 2
haar_x2
-2.423125e-002 0 -1
-1.794314e-001 2.095128e-002 
1
2
5 3 1 3 0 -1
5 4 1 1 0 3
haar_y3
-1.671416e-001 0 -1
-6.332019e-001 4.926642e-003 
1
2
3 1 3 3 0 -1
4 2 1 1 0 9
haar_point
-2.980480e-001 0 -1
6.777614e-002 -4.580896e-002 
1
2
3 3 3 3 0 -1
4 4 1 1 0 9
haar_point
3.789106e-001 0 -1
-2.002701e-002 1.729656e-001 
1
2
3 4 3 2 0 -1
4 4 1 2 0 3
haar_x3
1.093669e-001 0 -1
1.206566e-002 -2.625032e-001 
1
2
4 1 1 2 0 -1
4 2 1 1 0 2
haar_y2
1.882632e-003 0 -1
-4.158736e-002 7.824694e-002 
1
2
1 0 5 4 0 -1
1 2 5 2 0 2
haar_y2
3.917695e-001 0 -1
1.978398e-002 -1.871681e-001 
1
2
2 0 1 4 0 -1
2 2 1 2 0 2
haar_y2
1.086167e-001 0 -1
-1.689434e-002 2.236196e-001 
1
2
3 0 2 2 0 -1
3 0 1 2 0 2
tilted_haar_x2
5.160192e-001 0 -1
5.716374e-003 -5.103205e-001 
1
2
1 0 3 6 0 -1
1 2 3 2 0 3
haar_y3
-1.516473e+000 0 -1
1.824440e-001 -1.820980e-002 
1
2
1 1 5 2 0 -1
1 2 5 1 0 2
haar_y2
-5.869608e-001 0 -1
-2.542331e-001 1.156259e-002 
1
2
1 0 5 2 0 -1
1 1 5 1 0 2
haar_y2
-7.064241e-001 0 -1
-4.984353e-001 4.976426e-003 
1
2
5 2 1 3 0 -1
5 3 1 1 0 3
haar_y3
-2.580361e-001 0 -1
-1.000000e+000 2.016915e-003 
1
2
3 4 2 1 0 -1
4 4 1 1 0 2
haar_x2
-5.144728e-002 0 -1
-5.048704e-001 4.484766e-003 
1
3
0 4 6 2 0 -1
0 4 3 1 0 2
3 5 3 1 0 2
haar_x2_y2
4.520489e-002 0 -1
-3.428260e-002 8.111317e-002 
1
2
2 2 4 2 0 -1
3 2 2 2 0 2
haar_x4
-2.572221e-001 0 -1
-2.347806e-001 1.254680e-002 
1
2
3 0 3 5 0 -1
4 0 1 5 0 3
haar_x3
-2.023517e-001 0 -1
2.610790e-001 -1.543270e-002 
1
2
2 2 3 3 0 -1
3 3 1 1 0 9
haar_point
-5.796206e-001 0 -1
1.265324e-001 -2.596984e-002 
1
2
1 1 3 3 0 -1
2 2 1 1 0 9
haar_point
-3.180324e-001 0 -1
4.446280e-002 -7.306028e-002 
1
2
2 1 1 3 0 -1
2 2 1 1 0 3
haar_y3
1.141583e-002 0 -1
-2.007008e-002 1.586435e-001 
1
2
3 0 3 2 0 -1
4 0 1 2 0 3
haar_x3
-7.149678e-002 0 -1
-1.503437e-001 1.925587e-002 
1
2
1 3 4 2 0 -1
1 4 4 1 0 2
haar_y2
3.044375e-001 0 -1
4.313394e-002 -7.389973e-002 
1
2
1 3 2 1 0 -1
1 3 1 1 0 2
tilted_haar_x2
-1.671352e-002 0 -1
3.267857e-002 -1.101921e-001 
1
2
0 5 2 1 0 -1
1 5 1 1 0 2
haar_x2
-2.125508e-003 0 -1
6.362392e-002 -6.674762e-002 
1
2
1 2 4 3 0 -1
2 2 2 3 0 2
haar_x4
-5.014522e-001 0 -1
-3.649538e-001 8.053290e-003 
1
2
1 3 3 1 0 -1
2 3 1 1 0 3
haar_x3
-3.225486e-002 0 -1
4.677643e-002 -6.573611e-002 
1
2
2 3 3 1 0 -1
3 3 1 1 0 3
haar_x3
-4.560504e-002 0 -1
6.001175e-002 -6.893338e-002 
1
2
1 3 2 2 0 -1
2 3 1 2 0 2
haar_x2
-3.092501e-002 0 -1
-4.843631e-002 7.896004e-002 
1
2
4 0 2 2 0 -1
5 0 1 2 0 2
haar_x2
-5.316828e-002 0 -1
-2.067954e-001 1.433281e-002 
1
2
2 0 4 2 0 -1
3 0 2 2 0 2
haar_x4
6.144539e-002 0 -1
-2.211022e-002 1.669982e-001 
1
2
1 1 4 1 0 -1
3 1 2 1 0 2
haar_x2
-1.135484e-001 0 -1
1.493025e-001 -2.620948e-002 
1
2
0 2 1 3 0 -1
0 3 1 1 0 3
haar_y3
1.573030e-003 0 -1
-5.116372e-002 6.265029e-002 
1
2
1 0 3 2 0 -1
2 0 1 2 0 3
haar_x3
-1.126797e-001 0 -1
-3.666405e-001 8.196506e-003 
1
2
4 3 1 2 0 -1
4 4 1 1 0 2
haar_y2
2.349994e-003 0 -1
-9.890924e-002 2.933010e-002 
1
2
3 2 3 3 0 -1
4 3 1 1 0 9
haar_point
8.039857e-001 0 -1
-1.136663e-002 2.944346e-001 
1
2
3 2 2 1 0 -1
3 2 1 1 0 2
tilted_haar_x2
-2.239675e-001 0 -1
1.487039e-001 -1.769904e-002 
1
2
0 0 4 5 0 -1
2 0 2 5 0 2
haar_x2
-3.841088e-001 0 -1
7.347822e-002 -3.693383e-002 
1
2
2 2 2 1 0 -1
2 2 1 1 0 2
tilted_haar_x2
2.007610e-002 0 -1
3.025019e-002 -9.558952e-002 
1
2
2 2 2 1 0 -1
2 2 1 1 0 2
tilted_haar_x2
-6.611272e-002 0 -1
-6.868878e-002 4.751649e-002 
1
2
3 1 3 2 0 -1
4 1 1 2 0 3
haar_x3
-8.133526e-002 0 -1
-1.502848e-001 1.753691e-002 
1
2
1 1 4 5 0 -1
2 1 2 5 0 2
haar_x4
4.551469e-002 0 -1
-1.559112e-002 2.289112e-001 
1
2
4 0 2 2 0 -1
4 0 2 1 0 2
tilted_haar_y2
-1.390115e-001 0 -1
-2.936034e-001 9.077041e-003 
1
2
3 0 3 3 0 -1
4 0 1 3 0 3
haar_x3
-1.296449e-001 0 -1
2.097187e-001 -1.480394e-002 
1
2
2 1 2 1 0 -1
3 1 1 1 0 2
haar_x2
7.711898e-002 0 -1
4.086323e-003 -6.564695e-001 
1
2
2 1 3 1 0 -1
3 2 1 1 0 3
tilted_haar_x3
-3.637545e-001 0 -1
-1.752519e-001 1.542085e-002 
1
2
1 0 4 3 0 -1
2 0 2 3 0 2
haar_x4
-3.358731e-001 0 -1
3.763616e-001 -7.014197e-003 
1
2
4 3 2 3 0 -1
4 4 2 1 0 3
haar_y3
-3.331422e-001 0 -1
-8.598186e-001 3.137748e-003 
1
2
4 1 1 2 0 -1
4 1 1 1 0 2
tilted_haar_y2
9.744346e-002 0 -1
-2.981913e-002 8.512178e-002 
1
2
5 0 1 4 0 -1
5 0 1 2 0 2
tilted_haar_y2
1.354898e-001 0 -1
2.802584e-002 -1.106284e-001 
1
2
2 0 3 4 0 -1
2 2 3 2 0 2
haar_y2
-6.731450e-001 0 -1
1.459785e-001 -2.056547e-002 
1
2
4 2 2 2 0 -1
5 2 1 2 0 2
haar_x2
1.046085e-001 0 -1
2.108533e-002 -1.281104e-001 
1
2
2 0 4 4 0 -1
2 2 4 2 0 2
haar_y2
-1.238671e+000 0 -1
-7.360151e-001 3.587777e-003 
1
2
4 0 2 2 0 -1
5 0 1 2 0 2
haar_x2
1.768980e-003 0 -1
-5.990944e-002 4.377848e-002 
1
3
4 1 2 2 0 -1
4 1 1 1 0 2
5 2 1 1 0 2
haar_x2_y2
1.852648e-002 0 -1
-4.866986e-002 6.378271e-002 
1
2
4 0 2 3 0 -1
5 0 1 3 0 2
haar_x2
6.740561e-002 0 -1
3.076498e-002 -8.891444e-002 
1
2
4 1 2 1 0 -1
5 1 1 1 0 2
haar_x2
1.380239e-003 0 -1
-6.828675e-002 4.559847e-002 
1
2
4 1 2 1 0 -1
5 1 1 1 0 2
haar_x2
-1.417772e-003 0 -1
8.318585e-002 -4.322098e-002 
1
2
4 1 2 1 0 -1
5 1 1 1 0 2
haar_x2
1.380239e-003 0 -1
-6.429609e-002 4.231941e-002 
1
2
2 2 4 2 0 -1
4 2 2 2 0 2
haar_x2
5.822425e-001 0 -1
-7.186155e-003 3.605461e-001 
1
2
4 2 2 2 0 -1
4 2 1 2 0 2
tilted_haar_x2
-5.869130e-001 0 -1
-8.283764e-001 3.416871e-003 
1
2
0 0 6 4 0 -1
3 0 3 4 0 2
haar_x2
1.065870e+000 0 -1
2.877669e-003 -6.298755e-001 
1
2
1 4 2 2 0 -1
1 5 2 1 0 2
haar_y2
2.055529e-001 0 -1
-1.313226e-002 2.040807e-001 
1
2
0 3 2 2 0 -1
1 3 1 2 0 2
haar_x2
3.037813e-002 0 -1
-3.387759e-002 7.512526e-002 
1
2
0 1 4 4 0 -1
1 1 2 4 0 2
haar_x4
-8.315043e-002 0 -1
7.330864e-002 -4.847981e-002 
1
2
0 2 4 1 0 -1
1 2 2 1 0 2
haar_x4
-6.287929e-002 0 -1
-1.191003e-001 3.728487e-002 
1
2
1 1 3 1 0 -1
2 2 1 1 0 3
tilted_haar_x3
-1.523462e-001 0 -1
9.074236e-002 -3.844071e-002 
1
2
1 0 1 6 0 -1
1 2 1 2 0 3
haar_y3
-3.818646e-001 0 -1
-1.093121e-001 2.809177e-002 
1
2
0 0 4 1 0 -1
1 0 2 1 0 2
haar_x4
1.956636e-002 0 -1
-3.825882e-002 7.845775e-002 
1
2
1 0 3 2 0 -1
2 0 1 2 0 3
haar_x3
4.606123e-002 0 -1
2.185395e-002 -1.369151e-001 
1
2
3 1 1 2 0 -1
3 1 1 1 0 2
tilted_haar_y2
1.931395e-003 0 -1
-3.444759e-002 8.348280e-002 
1
2
0 0 3 1 0 -1
1 0 1 1 0 3
haar_x3
-1.731086e-003 0 -1
5.571494e-002 -5.674165e-002 
1
2
0 0 3 6 0 -1
1 0 1 6 0 3
haar_x3
4.423505e-002 0 -1
-6.123047e-002 5.529178e-002 
1
2
3 0 1 3 0 -1
2 1 1 1 0 3
tilted_haar_y3
7.844235e-003 0 -1
3.119515e-002 -1.107405e-001 
1
2
0 5 2 1 0 -1
1 5 1 1 0 2
haar_x2
3.605583e-002 0 -1
1.055301e-002 -2.601756e-001 
1
2
0 5 4 1 0 -1
1 5 2 1 0 2
haar_x4
1.946263e-003 0 -1
-4.570147e-002 6.067923e-002 
1
2
5 0 1 2 0 -1
5 0 1 1 0 2
tilted_haar_y2
-1.559328e-003 0 -1
1.181027e-001 -2.136840e-002 
1
3
2 4 2 2 0 -1
2 4 1 1 0 2
3 5 1 1 0 2
haar_x2_y2
-3.845469e-002 0 -1
-1.770553e-001 1.464168e-002 
1
2
2 3 4 2 0 -1
3 3 2 2 0 2
haar_x4
2.951725e-001 0 -1
-5.975136e-003 5.421559e-001 
1
2
1 2 4 1 0 -1
2 2 2 1 0 2
haar_x4
1.670007e-001 0 -1
3.027951e-003 -1.000266e+000 
1
2
5 0 1 3 0 -1
4 1 1 1 0 3
tilted_haar_y3
-4.465643e-001 0 -1
6.569100e-001 -5.088788e-003 
1
3
4 0 2 4 0 -1
4 0 1 2 0 2
5 2 1 2 0 2
haar_x2_y2
-2.673700e-001 0 -1
-7.136025e-001 3.894629e-003 
1
2
2 3 1 2 0 -1
2 4 1 1 0 2
haar_y2
2.005770e-001 0 -1
1.562272e-003 -9.999905e-001 
1
2
5 0 1 2 0 -1
5 1 1 1 0 2
haar_y2
1.259407e-001 0 -1
3.118624e-003 -5.978321e-001 
1
3
1 0 2 6 0 -1
1 0 1 3 0 2
2 3 1 3 0 2
haar_x2_y2
1.622282e-001 0 -1
-9.152322e-003 2.703243e-001 
1
2
1 1 4 1 0 -1
2 1 2 1 0 2
haar_x4
-1.553004e-001 0 -1
-7.773310e-001 3.441475e-003 
1
2
0 3 6 2 0 -1
2 3 2 2 0 3
haar_x3
-2.473302e-003 0 -1
2.011455e-002 -1.254314e-001 
1
2
3 4 3 1 0 -1
4 4 1 1 0 3
haar_x3
1.254965e-002 0 -1
4.435673e-002 -6.639037e-002 
1
2
1 4 4 1 0 -1
3 4 2 1 0 2
haar_x2
1.088228e-002 0 -1
-5.122039e-002 6.762794e-002 
1
2
4 0 2 4 0 -1
4 2 2 2 0 2
haar_y2
3.341397e-001 0 -1
1.233013e-002 -2.252267e-001 
1
2
2 4 2 1 0 -1
3 4 1 1 0 2
haar_x2
-1.823867e-003 0 -1
5.311365e-002 -4.635908e-002 
1
2
2 4 4 2 0 -1
3 4 2 2 0 2
haar_x4
2.245733e-002 0 -1
-3.254692e-002 8.241457e-002 
1
2
1 5 2 1 0 -1
2 5 1 1 0 2
haar_x2
-1.668924e-003 0 -1
4.851043e-002 -5.870860e-002 
1
2
4 0 2 4 0 -1
4 2 2 2 0 2
haar_y2
2.457848e-001 0 -1
-1.988872e-002 1.303017e-001 
1
2
0 0 6 1 0 -1
2 0 2 1 0 3
haar_x3
2.111339e-001 0 -1
-1.082983e-002 2.459243e-001 
1
2
2 0 3 2 0 -1
3 0 1 2 0 3
haar_x3
8.207404e-002 0 -1
1.068175e-002 -2.836254e-001 
1
2
2 0 2 2 0 -1
3 0 1 2 0 2
haar_x2
2.841322e-002 0 -1
-2.882134e-002 9.303590e-002 
1
2
2 0 4 1 0 -1
2 0 2 1 0 2
tilted_haar_x2
-3.779836e-001 0 -1
-2.377419e-001 1.167792e-002 
1
2
1 5 2 1 0 -1
2 5 1 1 0 2
haar_x2
-2.444334e-002 0 -1
-1.083730e-001 2.409220e-002 
1
2
0 0 4 1 0 -1
2 0 2 1 0 2
haar_x2
-3.954630e-002 0 -1
6.223096e-002 -4.347897e-002 
1
2
1 0 2 1 0 -1
2 0 1 1 0 2
haar_x2
-3.515499e-002 0 -1
-1.378913e-001 1.820826e-002 
1
2
1 0 4 2 0 -1
2 0 2 2 0 2
haar_x4
-1.862780e-001 0 -1
4.463486e-001 -6.454485e-003 
1
2
3 4 3 2 0 -1
3 5 3 1 0 2
haar_y2
-1.969472e-001 0 -1
-8.828303e-001 3.096433e-003 
1
3
1 3 2 2 0 -1
1 3 1 1 0 2
2 4 1 1 0 2
haar_x2_y2
-2.404700e-002 0 -1
1.306918e-001 -1.908999e-002 
1
2
2 2 2 2 0 -1
2 2 1 2 0 2
tilted_haar_x2
-3.464952e-001 0 -1
-4.201373e-001 6.748977e-003 
1
2
0 0 3 3 0 -1
1 0 1 3 0 3
haar_x3
-1.177162e-001 0 -1
-1.656097e-001 1.483983e-002 
1
2
0 1 2 3 0 -1
1 1 1 3 0 2
haar_x2
-3.859350e-001 0 -1
3.289354e-001 -9.544546e-003 
1
2
2 1 2 2 0 -1
2 1 1 2 0 2
tilted_haar_x2
3.030445e-001 0 -1
1.322419e-002 -2.396114e-001 
1
2
3 1 2 2 0 -1
3 1 2 1 0 2
tilted_haar_y2
-2.592645e-001 0 -1
-6.963687e-002 3.730204e-002 
1
2
0 0 4 6 0 -1
0 2 4 2 0 3
haar_y3
7.821414e-002 0 -1
-1.266712e-002 2.846185e-001 
1
2
0 1 3 2 0 -1
0 2 3 1 0 2
haar_y2
2.069377e-001 0 -1
8.328067e-003 -4.557705e-001 
1
2
2 0 3 2 0 -1
2 0 3 1 0 2
tilted_haar_y2
-2.162875e-001 0 -1
5.853393e-002 -4.561484e-002 
1
2
1 2 2 4 0 -1
1 3 2 2 0 2
haar_y4
2.122662e-001 0 -1
1.343329e-002 -1.992449e-001 
-6.206672e-001

18
-1
