83
1
2
0 1 6 3 0 -1
0 2 6 1 0 3
haar_y3
-4.753252e-001 0 -1
3.507636e-001 -2.141173e-001 
1
2
2 3 2 2 0 -1
2 4 2 1 0 2
haar_y2
1.844562e-001 0 -1
-1.654702e-001 2.892114e-001 
1
2
1 0 5 3 0 -1
1 1 5 1 0 3
haar_y3
4.437003e-001 0 -1
-7.931874e-002 4.040255e-001 
1
2
3 5 2 1 0 -1
4 5 1 1 0 2
haar_x2
3.141139e-002 0 -1
7.747225e-002 -3.953932e-001 
1
2
2 5 3 1 0 -1
3 5 1 1 0 3
haar_x3
3.437310e-002 0 -1
1.028710e-001 -5.804883e-001 
1
2
2 3 2 1 0 -1
2 3 1 1 0 2
tilted_haar_x2
-1.531532e-001 0 -1
-4.775599e-001 5.894115e-002 
1
2
1 0 3 1 0 -1
2 0 1 1 0 3
haar_x3
4.660278e-002 0 -1
2.998496e-002 -5.245574e-001 
1
2
1 0 4 3 0 -1
1 1 4 1 0 3
haar_y3
-4.275882e-001 0 -1
6.014160e-001 -3.567487e-002 
1
2
1 0 2 2 0 -1
2 0 1 2 0 2
haar_x2
-5.580588e-002 0 -1
-2.950762e-001 9.978715e-002 
1
2
2 0 3 2 0 -1
3 0 1 2 0 3
haar_x3
8.223388e-002 0 -1
5.819580e-002 -5.316157e-001 
1
3
3 3 2 2 0 -1
3 3 1 1 0 2
4 4 1 1 0 2
haar_x2_y2
-8.199503e-002 0 -1
3.882554e-001 -7.973192e-002 
1
2
3 0 3 2 0 -1
4 0 1 2 0 3
haar_x3
6.620456e-002 0 -1
5.843265e-002 -4.422949e-001 
1
2
0 5 2 1 0 -1
1 5 1 1 0 2
haar_x2
3.921676e-002 0 -1
3.737510e-002 -5.021321e-001 
1
2
1 0 4 6 0 -1
1 3 4 3 0 2
haar_y2
-7.141210e-001 0 -1
-7.709627e-001 2.441049e-002 
1
2
3 1 2 4 0 -1
3 3 2 2 0 2
haar_y2
4.232505e-001 0 -1
3.984356e-002 -4.467804e-001 
1
2
2 5 2 1 0 -1
3 5 1 1 0 2
haar_x2
-2.437085e-002 0 -1
-3.179370e-001 6.376040e-002 
1
2
4 3 2 1 0 -1
5 3 1 1 0 2
haar_x2
1.871543e-001 0 -1
-3.597196e-002 6.126931e-001 
1
2
4 0 2 2 0 -1
5 0 1 2 0 2
haar_x2
1.022474e-001 0 -1
6.265366e-002 -4.331886e-001 
1
2
4 3 2 1 0 -1
5 3 1 1 0 2
haar_x2
-8.520653e-004 0 -1
1.789209e-001 -1.024096e-001 
1
2
4 5 2 1 0 -1
5 5 1 1 0 2
haar_x2
-3.018207e-002 0 -1
-3.752686e-001 5.320595e-002 
1
2
0 1 2 1 0 -1
1 1 1 1 0 2
haar_x2
6.540307e-002 0 -1
2.097827e-002 -7.070142e-001 
1
2
2 1 1 2 0 -1
2 1 1 1 0 2
tilted_haar_y2
-5.810783e-002 0 -1
-1.527635e-001 1.159359e-001 
1
2
0 2 6 4 0 -1
2 2 2 4 0 3
haar_x3
-2.065917e+000 0 -1
6.418063e-001 -3.099695e-002 
1
2
2 4 2 1 0 -1
3 4 1 1 0 2
haar_x2
3.728475e-002 0 -1
5.102539e-002 -3.419947e-001 
1
3
2 4 4 2 0 -1
2 4 2 1 0 2
4 5 2 1 0 2
haar_x2_y2
1.089534e-001 0 -1
3.017727e-002 -5.549027e-001 
1
2
2 2 3 2 0 -1
3 2 1 2 0 3
haar_x3
1.706735e-001 0 -1
-2.943020e-002 6.097168e-001 
1
2
3 0 3 3 0 -1
3 1 3 1 0 3
haar_y3
9.739277e-002 0 -1
-9.109266e-002 1.672088e-001 
1
2
4 0 1 3 0 -1
4 1 1 1 0 3
haar_y3
-5.782370e-002 0 -1
2.234345e-001 -8.024231e-002 
1
2
1 0 3 2 0 -1
2 0 1 2 0 3
haar_x3
3.700158e-002 0 -1
6.840437e-002 -2.360409e-001 
1
2
3 1 2 3 0 -1
3 1 1 3 0 2
tilted_haar_x2
-2.225455e-001 0 -1
-2.711323e-001 5.809050e-002 
1
2
3 5 3 1 0 -1
4 5 1 1 0 3
haar_x3
-3.614683e-002 0 -1
-2.975616e-001 5.323908e-002 
1
2
2 2 4 4 0 -1
2 3 4 2 0 2
haar_y4
-1.204215e-001 0 -1
-1.975241e-001 7.969879e-002 
1
2
1 3 3 1 0 -1
2 3 1 1 0 3
haar_x3
8.856366e-002 0 -1
-3.249986e-002 4.374124e-001 
1
3
2 2 4 4 0 -1
2 2 2 2 0 2
4 4 2 2 0 2
haar_x2_y2
7.191971e-002 0 -1
5.664323e-002 -2.717221e-001 
1
2
5 4 1 2 0 -1
5 5 1 1 0 2
haar_y2
4.238203e-003 0 -1
-1.939937e-001 7.844376e-002 
1
2
3 2 3 2 0 -1
4 2 1 2 0 3
haar_x3
-9.953898e-002 0 -1
2.528163e-001 -5.966037e-002 
1
2
2 0 3 1 0 -1
3 0 1 1 0 3
haar_x3
-6.452082e-002 0 -1
-4.779013e-001 2.981085e-002 
1
2
1 3 3 2 0 -1
2 3 1 2 0 3
haar_x3
-6.296818e-002 0 -1
1.239229e-001 -1.109723e-001 
1
2
2 0 3 1 0 -1
3 0 1 1 0 3
haar_x3
3.646154e-002 0 -1
4.460521e-002 -3.010272e-001 
1
2
1 3 1 3 0 -1
1 4 1 1 0 3
haar_y3
-1.557192e-003 0 -1
1.527825e-001 -1.050732e-001 
1
2
1 5 3 1 0 -1
2 5 1 1 0 3
haar_x3
-2.223599e-002 0 -1
-2.075624e-001 6.674108e-002 
1
2
0 2 3 3 0 -1
1 3 1 1 0 9
haar_point
-5.357530e-001 0 -1
4.840562e-001 -3.610805e-002 
1
2
1 4 2 2 0 -1
2 4 1 2 0 2
haar_x2
5.758315e-002 0 -1
3.391572e-002 -4.792979e-001 
1
2
1 0 3 3 0 -1
1 1 3 1 0 3
haar_y3
1.055118e-001 0 -1
-1.017706e-001 1.428895e-001 
1
3
3 0 2 2 0 -1
3 0 1 1 0 2
4 1 1 1 0 2
haar_x2_y2
-2.929685e-002 0 -1
-3.002983e-001 5.404029e-002 
1
2
5 0 1 6 0 -1
5 3 1 3 0 2
haar_y2
-1.060548e-001 0 -1
-3.970422e-001 3.441713e-002 
1
3
3 2 2 2 0 -1
3 2 1 1 0 2
4 3 1 1 0 2
haar_x2_y2
-4.450874e-002 0 -1
2.979090e-001 -5.335763e-002 
1
3
3 2 2 2 0 -1
3 2 1 1 0 2
4 3 1 1 0 2
haar_x2_y2
6.030391e-002 0 -1
-5.266265e-002 2.605822e-001 
1
2
4 1 2 1 0 -1
5 1 1 1 0 2
haar_x2
-2.668773e-002 0 -1
-2.984335e-001 4.548926e-002 
1
2
0 0 3 2 0 -1
1 0 1 2 0 3
haar_x3
8.041015e-002 0 -1
3.851830e-002 -3.441477e-001 
1
2
2 0 1 2 0 -1
2 0 1 1 0 2
tilted_haar_y2
-9.794025e-002 0 -1
-2.650923e-001 5.031637e-002 
1
3
0 2 2 2 0 -1
0 2 1 1 0 2
1 3 1 1 0 2
haar_x2_y2
4.007320e-002 0 -1
-7.025411e-002 1.736665e-001 
1
2
0 4 1 2 0 -1
0 5 1 1 0 2
haar_y2
4.578415e-002 0 -1
6.721617e-002 -1.578639e-001 
1
2
0 4 1 2 0 -1
0 5 1 1 0 2
haar_y2
5.644193e-004 0 -1
-1.826236e-001 8.140740e-002 
1
2
1 0 4 1 0 -1
1 0 2 1 0 2
tilted_haar_x2
-1.646239e-001 0 -1
-3.175178e-001 3.284060e-002 
1
3
0 0 2 6 0 -1
0 0 1 3 0 2
1 3 1 3 0 2
haar_x2_y2
6.682214e-002 0 -1
7.152698e-002 -1.615205e-001 
1
2
1 0 2 6 0 -1
1 3 2 3 0 2
haar_y2
8.526515e-004 0 -1
-2.061839e-001 6.058188e-002 
1
2
1 2 4 4 0 -1
1 4 4 2 0 2
haar_y2
1.189426e+000 0 -1
3.269229e-002 -4.428614e-001 
1
2
1 2 5 3 0 -1
1 3 5 1 0 3
haar_y3
-6.811402e-001 0 -1
5.429371e-001 -2.564569e-002 
1
2
3 4 2 1 0 -1
4 4 1 1 0 2
haar_x2
-4.388981e-002 0 -1
-4.923828e-001 2.411752e-002 
1
2
0 0 6 6 0 -1
2 0 2 6 0 3
haar_x3
2.131924e-001 0 -1
-3.198074e-002 3.806015e-001 
1
2
3 1 2 2 0 -1
4 1 1 2 0 2
haar_x2
-2.898062e-002 0 -1
-2.497781e-001 5.029063e-002 
1
2
3 1 2 3 0 -1
4 1 1 3 0 2
haar_x2
8.738300e-002 0 -1
1.018946e-001 -1.356982e-001 
1
2
2 2 3 3 0 -1
3 3 1 1 0 9
haar_point
-2.378132e-001 0 -1
9.940001e-002 -1.251484e-001 
1
2
5 2 1 3 0 -1
4 3 1 1 0 3
tilted_haar_y3
-4.007409e-001 0 -1
-7.360162e-001 1.307306e-002 
1
3
4 3 2 2 0 -1
4 3 1 1 0 2
5 4 1 1 0 2
haar_x2_y2
8.511238e-003 0 -1
-7.477573e-002 1.485777e-001 
1
2
2 1 4 3 0 -1
3 1 2 3 0 2
haar_x4
-9.554884e-001 0 -1
8.973638e-001 -1.306116e-002 
1
2
2 1 3 3 0 -1
3 2 1 1 0 9
haar_point
4.153140e-001 0 -1
-1.363685e-002 6.175292e-001 
1
2
5 0 1 2 0 -1
5 0 1 1 0 2
tilted_haar_y2
1.227917e-003 0 -1
-2.164961e-001 5.399588e-002 
1
2
0 0 5 6 0 -1
0 3 5 3 0 2
haar_y2
-1.172019e+000 0 -1
-1.000000e+000 8.887865e-003 
1
2
2 5 2 1 0 -1
3 5 1 1 0 2
haar_x2
7.816881e-002 0 -1
6.133116e-003 -1.000012e+000 
1
2
0 0 1 3 0 -1
0 1 1 1 0 3
haar_y3
4.281411e-002 0 -1
-6.493273e-002 1.515165e-001 
1
2
1 5 3 1 0 -1
2 5 1 1 0 3
haar_x3
3.613053e-002 0 -1
2.970615e-002 -3.587670e-001 
1
2
0 5 2 1 0 -1
1 5 1 1 0 2
haar_x2
9.071863e-004 0 -1
-8.132721e-002 1.145456e-001 
1
2
0 4 3 2 0 -1
1 4 1 2 0 3
haar_x3
-2.700755e-001 0 -1
6.001213e-001 -1.826123e-002 
1
3
1 4 2 2 0 -1
1 4 1 1 0 2
2 5 1 1 0 2
haar_x2_y2
-6.022373e-002 0 -1
-5.391618e-001 2.109534e-002 
1
3
1 2 2 2 0 -1
1 2 1 1 0 2
2 3 1 1 0 2
haar_x2_y2
6.941247e-002 0 -1
-3.320073e-002 3.441693e-001 
1
2
0 1 3 2 0 -1
1 1 1 2 0 3
haar_x3
3.812963e-002 0 -1
7.823686e-002 -1.526120e-001 
1
2
0 1 3 4 0 -1
1 1 1 4 0 3
haar_x3
2.217938e-001 0 -1
-5.685597e-002 2.257501e-001 
1
2
0 4 2 1 0 -1
1 4 1 1 0 2
haar_x2
8.594993e-002 0 -1
1.371662e-002 -6.993727e-001 
1
3
0 3 2 2 0 -1
0 3 1 1 0 2
1 4 1 1 0 2
haar_x2_y2
1.120626e-001 0 -1
-2.274882e-002 4.580418e-001 
1
3
2 4 2 2 0 -1
2 4 1 1 0 2
3 5 1 1 0 2
haar_x2_y2
-1.999391e-002 0 -1
-1.868420e-001 4.984250e-002 
1
3
0 4 6 2 0 -1
0 4 3 1 0 2
3 5 3 1 0 2
haar_x2_y2
1.427135e-001 0 -1
3.858124e-002 -2.594002e-001 
-1.095479e+000

9
-1
