67
1
2
5 1 3 3 0 -1
6 2 1 3 0 3
tilted_haar_x3
-1.520604e-001 0 -1
2.890154e-001 -2.912557e-001 
1
2
4 1 3 3 0 -1
3 2 3 1 0 3
tilted_haar_y3
-1.361341e-001 0 -1
2.306511e-001 -2.619449e-001 
1
2
3 1 3 3 0 -1
3 2 3 1 0 3
haar_y3
-6.833391e-002 0 -1
3.595365e-001 -1.502543e-001 
1
2
2 2 5 3 0 -1
2 3 5 1 0 3
haar_y3
-2.062763e-001 0 -1
3.947657e-001 -9.847253e-002 
1
2
1 1 6 7 0 -1
3 1 2 7 0 3
haar_x3
-7.137054e-002 0 -1
1.108268e-001 -3.209293e-001 
1
2
2 7 2 1 0 -1
3 7 1 1 0 2
haar_x2
-1.074057e-002 0 -1
-4.569375e-001 1.007308e-001 
1
2
2 4 3 1 0 -1
3 4 1 1 0 3
haar_x3
3.480630e-002 0 -1
-3.109354e-002 6.856761e-001 
1
2
1 7 3 1 0 -1
2 7 1 1 0 3
haar_x3
-1.355219e-002 0 -1
-4.526347e-001 7.008577e-002 
1
2
0 3 3 2 0 -1
1 3 1 2 0 3
haar_x3
-3.942020e-002 0 -1
4.004901e-001 -8.324754e-002 
1
2
0 4 3 1 0 -1
1 4 1 1 0 3
haar_x3
3.915980e-002 0 -1
-8.962638e-002 4.240758e-001 
1
2
0 2 2 6 0 -1
0 5 2 3 0 2
haar_y2
5.518533e-002 0 -1
-2.878017e-001 1.009559e-001 
1
3
2 4 2 2 0 -1
2 4 1 1 0 2
3 5 1 1 0 2
haar_x2_y2
3.093161e-002 0 -1
-6.948568e-002 4.240429e-001 
1
2
3 3 3 1 0 -1
4 3 1 1 0 3
haar_x3
3.325731e-002 0 -1
-3.379736e-002 5.857298e-001 
1
2
4 7 2 1 0 -1
5 7 1 1 0 2
haar_x2
-1.350321e-002 0 -1
-6.617457e-001 4.166561e-002 
1
2
2 5 1 3 0 -1
2 6 1 1 0 3
haar_y3
-1.547974e-003 0 -1
1.854713e-001 -1.326576e-001 
1
2
2 0 2 2 0 -1
2 0 2 1 0 2
tilted_haar_y2
1.029337e-001 0 -1
4.887255e-002 -4.916954e-001 
1
2
3 7 3 1 0 -1
4 7 1 1 0 3
haar_x3
-9.400781e-003 0 -1
-3.824294e-001 6.537851e-002 
1
3
4 3 2 2 0 -1
4 3 1 1 0 2
5 4 1 1 0 2
haar_x2_y2
-2.565742e-002 0 -1
4.725231e-001 -5.507647e-002 
1
2
7 2 1 6 0 -1
7 5 1 3 0 2
haar_y2
3.761423e-004 0 -1
-3.826790e-001 6.812862e-002 
1
2
4 2 1 3 0 -1
3 3 1 1 0 3
tilted_haar_y3
-7.874016e-002 0 -1
2.603201e-001 -9.280621e-002 
1
2
2 1 6 5 0 -1
4 1 2 5 0 3
haar_x3
-9.187493e-002 0 -1
1.286829e-001 -1.969817e-001 
1
2
5 5 2 1 0 -1
6 5 1 1 0 2
haar_x2
-1.075970e-003 0 -1
2.268834e-001 -1.077611e-001 
1
3
5 4 2 2 0 -1
5 4 1 1 0 2
6 5 1 1 0 2
haar_x2_y2
7.265026e-004 0 -1
-1.323686e-001 2.051462e-001 
1
3
5 4 2 2 0 -1
5 4 1 1 0 2
6 5 1 1 0 2
haar_x2_y2
-1.704051e-002 0 -1
2.892692e-001 -8.913368e-002 
1
2
0 5 1 2 0 -1
0 6 1 1 0 2
haar_y2
5.735276e-004 0 -1
-2.294971e-001 1.069747e-001 
1
2
7 5 1 2 0 -1
7 5 1 1 0 2
tilted_haar_y2
-5.285133e-002 0 -1
-4.957320e-001 4.875179e-002 
1
2
2 0 3 1 0 -1
3 0 1 1 0 3
haar_x3
-1.629632e-002 0 -1
-4.512266e-001 4.412119e-002 
1
2
0 0 8 3 0 -1
0 1 8 1 0 3
haar_y3
8.101013e-002 0 -1
-1.377029e-001 1.524111e-001 
1
2
2 0 3 3 0 -1
2 1 3 1 0 3
haar_y3
-4.226653e-002 0 -1
3.917848e-001 -8.241467e-002 
1
2
3 1 3 1 0 -1
4 1 1 1 0 3
haar_x3
-1.547089e-002 0 -1
-4.412757e-001 5.549126e-002 
1
2
5 0 3 6 0 -1
5 2 3 2 0 3
haar_y3
-4.913592e-001 0 -1
-5.481154e-001 3.635246e-002 
1
2
2 2 3 1 0 -1
3 2 1 1 0 3
haar_x3
-6.547034e-004 0 -1
1.195247e-001 -1.667943e-001 
1
2
3 0 1 2 0 -1
3 1 1 1 0 2
haar_y2
1.216125e-003 0 -1
-1.231458e-001 1.848242e-001 
1
2
1 0 7 4 0 -1
1 1 7 2 0 2
haar_y4
-1.191204e-001 0 -1
2.671513e-001 -7.902485e-002 
1
2
4 1 2 1 0 -1
4 1 1 1 0 2
tilted_haar_x2
4.985405e-003 0 -1
-2.799477e-001 8.186176e-002 
1
2
4 7 2 1 0 -1
5 7 1 1 0 2
haar_x2
7.135661e-004 0 -1
-1.310304e-001 1.603119e-001 
1
2
3 7 2 1 0 -1
4 7 1 1 0 2
haar_x2
-7.567217e-004 0 -1
1.891542e-001 -1.345862e-001 
1
2
3 7 2 1 0 -1
4 7 1 1 0 2
haar_x2
5.981337e-004 0 -1
-1.257522e-001 1.770504e-001 
1
2
4 7 2 1 0 -1
5 7 1 1 0 2
haar_x2
-5.309908e-004 0 -1
1.851162e-001 -1.167117e-001 
1
2
2 5 4 3 0 -1
2 6 4 1 0 3
haar_y3
1.250837e-001 0 -1
-5.329147e-002 4.026602e-001 
1
2
0 5 1 3 0 -1
0 6 1 1 0 3
haar_y3
4.045600e-002 0 -1
3.700386e-002 -5.459148e-001 
1
3
5 3 2 2 0 -1
5 3 1 1 0 2
6 4 1 1 0 2
haar_x2_y2
2.742034e-002 0 -1
-5.856820e-002 3.683565e-001 
1
2
5 6 3 2 0 -1
6 6 1 2 0 3
haar_x3
1.216443e-002 0 -1
7.529113e-002 -2.426415e-001 
1
2
3 6 3 2 0 -1
4 6 1 2 0 3
haar_x3
-6.502778e-004 0 -1
1.187262e-001 -1.343824e-001 
1
3
0 3 2 2 0 -1
0 3 1 1 0 2
1 4 1 1 0 2
haar_x2_y2
-1.089490e-002 0 -1
2.576350e-001 -6.762573e-002 
1
3
4 1 4 6 0 -1
4 1 2 3 0 2
6 4 2 3 0 2
haar_x2_y2
1.026955e-001 0 -1
7.207149e-002 -2.438085e-001 
1
3
5 4 2 2 0 -1
5 4 1 1 0 2
6 5 1 1 0 2
haar_x2_y2
1.385159e-002 0 -1
-6.351008e-002 2.864207e-001 
1
2
0 0 1 8 0 -1
0 4 1 4 0 2
haar_y2
1.853745e-001 0 -1
5.547332e-002 -3.460993e-001 
1
2
2 6 3 1 0 -1
3 6 1 1 0 3
haar_x3
1.755685e-002 0 -1
2.925309e-002 -5.520632e-001 
1
2
4 1 4 3 0 -1
3 2 4 1 0 3
tilted_haar_y3
-5.230266e-002 0 -1
6.971169e-002 -2.309428e-001 
1
2
4 3 3 1 0 -1
5 3 1 1 0 3
haar_x3
-1.692330e-002 0 -1
2.144966e-001 -7.573482e-002 
1
2
4 1 3 2 0 -1
5 1 1 2 0 3
haar_x3
-2.502695e-002 0 -1
-3.255074e-001 7.450000e-002 
1
2
4 2 3 1 0 -1
5 2 1 1 0 3
haar_x3
-7.827487e-004 0 -1
1.250487e-001 -1.569354e-001 
1
2
3 1 2 2 0 -1
3 2 2 1 0 2
haar_y2
1.297524e-002 0 -1
-5.586706e-002 3.123177e-001 
1
3
5 5 2 2 0 -1
5 5 1 1 0 2
6 6 1 1 0 2
haar_x2_y2
5.780497e-004 0 -1
-1.029301e-001 1.631188e-001 
1
2
3 3 3 5 0 -1
4 3 1 5 0 3
haar_x3
-2.691783e-002 0 -1
1.123261e-001 -1.514751e-001 
1
2
4 3 4 1 0 -1
6 3 2 1 0 2
haar_x2
6.971348e-002 0 -1
8.110367e-002 -2.560754e-001 
1
2
2 6 2 1 0 -1
3 6 1 1 0 2
haar_x2
9.198036e-004 0 -1
-1.059908e-001 1.903229e-001 
1
3
2 5 2 2 0 -1
2 5 1 1 0 2
3 6 1 1 0 2
haar_x2_y2
-5.759333e-004 0 -1
1.943215e-001 -9.768619e-002 
1
2
2 3 3 4 0 -1
3 3 1 4 0 3
haar_x3
-1.804114e-002 0 -1
1.235762e-001 -1.728877e-001 
1
2
4 4 3 2 0 -1
5 4 1 2 0 3
haar_x3
-1.427910e-002 0 -1
2.036986e-001 -1.072609e-001 
1
2
0 0 3 6 0 -1
1 2 1 2 0 9
haar_point
-1.072815e-001 0 -1
1.155402e-001 -1.716394e-001 
1
2
2 7 3 1 0 -1
3 7 1 1 0 3
haar_x3
-1.175787e-002 0 -1
-3.638536e-001 4.949629e-002 
1
2
0 0 1 4 0 -1
0 2 1 2 0 2
haar_y2
-1.027270e-001 0 -1
-4.411000e-001 3.380194e-002 
1
2
6 1 1 2 0 -1
6 1 1 1 0 2
tilted_haar_y2
1.428932e-003 0 -1
-2.723993e-001 5.966872e-002 
1
2
2 2 4 2 0 -1
2 3 4 1 0 2
haar_y2
2.000296e-002 0 -1
-7.104006e-002 2.708353e-001 
1
2
0 1 8 3 0 -1
0 2 8 1 0 3
haar_y3
6.141270e-002 0 -1
-1.031803e-001 2.072552e-001 
-1.250161e+000

10
-1
