142
1
2
1 0 2 2 0 -1
1 1 2 1 0 2
haar_y2
1.825520e-001 0 -1
1.234853e-001 -6.409860e-001 
1
2
2 2 2 2 0 -1
2 3 2 1 0 2
haar_y2
-3.182492e-001 0 -1
1.632195e-001 -2.484344e-001 
1
2
1 0 3 2 0 -1
2 0 1 2 0 3
haar_x3
2.442684e-001 0 -1
-2.212014e-001 2.009578e-001 
1
2
2 2 3 3 0 -1
3 3 1 1 0 9
haar_point
-4.557779e-001 0 -1
9.688427e-002 -2.422634e-001 
1
2
0 1 1 2 0 -1
0 2 1 1 0 2
haar_y2
-1.222191e-003 0 -1
1.518186e-001 -2.642642e-001 
1
2
1 3 4 1 0 -1
2 3 2 1 0 2
haar_x4
-2.399003e-001 0 -1
-3.186648e-001 4.047803e-002 
1
2
0 3 4 1 0 -1
1 3 2 1 0 2
haar_x4
-1.280008e-003 0 -1
1.267219e-001 -2.572200e-001 
1
2
4 2 1 2 0 -1
4 3 1 1 0 2
haar_y2
-1.560293e-001 0 -1
-4.082935e-001 6.883581e-002 
1
2
0 2 1 2 0 -1
0 3 1 1 0 2
haar_y2
-3.102450e-003 0 -1
1.198888e-001 -2.795389e-001 
1
2
3 0 1 2 0 -1
3 1 1 1 0 2
haar_y2
-6.198784e-002 0 -1
-4.096737e-001 3.774038e-002 
1
2
1 0 1 2 0 -1
1 1 1 1 0 2
haar_y2
2.689399e-003 0 -1
-1.941144e-001 1.154517e-001 
1
2
1 0 3 2 0 -1
1 1 3 1 0 2
haar_y2
1.083723e-001 0 -1
1.049386e-001 -1.688737e-001 
1
2
2 0 1 2 0 -1
2 1 1 1 0 2
haar_y2
-4.965255e-002 0 -1
-3.770583e-001 4.696540e-002 
1
2
1 3 4 2 0 -1
2 3 2 2 0 2
haar_x4
-9.443371e-001 0 -1
7.987299e-001 -2.463372e-002 
1
2
0 4 4 1 0 -1
1 4 2 1 0 2
haar_x4
-6.619729e-001 0 -1
7.607349e-001 -1.643747e-002 
1
2
3 4 2 1 0 -1
3 4 1 1 0 2
haar_x2
-7.798668e-002 0 -1
-2.561778e-001 7.812604e-002 
1
2
0 2 1 3 0 -1
0 3 1 1 0 3
haar_y3
-2.793278e-001 0 -1
-3.842936e-001 4.058066e-002 
1
2
3 1 1 2 0 -1
3 2 1 1 0 2
haar_y2
1.177776e-001 0 -1
1.829700e-002 -2.944723e-001 
1
2
1 1 1 2 0 -1
1 2 1 1 0 2
haar_y2
-3.966880e-002 0 -1
-1.523402e-001 1.289652e-001 
1
2
2 4 3 1 0 -1
3 4 1 1 0 3
haar_x3
1.669471e-001 0 -1
3.282767e-002 -6.020726e-001 
1
3
1 1 2 4 0 -1
1 1 1 2 0 2
2 3 1 2 0 2
haar_x2_y2
-9.075104e-002 0 -1
9.060038e-002 -1.461447e-001 
1
2
4 0 1 3 0 -1
3 1 1 1 0 3
tilted_haar_x3
-2.915995e-001 0 -1
7.269394e-001 -1.221784e-002 
1
2
1 1 3 4 0 -1
1 2 3 2 0 2
haar_y4
-8.344852e-001 0 -1
3.829522e-001 -3.758635e-002 
1
2
1 0 4 1 0 -1
2 0 2 1 0 2
haar_x4
3.315417e-001 0 -1
-1.874301e-002 2.337633e-001 
1
2
0 0 4 1 0 -1
1 0 2 1 0 2
haar_x4
2.834553e-003 0 -1
-1.939014e-001 8.212260e-002 
1
2
2 1 3 2 0 -1
3 1 1 2 0 3
haar_x3
-2.799065e-001 0 -1
1.832985e-001 -7.209741e-002 
1
2
2 0 3 2 0 -1
2 0 3 1 0 2
tilted_haar_y2
2.334668e-001 0 -1
-1.748455e-001 1.020254e-001 
1
2
4 0 1 4 0 -1
4 0 1 2 0 2
tilted_haar_x2
-3.281732e-001 0 -1
3.346006e-001 -2.833719e-002 
1
2
1 2 3 2 0 -1
1 3 3 1 0 2
haar_y2
-5.774442e-001 0 -1
1.683162e-001 -6.777678e-002 
1
2
2 1 3 2 0 -1
3 1 1 2 0 3
haar_x3
5.583334e-001 0 -1
-1.323376e-002 6.873449e-001 
1
2
0 1 3 2 0 -1
1 1 1 2 0 3
haar_x3
4.378669e-001 0 -1
-1.540497e-002 6.804140e-001 
1
2
4 1 1 3 0 -1
3 2 1 1 0 3
tilted_haar_x3
8.912668e-001 0 -1
-4.293771e-003 6.981138e-001 
1
2
1 1 3 1 0 -1
2 2 1 1 0 3
tilted_haar_x3
-4.459812e-003 0 -1
9.996989e-002 -1.547246e-001 
1
2
3 3 2 2 0 -1
3 3 1 2 0 2
haar_x2
-1.940167e-003 0 -1
4.213031e-002 -1.114663e-001 
1
2
0 3 2 2 0 -1
1 3 1 2 0 2
haar_x2
-2.152102e-001 0 -1
-2.386092e-001 5.485941e-002 
1
2
4 0 1 4 0 -1
4 0 1 2 0 2
tilted_haar_x2
-1.015055e-001 0 -1
1.828827e-001 -3.380079e-002 
1
2
1 0 2 1 0 -1
2 0 1 1 0 2
haar_x2
3.135177e-003 0 -1
-2.210214e-001 5.892563e-002 
1
2
4 0 1 4 0 -1
4 0 1 2 0 2
tilted_haar_x2
1.074635e+000 0 -1
9.180928e-003 -4.680336e-001 
1
2
1 0 4 1 0 -1
1 0 2 1 0 2
tilted_haar_x2
1.354524e+000 0 -1
-1.913402e-002 6.418029e-001 
1
2
3 0 1 3 0 -1
3 1 1 1 0 3
haar_y3
3.067051e-001 0 -1
2.408883e-002 -3.455707e-001 
1
2
1 0 1 3 0 -1
1 1 1 1 0 3
haar_y3
-1.330343e-001 0 -1
-5.115033e-001 2.699143e-002 
1
2
3 2 2 1 0 -1
3 2 1 1 0 2
haar_x2
-1.551408e-001 0 -1
2.377492e-001 -2.998549e-002 
1
2
0 2 2 1 0 -1
1 2 1 1 0 2
haar_x2
3.581037e-003 0 -1
-1.068138e-001 1.228619e-001 
1
3
3 2 2 2 0 -1
4 2 1 1 0 2
3 3 1 1 0 2
haar_x2_y2
2.930400e-003 0 -1
-3.135715e-002 1.122219e-001 
1
2
1 0 1 2 0 -1
1 1 1 1 0 2
haar_y2
-2.655872e-003 0 -1
1.594449e-001 -6.716009e-002 
1
2
3 0 2 2 0 -1
3 0 1 2 0 2
tilted_haar_y2
5.752815e-001 0 -1
2.346639e-002 -2.237990e-001 
1
2
2 0 2 2 0 -1
2 0 2 1 0 2
tilted_haar_y2
7.389429e-001 0 -1
1.156644e-002 -9.057605e-001 
1
2
3 0 1 2 0 -1
3 1 1 1 0 2
haar_y2
2.301232e-003 0 -1
-1.327061e-001 7.313366e-002 
1
2
0 2 5 3 0 -1
0 3 5 1 0 3
haar_y3
-1.738583e+000 0 -1
-4.684371e-001 1.954889e-002 
1
2
2 4 3 1 0 -1
3 4 1 1 0 3
haar_x3
-7.159825e-002 0 -1
-1.852376e-001 8.186206e-002 
1
2
1 4 3 1 0 -1
2 4 1 1 0 3
haar_x3
2.928864e-003 0 -1
-1.136518e-001 1.021607e-001 
1
2
2 4 2 1 0 -1
2 4 1 1 0 2
haar_x2
2.419223e-001 0 -1
6.047106e-003 -5.601183e-001 
1
2
1 4 2 1 0 -1
2 4 1 1 0 2
haar_x2
-1.361281e-003 0 -1
1.127859e-001 -8.782564e-002 
1
3
2 0 2 2 0 -1
3 0 1 1 0 2
2 1 1 1 0 2
haar_x2_y2
2.759323e-003 0 -1
-6.961042e-002 1.066859e-001 
1
3
1 0 2 2 0 -1
1 0 1 1 0 2
2 1 1 1 0 2
haar_x2_y2
-2.902983e-003 0 -1
1.115278e-001 -1.086244e-001 
1
2
3 4 2 1 0 -1
3 4 1 1 0 2
haar_x2
-3.286196e-001 0 -1
4.178532e-001 -1.467255e-002 
1
3
1 0 2 2 0 -1
1 0 1 1 0 2
2 1 1 1 0 2
haar_x2_y2
2.058394e-003 0 -1
-8.329891e-002 1.147859e-001 
1
3
2 0 2 2 0 -1
3 0 1 1 0 2
2 1 1 1 0 2
haar_x2_y2
-2.560380e-003 0 -1
8.430517e-002 -9.014019e-002 
1
2
0 4 3 1 0 -1
1 4 1 1 0 3
haar_x3
2.604057e-001 0 -1
1.231886e-002 -6.849192e-001 
1
3
3 3 2 2 0 -1
4 3 1 1 0 2
3 4 1 1 0 2
haar_x2_y2
5.429114e-002 0 -1
-9.834290e-002 1.142564e-001 
1
2
1 0 4 1 0 -1
2 1 2 1 0 2
tilted_haar_x4
5.814183e-001 0 -1
-3.334106e-002 3.031015e-001 
1
2
2 2 3 3 0 -1
3 3 1 1 0 9
haar_point
6.941109e-001 0 -1
-1.585990e-002 3.523199e-001 
1
2
0 2 3 3 0 -1
1 3 1 1 0 9
haar_point
-5.813473e-001 0 -1
1.015086e-001 -1.201569e-001 
1
3
3 2 2 2 0 -1
4 2 1 1 0 2
3 3 1 1 0 2
haar_x2_y2
-4.616016e-003 0 -1
3.432085e-002 -8.888289e-002 
1
3
0 2 2 2 0 -1
0 2 1 1 0 2
1 3 1 1 0 2
haar_x2_y2
5.754942e-002 0 -1
-4.537261e-002 2.783617e-001 
1
3
2 0 2 2 0 -1
3 0 1 1 0 2
2 1 1 1 0 2
haar_x2_y2
-4.024673e-002 0 -1
-1.286496e-001 6.632800e-002 
1
3
1 0 2 2 0 -1
1 0 1 1 0 2
2 1 1 1 0 2
haar_x2_y2
3.679322e-002 0 -1
6.216920e-002 -1.930561e-001 
1
2
3 0 1 3 0 -1
3 1 1 1 0 3
haar_y3
-2.118493e-001 0 -1
-7.542152e-001 1.247371e-002 
1
2
1 0 1 3 0 -1
1 1 1 1 0 3
haar_y3
3.875792e-001 0 -1
1.073013e-002 -6.506003e-001 
1
2
2 0 2 1 0 -1
2 0 1 1 0 2
haar_x2
-4.441399e-003 0 -1
1.319201e-001 -2.395851e-002 
1
3
0 3 2 2 0 -1
0 3 1 1 0 2
1 4 1 1 0 2
haar_x2_y2
6.969666e-002 0 -1
-6.538945e-002 1.034496e-001 
1
2
3 4 2 1 0 -1
3 4 1 1 0 2
haar_x2
-3.016598e-003 0 -1
6.980994e-002 -8.496057e-002 
1
2
0 4 2 1 0 -1
1 4 1 1 0 2
haar_x2
7.437038e-002 0 -1
2.999856e-002 -3.025920e-001 
1
2
1 2 3 2 0 -1
2 2 1 2 0 3
haar_x3
-4.197273e-001 0 -1
-6.761560e-001 1.038311e-002 
1
2
1 0 3 5 0 -1
2 0 1 5 0 3
haar_x3
-7.240891e-001 0 -1
5.271400e-001 -1.733386e-002 
1
2
1 3 4 1 0 -1
2 3 2 1 0 2
haar_x4
2.811641e-001 0 -1
-5.629387e-003 3.338697e-001 
1
2
0 3 4 1 0 -1
1 3 2 1 0 2
haar_x4
2.197901e-003 0 -1
-5.764015e-002 1.369768e-001 
1
2
1 3 3 1 0 -1
2 3 1 1 0 3
haar_x3
1.418935e-001 0 -1
4.279808e-002 -2.535667e-001 
1
2
1 0 3 1 0 -1
2 0 1 1 0 3
haar_x3
9.653150e-002 0 -1
-1.324502e-001 6.275568e-002 
1
2
2 0 1 2 0 -1
2 1 1 1 0 2
haar_y2
3.210566e-003 0 -1
-9.864064e-002 7.339176e-002 
1
2
2 0 1 2 0 -1
2 1 1 1 0 2
haar_y2
-2.315715e-003 0 -1
1.708790e-001 -8.157204e-002 
1
2
2 0 1 2 0 -1
2 1 1 1 0 2
haar_y2
1.061344e-003 0 -1
-1.091449e-001 8.099500e-002 
1
2
2 0 1 2 0 -1
2 1 1 1 0 2
haar_y2
2.651373e-002 0 -1
1.002402e-001 -1.364882e-001 
1
2
2 0 1 2 0 -1
2 1 1 1 0 2
haar_y2
3.210566e-003 0 -1
-1.009336e-001 7.721586e-002 
1
2
2 0 1 3 0 -1
2 1 1 1 0 3
haar_y3
9.392677e-002 0 -1
6.735292e-002 -1.185612e-001 
1
2
1 1 3 2 0 -1
1 2 3 1 0 2
haar_y2
-5.010954e-001 0 -1
3.233279e-001 -3.115913e-002 
1
2
0 2 3 2 0 -1
0 3 3 1 0 2
haar_y2
4.699113e-001 0 -1
1.053657e-002 -7.262522e-001 
1
3
3 3 2 2 0 -1
4 3 1 1 0 2
3 4 1 1 0 2
haar_x2_y2
-6.470743e-002 0 -1
1.364717e-001 -2.875515e-002 
1
3
0 3 2 2 0 -1
0 3 1 1 0 2
1 4 1 1 0 2
haar_x2_y2
5.536196e-003 0 -1
-1.318631e-001 7.407353e-002 
1
2
1 4 4 1 0 -1
2 4 2 1 0 2
haar_x4
3.103201e-003 0 -1
-8.033904e-002 1.121445e-001 
1
2
0 4 4 1 0 -1
1 4 2 1 0 2
haar_x4
-3.499046e-001 0 -1
4.547785e-001 -2.586590e-002 
1
2
2 0 2 1 0 -1
2 0 1 1 0 2
haar_x2
4.182349e-003 0 -1
-1.177100e-001 3.638782e-002 
1
2
1 0 2 1 0 -1
2 0 1 1 0 2
haar_x2
-2.830578e-003 0 -1
1.991273e-001 -4.044807e-002 
1
3
2 0 2 4 0 -1
3 0 1 2 0 2
2 2 1 2 0 2
haar_x2_y2
-2.948912e-003 0 -1
3.659791e-002 -8.642918e-002 
1
2
1 3 3 2 0 -1
2 3 1 2 0 3
haar_x3
-1.810472e-001 0 -1
-1.831483e-001 3.735531e-002 
1
3
2 1 2 4 0 -1
3 1 1 2 0 2
2 3 1 2 0 2
haar_x2_y2
-1.201663e-001 0 -1
5.583924e-002 -5.050555e-002 
1
2
1 1 3 2 0 -1
2 1 1 2 0 3
haar_x3
-5.646136e-003 0 -1
1.954826e-001 -4.725000e-002 
1
3
2 1 2 4 0 -1
3 1 1 2 0 2
2 3 1 2 0 2
haar_x2_y2
-5.300717e-003 0 -1
3.127575e-002 -8.576520e-002 
1
3
1 1 2 4 0 -1
1 1 1 2 0 2
2 3 1 2 0 2
haar_x2_y2
-1.297929e-002 0 -1
6.248904e-002 -2.073167e-001 
1
3
2 2 2 2 0 -1
3 2 1 1 0 2
2 3 1 1 0 2
haar_x2_y2
1.121116e-003 0 -1
-6.589172e-002 1.717314e-001 
1
2
1 0 2 4 0 -1
1 1 2 2 0 2
haar_y4
2.973046e-001 0 -1
-1.294952e-001 6.610142e-002 
1
2
1 0 3 4 0 -1
1 1 3 2 0 2
haar_y4
8.104879e-001 0 -1
3.278786e-002 -2.756130e-001 
1
2
1 0 1 2 0 -1
1 1 1 1 0 2
haar_y2
1.928565e-001 0 -1
-2.391182e-002 3.832262e-001 
1
2
2 0 2 2 0 -1
2 1 2 1 0 2
haar_y2
3.776914e-001 0 -1
9.213372e-003 -7.303127e-001 
1
2
1 1 1 3 0 -1
1 2 1 1 0 3
haar_y3
5.514147e-001 0 -1
-7.064627e-003 8.606799e-001 
1
3
2 1 2 2 0 -1
3 1 1 1 0 2
2 2 1 1 0 2
haar_x2_y2
-1.945615e-001 0 -1
-4.307068e-001 1.341420e-002 
1
2
1 2 1 2 0 -1
1 3 1 1 0 2
haar_y2
5.044818e-003 0 -1
-3.774196e-002 2.052510e-001 
1
3
2 1 2 2 0 -1
3 1 1 1 0 2
2 2 1 1 0 2
haar_x2_y2
1.597465e-001 0 -1
1.208934e-002 -3.610487e-001 
1
2
0 2 5 3 0 -1
0 3 5 1 0 3
haar_y3
-8.164203e-001 0 -1
1.094068e-001 -7.681975e-002 
1
2
1 2 4 1 0 -1
2 2 2 1 0 2
haar_x4
-1.485086e+000 0 -1
-1.000000e+000 -5.991820e-004 
1
3
0 1 2 2 0 -1
0 1 1 1 0 2
1 2 1 1 0 2
haar_x2_y2
2.611976e-003 0 -1
-8.195148e-002 8.935092e-002 
1
2
1 0 4 4 0 -1
1 2 4 2 0 2
haar_y2
-1.042821e+000 0 -1
1.451827e-001 -4.478792e-002 
1
2
0 0 4 4 0 -1
0 2 4 2 0 2
haar_y2
-1.917131e-001 0 -1
-5.884608e-002 1.957718e-001 
1
2
3 1 1 2 0 -1
3 2 1 1 0 2
haar_y2
-3.505880e-003 0 -1
4.028188e-002 -6.272747e-002 
1
2
1 1 1 2 0 -1
1 2 1 1 0 2
haar_y2
7.697943e-002 0 -1
2.974349e-002 -2.748628e-001 
1
2
2 1 1 2 0 -1
2 2 1 1 0 2
haar_y2
2.961749e-003 0 -1
-6.580966e-002 1.512821e-001 
1
3
1 1 2 2 0 -1
1 1 1 1 0 2
2 2 1 1 0 2
haar_x2_y2
1.568614e-001 0 -1
2.079025e-002 -4.659334e-001 
1
2
2 2 3 3 0 -1
2 3 3 1 0 3
haar_y3
-1.059632e+000 0 -1
-2.823949e-001 1.776809e-002 
1
2
0 0 5 4 0 -1
0 1 5 2 0 2
haar_y4
8.395114e-001 0 -1
-7.080065e-002 1.106345e-001 
1
2
2 0 3 4 0 -1
2 1 3 2 0 2
haar_y4
1.078590e+000 0 -1
5.049088e-003 -3.865276e-001 
1
2
0 0 1 2 0 -1
0 1 1 1 0 2
haar_y2
-3.064673e-003 0 -1
1.200917e-001 -5.144914e-002 
1
2
4 0 1 2 0 -1
4 1 1 1 0 2
haar_y2
2.664211e-003 0 -1
-1.060636e-001 7.297059e-002 
1
2
0 2 2 3 0 -1
0 3 2 1 0 3
haar_y3
-3.888095e-001 0 -1
-1.344621e-001 4.464004e-002 
1
2
4 1 1 4 0 -1
4 2 1 2 0 2
haar_y4
7.259792e-002 0 -1
3.820934e-002 -1.395592e-001 
1
3
0 3 2 2 0 -1
0 3 1 1 0 2
1 4 1 1 0 2
haar_x2_y2
-9.529102e-002 0 -1
2.069832e-001 -3.102113e-002 
1
2
3 1 1 4 0 -1
3 2 1 2 0 2
haar_y4
3.204205e-001 0 -1
7.078307e-003 -4.092851e-001 
1
2
0 0 1 3 0 -1
0 1 1 1 0 3
haar_y3
6.080072e-001 0 -1
6.016144e-003 -9.642079e-001 
1
2
1 0 3 4 0 -1
2 0 1 4 0 3
haar_x3
1.482668e+000 0 -1
5.341152e-003 -7.721400e-001 
1
2
0 2 3 1 0 -1
1 2 1 1 0 3
haar_x3
-5.297096e-001 0 -1
4.593815e-001 -1.356555e-002 
1
2
3 0 2 2 0 -1
3 0 1 2 0 2
tilted_haar_y2
7.763999e-001 0 -1
3.494619e-003 -7.512299e-001 
1
2
2 0 2 2 0 -1
2 0 2 1 0 2
tilted_haar_y2
-3.728380e-001 0 -1
-4.509771e-001 1.673700e-002 
1
2
4 0 1 3 0 -1
4 1 1 1 0 3
haar_y3
-1.349188e-001 0 -1
-2.518130e-001 1.355252e-002 
1
2
0 0 5 2 0 -1
0 1 5 1 0 2
haar_y2
-5.040447e-001 0 -1
6.302503e-001 -1.134264e-002 
1
2
4 0 1 3 0 -1
4 1 1 1 0 3
haar_y3
6.924033e-001 0 -1
4.532108e-003 -1.000091e+000 
1
2
0 0 1 3 0 -1
0 1 1 1 0 3
haar_y3
-1.023075e-001 0 -1
-2.951333e-001 1.965715e-002 
1
2
1 0 4 4 0 -1
1 2 4 2 0 2
haar_y2
-3.114596e-002 0 -1
-3.382624e-002 2.081264e-001 
1
2
0 0 5 2 0 -1
0 1 5 1 0 2
haar_y2
2.271853e-002 0 -1
1.330679e-001 -5.665297e-002 
1
2
4 0 1 2 0 -1
4 1 1 1 0 2
haar_y2
2.109985e-001 0 -1
-2.244423e-002 2.291859e-001 
1
2
0 0 3 4 0 -1
0 1 3 2 0 2
haar_y4
1.916691e-001 0 -1
-1.781103e-001 3.513129e-002 
1
2
3 1 1 2 0 -1
3 2 1 1 0 2
haar_y2
3.075626e-003 0 -1
-3.909370e-002 8.716626e-002 
1
2
2 1 1 2 0 -1
2 2 1 1 0 2
haar_y2
-2.835284e-003 0 -1
7.902956e-002 -1.397711e-001 
1
2
2 0 2 2 0 -1
2 1 2 1 0 2
haar_y2
1.295211e-001 0 -1
4.036065e-002 -1.447278e-001 
-1.119705e+000

6
-1
