439
1
2
2 2 2 4 0 -1
2 4 2 2 0 2
haar_y2
3.180838e-001 0 -1
-6.967880e-001 6.883749e-001 
1
2
1 2 4 4 0 -1
2 2 2 4 0 2
haar_x4
-8.002566e-003 0 -1
3.740427e-001 -8.439788e-001 
1
2
0 2 1 4 0 -1
0 4 1 2 0 2
haar_y2
1.595639e-003 0 -1
-8.165460e-001 2.815712e-001 
1
2
3 1 3 3 0 -1
3 2 3 1 0 3
haar_y3
-9.757483e-004 0 -1
2.748084e-001 -7.916990e-001 
1
2
2 0 2 1 0 -1
2 0 1 1 0 2
tilted_haar_x2
1.026042e-002 0 -1
-5.601588e-001 2.332695e-001 
1
2
5 4 1 2 0 -1
5 5 1 1 0 2
haar_y2
1.861315e-003 0 -1
-6.444620e-001 2.802832e-001 
1
2
4 0 2 6 0 -1
4 3 2 3 0 2
haar_y2
2.337091e-003 0 -1
-7.476343e-001 1.828422e-001 
1
2
2 2 2 4 0 -1
2 4 2 2 0 2
haar_y2
4.309266e-003 0 -1
-8.441079e-001 1.196601e-001 
1
3
1 0 2 4 0 -1
1 0 1 2 0 2
2 2 1 2 0 2
haar_x2_y2
-1.842057e-003 0 -1
2.348823e-001 -6.480336e-001 
1
2
4 1 2 2 0 -1
5 1 1 2 0 2
haar_x2
1.672945e-003 0 -1
-4.188212e-001 2.981188e-001 
1
3
4 3 2 2 0 -1
4 3 1 1 0 2
5 4 1 1 0 2
haar_x2_y2
1.834798e-003 0 -1
-4.783260e-001 3.574868e-001 
1
2
1 0 1 6 0 -1
1 2 1 2 0 3
haar_y3
-2.316846e-003 0 -1
2.624799e-001 -6.240631e-001 
1
2
1 0 2 6 0 -1
1 2 2 2 0 3
haar_y3
2.552253e-002 0 -1
-2.928881e-001 7.925991e-001 
1
2
0 2 6 4 0 -1
0 4 6 2 0 2
haar_y2
1.157269e-002 0 -1
-7.961704e-001 2.245520e-001 
1
2
2 4 4 2 0 -1
2 5 4 1 0 2
haar_y2
2.858007e-003 0 -1
-7.736288e-001 1.390578e-001 
1
2
1 2 4 4 0 -1
1 3 4 2 0 2
haar_y4
1.951890e-003 0 -1
-6.804742e-001 4.428695e-001 
1
3
2 0 4 4 0 -1
2 0 2 2 0 2
4 2 2 2 0 2
haar_x2_y2
6.746467e-003 0 -1
-8.225902e-001 4.072295e-001 
1
2
3 0 2 6 0 -1
3 2 2 2 0 3
haar_y3
-1.028142e-002 0 -1
2.716415e-001 -8.565721e-001 
1
2
2 1 4 4 0 -1
2 2 4 2 0 2
haar_y4
1.085969e-002 0 -1
-5.377194e-001 7.981417e-001 
1
2
1 2 3 4 0 -1
1 4 3 2 0 2
haar_y2
1.130974e-003 0 -1
-8.958645e-001 4.052633e-001 
1
3
2 0 4 4 0 -1
2 0 2 2 0 2
4 2 2 2 0 2
haar_x2_y2
-2.783260e-003 0 -1
7.035043e-001 -7.981307e-001 
1
3
2 0 4 4 0 -1
2 0 2 2 0 2
4 2 2 2 0 2
haar_x2_y2
2.168655e-003 0 -1
-7.856800e-001 6.653937e-001 
1
2
2 0 1 3 0 -1
2 1 1 1 0 3
haar_y3
1.187059e-003 0 -1
-7.927017e-001 5.255222e-001 
1
2
2 0 1 3 0 -1
2 1 1 1 0 3
haar_y3
-6.522126e-004 0 -1
8.350540e-001 -8.837468e-001 
1
2
2 0 1 3 0 -1
2 1 1 1 0 3
haar_y3
5.979531e-004 0 -1
-7.271174e-001 7.573273e-001 
1
2
4 0 1 6 0 -1
4 3 1 3 0 2
haar_y2
1.032954e-003 0 -1
-9.156826e-001 4.913901e-001 
1
2
4 0 1 4 0 -1
4 2 1 2 0 2
haar_y2
-1.125992e-003 0 -1
6.789456e-001 -9.020954e-001 
1
2
4 0 1 4 0 -1
4 2 1 2 0 2
haar_y2
1.133941e-003 0 -1
-8.184852e-001 7.670068e-001 
1
2
5 1 1 3 0 -1
4 2 1 1 0 3
tilted_haar_y3
-2.770127e-003 0 -1
5.010133e-001 -9.190072e-001 
1
2
4 2 1 2 0 -1
4 2 1 1 0 2
tilted_haar_y2
2.927378e-003 0 -1
-7.114106e-001 8.470250e-001 
1
2
3 0 3 2 0 -1
3 1 3 1 0 2
haar_y2
-5.654868e-004 0 -1
7.694427e-001 -8.969160e-001 
1
2
3 0 3 2 0 -1
3 1 3 1 0 2
haar_y2
1.105808e-003 0 -1
-7.057537e-001 8.187703e-001 
1
2
5 2 1 4 0 -1
5 4 1 2 0 2
haar_y2
1.423495e-003 0 -1
-9.145437e-001 6.043813e-001 
1
2
0 0 1 4 0 -1
0 1 1 2 0 2
haar_y4
-1.214770e-002 0 -1
5.424708e-001 -9.444247e-001 
1
2
2 0 4 2 0 -1
2 0 2 2 0 2
tilted_haar_x2
1.166173e-002 0 -1
-8.145418e-001 7.069030e-001 
1
2
2 0 4 2 0 -1
2 0 2 2 0 2
tilted_haar_x2
-2.831827e-003 0 -1
7.402397e-001 -9.028086e-001 
1
2
2 0 4 2 0 -1
2 0 2 2 0 2
tilted_haar_x2
9.322649e-004 0 -1
-7.533317e-001 8.001249e-001 
1
2
1 0 3 6 0 -1
2 2 1 2 0 9
haar_point
-6.006250e-003 0 -1
5.500953e-001 -9.279800e-001 
1
2
2 1 4 1 0 -1
3 2 2 1 0 2
tilted_haar_x4
6.726175e-003 0 -1
-7.286592e-001 8.432370e-001 
1
2
3 2 1 4 0 -1
3 4 1 2 0 2
haar_y2
3.071765e-003 0 -1
-9.546112e-001 5.337875e-001 
1
3
0 0 4 2 0 -1
0 0 2 1 0 2
2 1 2 1 0 2
haar_x2_y2
-9.388748e-004 0 -1
4.254693e-001 -9.403445e-001 
1
2
0 2 2 1 0 -1
1 2 1 1 0 2
haar_x2
-1.679094e-003 0 -1
4.941666e-001 -8.734415e-001 
1
2
0 2 2 2 0 -1
1 2 1 2 0 2
haar_x2
4.712730e-004 0 -1
-6.238152e-001 7.380848e-001 
1
2
1 2 1 4 0 -1
1 4 1 2 0 2
haar_y2
2.914902e-003 0 -1
-8.826177e-001 4.377307e-001 
1
2
1 2 2 4 0 -1
1 4 2 2 0 2
haar_y2
-5.080823e-003 0 -1
9.812226e-001 -8.078935e-001 
1
2
0 2 4 4 0 -1
0 4 4 2 0 2
haar_y2
4.657421e-003 0 -1
-8.612480e-001 6.613984e-001 
1
2
2 2 3 1 0 -1
3 3 1 1 0 3
tilted_haar_x3
-4.349519e-004 0 -1
3.593349e-001 -8.890725e-001 
1
2
2 0 4 2 0 -1
2 0 2 2 0 2
tilted_haar_x2
-1.002411e-003 0 -1
5.303335e-001 -7.147093e-001 
1
2
4 1 2 2 0 -1
4 1 1 2 0 2
tilted_haar_x2
3.283535e-002 0 -1
-5.006397e-001 8.355392e-001 
1
3
0 2 4 2 0 -1
0 2 2 1 0 2
2 3 2 1 0 2
haar_x2_y2
1.353361e-003 0 -1
-7.080180e-001 6.637573e-001 
1
2
3 0 3 3 0 -1
2 1 3 1 0 3
tilted_haar_y3
-1.799312e-002 0 -1
5.182702e-001 -8.939822e-001 
1
2
0 2 1 4 0 -1
0 3 1 2 0 2
haar_y4
4.712730e-004 0 -1
-7.469445e-001 5.013837e-001 
1
2
1 3 2 1 0 -1
1 3 1 1 0 2
tilted_haar_x2
-9.693782e-004 0 -1
5.121477e-001 -8.413129e-001 
1
2
1 3 2 1 0 -1
1 3 1 1 0 2
tilted_haar_x2
4.836210e-003 0 -1
-6.455027e-001 7.530056e-001 
1
2
1 3 2 1 0 -1
1 3 1 1 0 2
tilted_haar_x2
-9.693782e-004 0 -1
6.098322e-001 -8.099164e-001 
1
2
0 3 2 3 0 -1
1 3 1 3 0 2
haar_x2
-2.408597e-003 0 -1
5.926144e-001 -6.830842e-001 
1
2
4 0 2 4 0 -1
3 1 2 2 0 2
tilted_haar_y4
9.127507e-004 0 -1
-4.355956e-001 8.807402e-001 
1
2
2 3 2 2 0 -1
2 4 2 1 0 2
haar_y2
4.738647e-003 0 -1
-7.358669e-001 4.705476e-001 
1
2
0 2 5 3 0 -1
0 3 5 1 0 3
haar_y3
2.526469e-002 0 -1
-7.325127e-001 5.511116e-001 
1
2
1 2 4 3 0 -1
1 3 4 1 0 3
haar_y3
-7.216542e-003 0 -1
7.128381e-001 -8.322454e-001 
1
2
1 2 4 3 0 -1
1 3 4 1 0 3
haar_y3
9.065678e-003 0 -1
-6.474549e-001 7.219601e-001 
1
2
4 2 2 2 0 -1
4 2 1 2 0 2
tilted_haar_x2
-1.299728e-003 0 -1
4.303655e-001 -8.788443e-001 
1
2
2 0 2 1 0 -1
3 0 1 1 0 2
haar_x2
-2.114974e-003 0 -1
4.617050e-001 -7.952865e-001 
1
2
4 1 1 2 0 -1
4 1 1 1 0 2
tilted_haar_y2
1.031751e-001 0 -1
-5.373423e-001 7.787898e-001 
1
2
4 0 2 4 0 -1
4 0 2 2 0 2
tilted_haar_y2
-2.982054e-002 0 -1
5.083317e-001 -8.724564e-001 
1
2
2 0 1 2 0 -1
2 0 1 1 0 2
tilted_haar_y2
3.984178e-003 0 -1
-8.175836e-001 5.890876e-001 
1
2
4 1 1 4 0 -1
4 1 1 2 0 2
tilted_haar_y2
-3.875174e-003 0 -1
3.895275e-001 -9.465888e-001 
1
2
5 1 1 2 0 -1
5 1 1 1 0 2
tilted_haar_y2
3.214022e-003 0 -1
-7.928960e-001 5.034682e-001 
1
2
3 4 3 2 0 -1
3 5 3 1 0 2
haar_y2
9.657257e-004 0 -1
-9.207548e-001 3.912982e-001 
1
2
2 2 4 4 0 -1
2 3 4 2 0 2
haar_y4
2.880014e-003 0 -1
-9.097098e-001 5.087537e-001 
1
2
2 2 4 3 0 -1
2 3 4 1 0 3
haar_y3
-7.539190e-003 0 -1
6.443400e-001 -7.973682e-001 
1
2
0 1 6 4 0 -1
0 2 6 2 0 2
haar_y4
1.943162e-003 0 -1
-6.208672e-001 8.347362e-001 
1
2
1 1 2 1 0 -1
1 1 1 1 0 2
tilted_haar_x2
2.305378e-003 0 -1
-8.088192e-001 7.558920e-001 
1
2
0 2 6 2 0 -1
0 3 6 1 0 2
haar_y2
2.900123e-003 0 -1
-9.348367e-001 5.745368e-001 
1
2
4 4 2 2 0 -1
4 5 2 1 0 2
haar_y2
5.343490e-003 0 -1
-9.546174e-001 4.639514e-001 
1
3
0 4 6 2 0 -1
0 4 3 1 0 2
3 5 3 1 0 2
haar_x2_y2
-1.102137e-002 0 -1
6.804293e-001 -9.630130e-001 
1
2
4 0 1 6 0 -1
4 2 1 2 0 3
haar_y3
-7.770337e-003 0 -1
6.631716e-001 -9.801418e-001 
1
3
0 0 4 6 0 -1
0 0 2 3 0 2
2 3 2 3 0 2
haar_x2_y2
-5.565545e-004 0 -1
6.134999e-001 -9.324569e-001 
1
2
2 0 3 1 0 -1
3 0 1 1 0 3
haar_x3
-1.473084e-003 0 -1
7.769774e-001 -9.730347e-001 
1
2
1 5 4 1 0 -1
2 5 2 1 0 2
haar_x4
3.231567e-003 0 -1
-9.781083e-001 1.000002e+000 
1
2
1 4 4 2 0 -1
2 4 2 2 0 2
haar_x4
-8.456570e-004 0 -1
8.375447e-001 -9.585521e-001 
1
2
0 0 4 6 0 -1
0 2 4 2 0 3
haar_y3
-4.297064e-003 0 -1
6.486288e-001 -9.803681e-001 
1
2
0 0 4 6 0 -1
0 2 4 2 0 3
haar_y3
1.299728e-003 0 -1
-9.944066e-001 1.000004e+000 
1
2
0 0 4 6 0 -1
0 2 4 2 0 3
haar_y3
-8.435182e-004 0 -1
8.112511e-001 -9.622535e-001 
1
2
0 0 5 4 0 -1
0 2 5 2 0 2
haar_y2
4.299455e-002 0 -1
-9.854410e-001 1.000008e+000 
1
2
0 0 4 4 0 -1
0 2 4 2 0 2
haar_y2
-4.413369e-003 0 -1
8.969470e-001 -9.779297e-001 
1
2
4 4 1 2 0 -1
4 5 1 1 0 2
haar_y2
3.683320e-003 0 -1
-9.869211e-001 8.436655e-001 
1
2
3 2 3 3 0 -1
3 3 3 1 0 3
haar_y3
6.272158e-003 0 -1
-1.000000e+000 1.000040e+000 
1
2
0 0 2 1 0 -1
1 0 1 1 0 2
haar_x2
0.000000e+000 0 -1
0.000000e+000 -1.000000e+000 
1
2
0 2 6 3 0 -1
2 3 2 1 0 9
haar_point
-2.111642e-002 0 -1
9.430869e-001 -9.980985e-001 
1
2
0 3 6 2 0 -1
2 3 2 2 0 3
haar_x3
1.299728e-002 0 -1
-9.562216e-001 9.366790e-001 
1
2
1 3 4 2 0 -1
2 3 2 2 0 2
haar_x4
-2.633705e-003 0 -1
8.993805e-001 -9.932466e-001 
1
2
4 2 2 3 0 -1
4 3 2 1 0 3
haar_y3
-8.798509e-004 0 -1
7.954305e-001 -9.359056e-001 
1
2
4 2 1 4 0 -1
4 3 1 2 0 2
haar_y4
4.815575e-003 0 -1
-8.693561e-001 7.229651e-001 
1
2
0 0 6 1 0 -1
2 0 2 1 0 3
haar_x3
3.032594e-003 0 -1
-9.129196e-001 7.524134e-001 
1
2
1 0 3 2 0 -1
2 0 1 2 0 3
haar_x3
-1.534485e-002 0 -1
9.200665e-001 -9.740695e-001 
1
2
0 2 1 4 0 -1
0 4 1 2 0 2
haar_y2
3.814488e-003 0 -1
-9.159715e-001 5.242910e-001 
1
3
0 3 6 2 0 -1
0 3 3 1 0 2
3 4 3 1 0 2
haar_x2_y2
6.286999e-003 0 -1
-9.389489e-001 7.779972e-001 
1
3
0 3 6 2 0 -1
0 3 3 1 0 2
3 4 3 1 0 2
haar_x2_y2
-8.023884e-004 0 -1
8.137056e-001 -9.750693e-001 
1
3
0 3 6 2 0 -1
0 3 3 1 0 2
3 4 3 1 0 2
haar_x2_y2
2.046162e-003 0 -1
-9.101107e-001 8.497689e-001 
1
2
3 3 3 3 0 -1
3 4 3 1 0 3
haar_y3
-1.850054e-003 0 -1
9.170818e-001 -9.586756e-001 
1
2
4 2 2 4 0 -1
4 4 2 2 0 2
haar_y2
1.219513e-002 0 -1
-1.000000e+000 1.000001e+000 
1
2
0 1 2 3 0 -1
1 1 1 3 0 2
haar_x2
0.000000e+000 0 -1
0.000000e+000 -1.000000e+000 
1
2
1 1 2 4 0 -1
1 3 2 2 0 2
haar_y2
8.779977e-002 0 -1
-9.916639e-001 9.999982e-001 
1
2
0 1 2 3 0 -1
1 1 1 3 0 2
haar_x2
0.000000e+000 0 -1
0.000000e+000 -1.000000e+000 
1
2
0 0 2 2 0 -1
1 0 1 2 0 2
haar_x2
8.023884e-004 0 -1
-9.873476e-001 9.758499e-001 
1
2
5 3 1 2 0 -1
5 3 1 1 0 2
tilted_haar_y2
4.640196e-002 0 -1
-1.000000e+000 1.000037e+000 
1
2
2 0 3 2 0 -1
3 0 1 2 0 3
haar_x3
-1.018865e-003 0 -1
9.331474e-001 -9.815586e-001 
1
2
5 1 1 2 0 -1
5 1 1 1 0 2
tilted_haar_y2
3.946809e-002 0 -1
-1.000000e+000 1.000018e+000 
1
2
0 1 2 3 0 -1
1 1 1 3 0 2
haar_x2
0.000000e+000 0 -1
0.000000e+000 -1.000000e+000 
1
2
3 1 1 4 0 -1
3 3 1 2 0 2
haar_y2
1.047264e-002 0 -1
-9.956154e-001 9.999967e-001 
1
2
0 0 2 1 0 -1
1 0 1 1 0 2
haar_x2
0.000000e+000 0 -1
0.000000e+000 -1.000000e+000 
1
2
4 0 2 1 0 -1
4 0 1 1 0 2
tilted_haar_x2
1.650210e-003 0 -1
-9.956399e-001 1.000001e+000 
1
2
0 0 2 1 0 -1
1 0 1 1 0 2
haar_x2
0.000000e+000 0 -1
0.000000e+000 -1.000000e+000 
1
2
5 1 1 3 0 -1
4 2 1 1 0 3
tilted_haar_y3
-1.535883e-003 0 -1
1.000000e+000 -9.535940e-001 
1
2
1 2 3 2 0 -1
2 2 1 2 0 3
haar_x3
-2.391812e-003 0 -1
9.384353e-001 -9.295592e-001 
1
2
4 0 1 6 0 -1
4 3 1 3 0 2
haar_y2
3.810617e-003 0 -1
-8.186594e-001 7.962243e-001 
1
2
1 1 2 2 0 -1
1 2 2 1 0 2
haar_y2
-6.982909e-003 0 -1
7.632825e-001 -9.368097e-001 
1
2
0 1 2 3 0 -1
1 1 1 3 0 2
haar_x2
4.234019e-004 0 -1
-8.429751e-001 9.573267e-001 
1
2
0 0 2 1 0 -1
1 0 1 1 0 2
haar_x2
4.205217e-004 0 -1
-9.037601e-001 7.888631e-001 
1
2
3 0 3 3 0 -1
4 0 1 3 0 3
haar_x3
-9.401360e-003 0 -1
8.100609e-001 -9.748138e-001 
1
2
1 4 2 1 0 -1
2 4 1 1 0 2
haar_x2
1.176226e-003 0 -1
-9.523521e-001 8.368797e-001 
1
2
0 4 4 2 0 -1
2 4 2 2 0 2
haar_x2
-2.072867e-003 0 -1
1.000000e+000 -9.878718e-001 
1
2
0 0 2 1 0 -1
1 0 1 1 0 2
haar_x2
0.000000e+000 0 -1
0.000000e+000 -1.000000e+000 
1
3
2 0 4 4 0 -1
2 0 2 2 0 2
4 2 2 2 0 2
haar_x2_y2
5.887304e-003 0 -1
-9.753218e-001 9.183846e-001 
1
2
5 2 1 4 0 -1
5 3 1 2 0 2
haar_y4
-1.885092e-003 0 -1
1.000000e+000 -1.000000e+000 
1
2
5 2 1 4 0 -1
5 3 1 2 0 2
haar_y4
1.464620e-003 0 -1
-9.646857e-001 9.585204e-001 
1
2
4 4 2 2 0 -1
4 5 2 1 0 2
haar_y2
6.931305e-003 0 -1
-9.966682e-001 9.999963e-001 
1
2
0 0 2 1 0 -1
1 0 1 1 0 2
haar_x2
0.000000e+000 0 -1
0.000000e+000 -1.000000e+000 
1
2
2 4 2 2 0 -1
3 4 1 2 0 2
haar_x2
3.249464e-003 0 -1
-9.827909e-001 9.341303e-001 
1
2
0 3 3 3 0 -1
1 3 1 3 0 3
haar_x3
1.670989e-003 0 -1
-1.000000e+000 1.000004e+000 
1
2
0 1 2 3 0 -1
1 1 1 3 0 2
haar_x2
0.000000e+000 0 -1
0.000000e+000 -1.000000e+000 
1
2
2 1 2 3 0 -1
2 2 2 1 0 3
haar_y3
-1.015043e-002 0 -1
9.179181e-001 -9.920559e-001 
1
2
0 0 6 4 0 -1
0 2 6 2 0 2
haar_y2
1.161401e-002 0 -1
-9.116870e-001 8.996818e-001 
1
2
0 4 6 2 0 -1
2 4 2 2 0 3
haar_x3
1.479894e-002 0 -1
-7.730896e-001 9.698177e-001 
1
2
5 0 1 4 0 -1
4 1 1 2 0 2
tilted_haar_y4
-5.464454e-003 0 -1
7.579410e-001 -9.673257e-001 
1
2
3 2 1 3 0 -1
2 3 1 1 0 3
tilted_haar_y3
-1.997525e-003 0 -1
8.650951e-001 -8.196148e-001 
1
2
0 3 3 3 0 -1
0 4 3 1 0 3
haar_y3
3.246955e-002 0 -1
-7.064104e-001 7.899376e-001 
1
2
0 0 2 4 0 -1
1 0 1 4 0 2
haar_x2
3.496760e-003 0 -1
-6.102796e-001 8.214821e-001 
1
2
5 0 1 6 0 -1
5 2 1 2 0 3
haar_y3
-2.099665e-002 0 -1
6.634743e-001 -7.290043e-001 
1
2
3 1 1 3 0 -1
3 2 1 1 0 3
haar_y3
1.413819e-003 0 -1
-5.044478e-001 9.262416e-001 
1
2
2 0 2 1 0 -1
2 0 1 1 0 2
tilted_haar_x2
1.316852e-003 0 -1
-8.862640e-001 5.540001e-001 
1
3
1 1 4 2 0 -1
1 1 2 1 0 2
3 2 2 1 0 2
haar_x2_y2
-5.887304e-003 0 -1
9.043794e-001 -8.698267e-001 
1
2
0 3 6 1 0 -1
3 3 3 1 0 2
haar_x2
8.717640e-003 0 -1
-7.456508e-001 8.253234e-001 
1
2
0 1 6 5 0 -1
3 1 3 5 0 2
haar_x2
-8.271684e-002 0 -1
8.621356e-001 -8.670364e-001 
1
2
1 1 4 3 0 -1
3 1 2 3 0 2
haar_x2
6.236157e-003 0 -1
-9.696533e-001 9.379891e-001 
1
2
2 1 2 2 0 -1
3 1 1 2 0 2
haar_x2
-1.299728e-003 0 -1
1.000000e+000 -1.000000e+000 
1
2
2 0 2 4 0 -1
3 0 1 4 0 2
haar_x2
6.581706e-004 0 -1
-9.658626e-001 9.212207e-001 
1
2
2 2 3 3 0 -1
3 2 1 3 0 3
haar_x3
-7.344785e-003 0 -1
7.204515e-001 -9.238142e-001 
1
2
0 2 1 4 0 -1
0 4 1 2 0 2
haar_y2
3.955820e-003 0 -1
-8.551991e-001 4.319555e-001 
1
2
3 3 2 2 0 -1
4 3 1 2 0 2
haar_x2
-1.195906e-003 0 -1
7.772573e-001 -8.094798e-001 
1
2
3 3 2 3 0 -1
4 3 1 3 0 2
haar_x2
1.464620e-003 0 -1
-7.163485e-001 6.621050e-001 
1
2
2 0 4 2 0 -1
2 0 2 2 0 2
tilted_haar_x2
1.278949e-001 0 -1
-4.112645e-001 9.166340e-001 
1
2
5 2 1 3 0 -1
4 3 1 1 0 3
tilted_haar_y3
1.085063e-002 0 -1
-4.661533e-001 8.966212e-001 
1
2
3 4 1 2 0 -1
3 5 1 1 0 2
haar_y2
7.161773e-004 0 -1
-8.488075e-001 5.367479e-001 
1
2
0 2 3 4 0 -1
0 3 3 2 0 2
haar_y4
9.659568e-004 0 -1
-8.424164e-001 6.579039e-001 
1
2
0 2 3 4 0 -1
0 3 3 2 0 2
haar_y4
-3.416354e-003 0 -1
6.721614e-001 -7.577082e-001 
1
2
2 2 2 4 0 -1
2 4 2 2 0 2
haar_y2
2.251984e-003 0 -1
-9.208890e-001 3.739063e-001 
1
3
2 2 4 2 0 -1
2 2 2 1 0 2
4 3 2 1 0 2
haar_x2_y2
-6.029507e-003 0 -1
6.463733e-001 -8.773530e-001 
1
3
2 2 4 2 0 -1
2 2 2 1 0 2
4 3 2 1 0 2
haar_x2_y2
1.195906e-003 0 -1
-6.946405e-001 6.817495e-001 
1
3
2 2 4 2 0 -1
2 2 2 1 0 2
4 3 2 1 0 2
haar_x2_y2
-8.023884e-004 0 -1
6.899818e-001 -8.232913e-001 
1
3
2 2 4 2 0 -1
2 2 2 1 0 2
4 3 2 1 0 2
haar_x2_y2
1.195906e-003 0 -1
-6.499802e-001 7.551317e-001 
1
2
3 5 3 1 0 -1
4 5 1 1 0 3
haar_x3
-1.261565e-003 0 -1
6.142303e-001 -8.034850e-001 
1
2
4 5 2 1 0 -1
5 5 1 1 0 2
haar_x2
-2.186421e-003 0 -1
8.300610e-001 -8.060287e-001 
1
2
0 5 6 1 0 -1
2 5 2 1 0 3
haar_x3
-3.709637e-003 0 -1
7.327480e-001 -6.721247e-001 
1
2
0 4 3 2 0 -1
0 5 3 1 0 2
haar_y2
1.885092e-003 0 -1
-6.867883e-001 5.347956e-001 
1
2
0 2 5 4 0 -1
0 3 5 2 0 2
haar_y4
6.155960e-003 0 -1
-7.775576e-001 7.593837e-001 
1
2
0 1 6 4 0 -1
0 3 6 2 0 2
haar_y2
-9.914065e-003 0 -1
9.299073e-001 -5.168899e-001 
1
2
0 4 2 1 0 -1
1 4 1 1 0 2
haar_x2
4.205217e-004 0 -1
-4.279595e-001 7.825086e-001 
1
2
2 2 3 4 0 -1
2 4 3 2 0 2
haar_y2
4.712730e-004 0 -1
-8.548905e-001 3.733288e-001 
1
2
0 1 6 3 0 -1
0 2 6 1 0 3
haar_y3
1.545971e-002 0 -1
-7.612907e-001 7.799487e-001 
1
2
0 1 4 3 0 -1
0 2 4 1 0 3
haar_y3
-4.712730e-004 0 -1
6.281078e-001 -9.460956e-001 
1
2
0 0 2 6 0 -1
1 0 1 6 0 2
haar_x2
-9.425460e-004 0 -1
5.001071e-001 -7.692326e-001 
1
2
0 2 2 3 0 -1
1 2 1 3 0 2
haar_x2
3.929709e-003 0 -1
-7.026550e-001 7.563174e-001 
1
2
3 3 1 2 0 -1
3 3 1 1 0 2
tilted_haar_y2
-9.425460e-004 0 -1
4.215231e-001 -9.024138e-001 
1
3
2 3 2 2 0 -1
2 3 1 1 0 2
3 4 1 1 0 2
haar_x2_y2
7.805252e-003 0 -1
-8.742707e-001 7.010067e-001 
1
2
1 2 3 4 0 -1
2 2 1 4 0 3
haar_x3
-5.207289e-002 0 -1
7.377744e-001 -9.503219e-001 
1
2
1 0 3 5 0 -1
2 0 1 5 0 3
haar_x3
1.308170e-003 0 -1
-9.813522e-001 8.370069e-001 
1
2
4 2 2 1 0 -1
4 2 1 1 0 2
tilted_haar_x2
2.626979e-002 0 -1
-1.000000e+000 1.000011e+000 
1
2
0 1 2 3 0 -1
1 1 1 3 0 2
haar_x2
0.000000e+000 0 -1
0.000000e+000 -1.000000e+000 
1
2
3 2 1 2 0 -1
3 2 1 1 0 2
tilted_haar_y2
-1.309080e-002 0 -1
1.000000e+000 -9.841854e-001 
1
2
4 0 2 6 0 -1
4 3 2 3 0 2
haar_y2
4.370950e-003 0 -1
-9.649928e-001 8.555871e-001 
1
2
3 0 1 3 0 -1
2 1 1 1 0 3
tilted_haar_y3
2.506190e-002 0 -1
-9.848917e-001 9.999952e-001 
1
2
3 5 3 1 0 -1
4 5 1 1 0 3
haar_x3
-1.360969e-003 0 -1
1.000000e+000 -1.000000e+000 
1
2
4 0 1 2 0 -1
4 0 1 1 0 2
tilted_haar_y2
2.344946e-002 0 -1
-9.965636e-001 1.000003e+000 
1
2
0 0 2 1 0 -1
1 0 1 1 0 2
haar_x2
0.000000e+000 0 -1
0.000000e+000 -1.000000e+000 
1
2
3 0 2 6 0 -1
3 2 2 2 0 3
haar_y3
-2.613399e-002 0 -1
9.579535e-001 -9.879822e-001 
1
3
0 0 4 4 0 -1
0 0 2 2 0 2
2 2 2 2 0 2
haar_x2_y2
-6.801147e-003 0 -1
1.000000e+000 -1.000000e+000 
1
2
3 1 3 3 0 -1
4 1 1 3 0 3
haar_x3
3.047036e-002 0 -1
-1.000000e+000 1.000001e+000 
1
2
0 1 2 3 0 -1
1 1 1 3 0 2
haar_x2
0.000000e+000 0 -1
0.000000e+000 -1.000000e+000 
1
2
5 1 1 4 0 -1
5 1 1 2 0 2
tilted_haar_y2
-3.658759e-002 0 -1
1.000000e+000 -1.000000e+000 
1
2
0 0 2 1 0 -1
1 0 1 1 0 2
haar_x2
0.000000e+000 0 -1
0.000000e+000 -1.000000e+000 
1
2
0 2 1 4 0 -1
0 4 1 2 0 2
haar_y2
3.955820e-003 0 -1
-9.764963e-001 9.464303e-001 
1
2
1 2 4 2 0 -1
1 3 4 1 0 2
haar_y2
7.765561e-003 0 -1
-1.000000e+000 1.000000e+000 
1
2
0 0 2 1 0 -1
1 0 1 1 0 2
haar_x2
0.000000e+000 0 -1
0.000000e+000 -1.000000e+000 
1
2
2 2 3 1 0 -1
3 3 1 1 0 3
tilted_haar_x3
-1.679839e-002 0 -1
9.116086e-001 -9.999999e-001 
1
2
0 0 2 1 0 -1
1 0 1 1 0 2
haar_x2
-4.211998e-002 0 -1
0.000000e+000 -1.000000e+000 
1
2
0 0 2 1 0 -1
1 0 1 1 0 2
haar_x2
1.471250e-003 0 -1
-9.416543e-001 9.999999e-001 
1
2
5 1 1 4 0 -1
4 2 1 2 0 2
tilted_haar_y4
-1.008330e-001 0 -1
1.000000e+000 -1.000000e+000 
1
2
0 1 2 3 0 -1
1 1 1 3 0 2
haar_x2
0.000000e+000 0 -1
0.000000e+000 -1.000000e+000 
1
2
2 4 4 2 0 -1
2 5 4 1 0 2
haar_y2
3.580887e-003 0 -1
-9.916888e-001 9.513205e-001 
1
2
0 0 2 1 0 -1
1 0 1 1 0 2
haar_x2
0.000000e+000 0 -1
0.000000e+000 -1.000000e+000 
1
2
0 2 2 3 0 -1
1 2 1 3 0 2
haar_x2
3.522262e-003 0 -1
-9.673488e-001 9.695048e-001 
1
2
3 1 1 3 0 -1
2 2 1 1 0 3
tilted_haar_y3
-1.049028e-002 0 -1
1.000000e+000 -1.000000e+000 
1
2
2 2 3 4 0 -1
3 2 1 4 0 3
haar_x3
-4.720974e-003 0 -1
9.121487e-001 -9.818847e-001 
1
3
0 1 4 2 0 -1
0 1 2 1 0 2
2 2 2 1 0 2
haar_x2_y2
8.436382e-003 0 -1
-9.047357e-001 9.569821e-001 
1
2
0 1 1 4 0 -1
0 3 1 2 0 2
haar_y2
1.120367e-002 0 -1
-9.900452e-001 8.319222e-001 
1
2
1 0 4 2 0 -1
1 1 4 1 0 2
haar_y2
6.126549e-003 0 -1
-1.000000e+000 1.000010e+000 
1
2
3 0 2 1 0 -1
3 0 1 1 0 2
tilted_haar_x2
1.241943e-002 0 -1
-1.000000e+000 1.000000e+000 
1
2
0 1 2 3 0 -1
1 1 1 3 0 2
haar_x2
0.000000e+000 0 -1
0.000000e+000 -1.000000e+000 
1
2
0 0 3 3 0 -1
1 1 1 1 0 9
haar_point
-1.885080e-002 0 -1
1.000000e+000 -9.929484e-001 
1
2
0 0 2 2 0 -1
1 0 1 2 0 2
haar_x2
8.023884e-004 0 -1
-9.852546e-001 9.999976e-001 
1
2
0 1 2 3 0 -1
1 1 1 3 0 2
haar_x2
0.000000e+000 0 -1
0.000000e+000 -1.000000e+000 
1
2
0 2 2 2 0 -1
1 2 1 2 0 2
haar_x2
4.712730e-004 0 -1
-9.842986e-001 1.000000e+000 
1
2
5 4 1 2 0 -1
5 5 1 1 0 2
haar_y2
2.224298e-002 0 -1
-1.000000e+000 1.000013e+000 
1
2
0 1 2 3 0 -1
1 1 1 3 0 2
haar_x2
0.000000e+000 0 -1
0.000000e+000 -1.000000e+000 
1
2
3 2 1 2 0 -1
3 2 1 1 0 2
tilted_haar_y2
-7.096726e-004 0 -1
1.000000e+000 -9.999999e-001 
1
2
3 0 3 3 0 -1
4 1 1 3 0 3
tilted_haar_x3
-1.085775e-001 0 -1
7.925906e-001 -9.607742e-001 
1
2
0 1 2 4 0 -1
1 1 1 4 0 2
haar_x2
4.234019e-004 0 -1
-9.893676e-001 1.000001e+000 
1
2
0 0 2 1 0 -1
1 0 1 1 0 2
haar_x2
0.000000e+000 0 -1
0.000000e+000 -1.000000e+000 
1
2
1 0 3 6 0 -1
2 2 1 2 0 9
haar_point
-1.049028e-002 0 -1
9.475952e-001 -9.741272e-001 
1
2
0 0 4 3 0 -1
1 0 2 3 0 2
haar_x4
1.408905e-002 0 -1
-1.000000e+000 1.000002e+000 
1
2
0 1 2 3 0 -1
1 1 1 3 0 2
haar_x2
0.000000e+000 0 -1
0.000000e+000 -1.000000e+000 
1
2
4 0 1 3 0 -1
3 1 1 1 0 3
tilted_haar_y3
-6.683956e-003 0 -1
1.000000e+000 -1.000000e+000 
1
2
0 1 1 4 0 -1
0 2 1 2 0 2
haar_y4
-1.360969e-003 0 -1
8.656764e-001 -9.556427e-001 
1
2
4 0 2 4 0 -1
5 0 1 4 0 2
haar_x2
2.963813e-003 0 -1
-8.721056e-001 7.869223e-001 
1
2
1 2 5 4 0 -1
1 3 5 2 0 2
haar_y4
1.058505e-002 0 -1
-9.751715e-001 9.586617e-001 
1
2
0 4 4 2 0 -1
2 4 2 2 0 2
haar_x2
9.373953e-004 0 -1
-7.988770e-001 9.739377e-001 
1
2
3 2 2 1 0 -1
3 2 1 1 0 2
tilted_haar_x2
3.039702e-002 0 -1
-6.926076e-001 1.000000e+000 
1
2
2 1 3 1 0 -1
3 2 1 1 0 3
tilted_haar_x3
-6.937703e-003 0 -1
8.682248e-001 -9.351509e-001 
1
2
0 2 5 3 0 -1
0 3 5 1 0 3
haar_y3
7.517247e-003 0 -1
-7.853881e-001 8.508009e-001 
1
2
1 3 2 1 0 -1
1 3 1 1 0 2
tilted_haar_x2
-4.105185e-003 0 -1
9.228572e-001 -9.314907e-001 
1
2
1 3 2 1 0 -1
1 3 1 1 0 2
tilted_haar_x2
9.738243e-003 0 -1
-9.918145e-001 8.593700e-001 
1
2
1 3 2 1 0 -1
1 3 1 1 0 2
tilted_haar_x2
-4.105185e-003 0 -1
9.575349e-001 -9.042520e-001 
1
2
1 3 2 1 0 -1
1 3 1 1 0 2
tilted_haar_x2
2.860866e-003 0 -1
-9.912356e-001 8.899629e-001 
1
2
1 3 2 1 0 -1
1 3 1 1 0 2
tilted_haar_x2
-4.105185e-003 0 -1
9.607198e-001 -8.999178e-001 
1
2
1 3 2 1 0 -1
1 3 1 1 0 2
tilted_haar_x2
2.860866e-003 0 -1
-9.840494e-001 8.920155e-001 
1
2
1 3 2 1 0 -1
1 3 1 1 0 2
tilted_haar_x2
-4.105185e-003 0 -1
9.624768e-001 -8.970200e-001 
1
2
1 3 2 1 0 -1
1 3 1 1 0 2
tilted_haar_x2
2.860866e-003 0 -1
-9.800255e-001 8.930334e-001 
1
2
1 3 2 1 0 -1
1 3 1 1 0 2
tilted_haar_x2
-4.105185e-003 0 -1
9.637475e-001 -8.913105e-001 
1
2
1 3 2 1 0 -1
1 3 1 1 0 2
tilted_haar_x2
2.860866e-003 0 -1
-9.793738e-001 8.952715e-001 
1
2
1 3 2 1 0 -1
1 3 1 1 0 2
tilted_haar_x2
-4.105185e-003 0 -1
9.446595e-001 -8.902629e-001 
1
2
1 3 2 1 0 -1
1 3 1 1 0 2
tilted_haar_x2
2.860866e-003 0 -1
-9.746244e-001 8.967351e-001 
1
2
3 3 1 2 0 -1
3 4 1 1 0 2
haar_y2
1.360969e-003 0 -1
-9.090249e-001 8.521650e-001 
1
2
3 1 3 2 0 -1
3 1 3 1 0 2
tilted_haar_y2
1.035408e-002 0 -1
-9.842137e-001 1.000001e+000 
1
2
5 2 1 4 0 -1
5 4 1 2 0 2
haar_y2
4.139810e-003 0 -1
-9.681244e-001 8.175902e-001 
1
2
0 0 6 6 0 -1
0 2 6 2 0 3
haar_y3
3.062036e-002 0 -1
-9.829153e-001 9.999991e-001 
1
2
0 0 5 6 0 -1
0 2 5 2 0 3
haar_y3
-1.360969e-003 0 -1
8.629748e-001 -9.594728e-001 
1
2
3 4 1 2 0 -1
3 5 1 1 0 2
haar_y2
1.306362e-003 0 -1
-9.885491e-001 5.333214e-001 
1
2
1 0 3 4 0 -1
1 2 3 2 0 2
haar_y2
1.524247e-002 0 -1
-1.000000e+000 1.000005e+000 
1
2
0 0 4 4 0 -1
0 2 4 2 0 2
haar_y2
-8.830957e-003 0 -1
1.000000e+000 -1.000000e+000 
1
2
0 1 2 4 0 -1
0 2 2 2 0 2
haar_y4
2.783669e-003 0 -1
-1.000000e+000 9.999993e-001 
1
2
0 0 2 1 0 -1
1 0 1 1 0 2
haar_x2
0.000000e+000 0 -1
0.000000e+000 -1.000000e+000 
1
2
3 0 3 3 0 -1
4 1 1 3 0 3
tilted_haar_x3
-1.133941e-003 0 -1
9.662346e-001 -9.957727e-001 
1
2
1 0 4 2 0 -1
2 0 2 2 0 2
haar_x4
-9.623636e-003 0 -1
1.000000e+000 -1.000000e+000 
1
2
1 0 4 2 0 -1
2 0 2 2 0 2
haar_x4
2.784414e-003 0 -1
-9.809228e-001 1.000001e+000 
1
2
0 0 6 2 0 -1
2 0 2 2 0 3
haar_x3
-2.613955e-002 0 -1
1.000000e+000 -1.000000e+000 
1
2
0 0 6 3 0 -1
2 1 2 1 0 9
haar_point
5.269710e-002 0 -1
-9.613768e-001 1.000001e+000 
1
2
2 1 2 2 0 -1
2 1 1 2 0 2
tilted_haar_x2
-3.780077e-003 0 -1
9.624606e-001 -9.631024e-001 
1
2
0 0 2 2 0 -1
1 0 1 2 0 2
haar_x2
2.114699e-003 0 -1
-8.798292e-001 1.000000e+000 
1
2
3 2 2 4 0 -1
3 4 2 2 0 2
haar_y2
4.229398e-003 0 -1
-9.768808e-001 9.421470e-001 
1
2
0 2 3 1 0 -1
1 2 1 1 0 3
haar_x3
-1.517930e-002 0 -1
1.000000e+000 -1.000000e+000 
1
2
1 2 2 1 0 -1
2 2 1 1 0 2
haar_x2
-8.054686e-003 0 -1
9.429298e-001 -9.790399e-001 
1
3
3 0 2 4 0 -1
3 0 1 2 0 2
4 2 1 2 0 2
haar_x2_y2
5.692855e-003 0 -1
-8.852844e-001 7.620474e-001 
1
2
3 2 2 3 0 -1
4 2 1 3 0 2
haar_x2
-2.737939e-003 0 -1
1.000000e+000 -9.465862e-001 
1
2
3 2 2 3 0 -1
4 2 1 3 0 2
haar_x2
1.413819e-003 0 -1
-8.619183e-001 8.126725e-001 
1
2
2 0 1 2 0 -1
2 0 1 1 0 2
tilted_haar_y2
1.623213e-002 0 -1
-9.381498e-001 8.333265e-001 
1
2
2 0 3 4 0 -1
2 1 3 2 0 2
haar_y4
-1.693608e-003 0 -1
9.208432e-001 -9.849851e-001 
1
2
1 0 3 1 0 -1
2 1 1 1 0 3
tilted_haar_x3
1.241044e-002 0 -1
-9.940926e-001 9.179270e-001 
1
2
4 2 2 4 0 -1
4 3 2 2 0 2
haar_y4
-3.584179e-002 0 -1
1.000000e+000 -1.000000e+000 
1
2
0 0 4 4 0 -1
0 2 4 2 0 2
haar_y2
7.546417e-002 0 -1
-9.909713e-001 1.000001e+000 
1
3
0 0 2 4 0 -1
0 0 1 2 0 2
1 2 1 2 0 2
haar_x2_y2
-1.245586e-002 0 -1
1.000000e+000 -1.000000e+000 
1
2
0 2 4 2 0 -1
1 2 2 2 0 2
haar_x4
1.105315e-002 0 -1
-9.733765e-001 1.000001e+000 
1
2
4 0 1 2 0 -1
4 0 1 1 0 2
tilted_haar_y2
1.058107e-003 0 -1
-1.000000e+000 1.000004e+000 
1
2
0 1 2 3 0 -1
1 1 1 3 0 2
haar_x2
0.000000e+000 0 -1
0.000000e+000 -1.000000e+000 
1
2
2 3 3 1 0 -1
3 3 1 1 0 3
haar_x3
-1.655924e-002 0 -1
8.962937e-001 -1.000000e+000 
1
2
5 0 1 6 0 -1
5 3 1 3 0 2
haar_y2
4.518538e-002 0 -1
-9.234206e-001 9.208323e-001 
1
3
3 0 2 6 0 -1
3 0 1 3 0 2
4 3 1 3 0 2
haar_x2_y2
-4.234019e-003 0 -1
8.882129e-001 -9.887908e-001 
1
2
0 1 2 3 0 -1
1 1 1 3 0 2
haar_x2
0.000000e+000 0 -1
0.000000e+000 -1.000000e+000 
1
2
3 4 3 2 0 -1
3 5 3 1 0 2
haar_y2
2.783669e-003 0 -1
-9.882022e-001 9.068415e-001 
1
2
3 1 2 5 0 -1
4 1 1 5 0 2
haar_x2
2.442886e-002 0 -1
-1.000000e+000 1.000001e+000 
1
2
3 1 2 5 0 -1
4 1 1 5 0 2
haar_x2
-3.548363e-003 0 -1
1.000000e+000 -9.697300e-001 
1
2
5 2 1 2 0 -1
5 2 1 1 0 2
tilted_haar_y2
-3.707164e-003 0 -1
1.000000e+000 -1.000000e+000 
1
2
5 2 1 2 0 -1
5 2 1 1 0 2
tilted_haar_y2
8.724404e-003 0 -1
-9.629784e-001 1.000000e+000 
1
2
0 1 6 3 0 -1
2 1 2 3 0 3
haar_x3
-9.582785e-003 0 -1
1.000000e+000 -1.000000e+000 
1
2
0 1 6 5 0 -1
2 1 2 5 0 3
haar_x3
1.505866e-002 0 -1
-9.729785e-001 9.999999e-001 
1
2
0 2 3 3 0 -1
1 2 1 3 0 3
haar_x3
1.429534e-003 0 -1
-9.511177e-001 7.872826e-001 
1
2
1 2 5 4 0 -1
1 3 5 2 0 2
haar_y4
9.672000e-003 0 -1
-9.796345e-001 8.714925e-001 
1
2
2 0 1 6 0 -1
2 3 1 3 0 2
haar_y2
-5.062803e-003 0 -1
9.548557e-001 -9.181546e-001 
1
2
3 0 3 2 0 -1
4 0 1 2 0 3
haar_x3
-1.379937e-003 0 -1
7.747819e-001 -9.540409e-001 
1
2
3 2 1 4 0 -1
3 3 1 2 0 2
haar_y4
1.379937e-003 0 -1
-8.506823e-001 7.740573e-001 
1
2
4 1 1 2 0 -1
4 1 1 1 0 2
tilted_haar_y2
2.272779e-003 0 -1
-6.949585e-001 1.000000e+000 
1
2
0 1 6 5 0 -1
3 1 3 5 0 2
haar_x2
-3.707164e-003 0 -1
8.224805e-001 -9.468464e-001 
1
2
1 1 4 1 0 -1
1 1 2 1 0 2
tilted_haar_x2
-1.009125e-001 0 -1
8.414231e-001 -9.760041e-001 
1
2
4 3 2 1 0 -1
4 3 1 1 0 2
tilted_haar_x2
-2.131251e-002 0 -1
1.000000e+000 -1.000000e+000 
1
2
2 0 2 1 0 -1
3 0 1 1 0 2
haar_x2
-1.068815e-003 0 -1
6.667134e-001 -9.702029e-001 
1
2
1 3 3 3 0 -1
2 4 1 1 0 9
haar_point
-8.594127e-003 0 -1
9.366394e-001 -9.951025e-001 
1
2
0 0 2 1 0 -1
1 0 1 1 0 2
haar_x2
1.959543e-003 0 -1
-1.000000e+000 1.000018e+000 
1
2
0 1 2 3 0 -1
1 1 1 3 0 2
haar_x2
0.000000e+000 0 -1
0.000000e+000 -1.000000e+000 
1
2
0 0 4 1 0 -1
1 0 2 1 0 2
haar_x4
-1.670989e-003 0 -1
1.000000e+000 -1.000000e+000 
1
2
3 2 1 4 0 -1
3 4 1 2 0 2
haar_y2
3.071765e-003 0 -1
-9.657913e-001 7.740949e-001 
1
2
2 1 1 2 0 -1
2 1 1 1 0 2
tilted_haar_y2
2.783669e-003 0 -1
-1.000000e+000 9.999996e-001 
1
2
0 0 2 1 0 -1
1 0 1 1 0 2
haar_x2
0.000000e+000 0 -1
0.000000e+000 -1.000000e+000 
1
2
2 1 2 2 0 -1
2 1 2 1 0 2
tilted_haar_y2
-7.867710e-003 0 -1
1.000000e+000 -9.931465e-001 
1
2
3 3 3 3 0 -1
4 4 1 1 0 9
haar_point
-1.535883e-003 0 -1
8.900272e-001 -8.894452e-001 
1
2
3 1 2 4 0 -1
3 2 2 2 0 2
haar_y4
-1.547379e-002 0 -1
8.959067e-001 -9.738079e-001 
1
2
5 0 1 3 0 -1
4 1 1 1 0 3
tilted_haar_y3
6.901868e-002 0 -1
-8.547465e-001 1.000001e+000 
1
2
5 0 1 4 0 -1
5 1 1 2 0 2
haar_y4
-8.468038e-004 0 -1
9.499819e-001 -9.845893e-001 
1
2
0 2 4 4 0 -1
0 3 4 2 0 2
haar_y4
2.049223e-002 0 -1
-9.237395e-001 8.900837e-001 
1
2
2 2 2 3 0 -1
2 3 2 1 0 3
haar_y3
-2.114869e-003 0 -1
7.727070e-001 -8.508030e-001 
1
3
2 2 4 2 0 -1
2 2 2 1 0 2
4 3 2 1 0 2
haar_x2_y2
-1.999360e-003 0 -1
7.714863e-001 -6.171336e-001 
1
2
4 1 2 2 0 -1
4 1 1 2 0 2
tilted_haar_x2
3.283535e-002 0 -1
-5.006022e-001 9.533303e-001 
1
2
1 3 4 1 0 -1
3 3 2 1 0 2
haar_x2
9.996801e-004 0 -1
-8.148569e-001 7.678835e-001 
1
2
2 2 4 1 0 -1
4 2 2 1 0 2
haar_x2
-9.693782e-004 0 -1
8.842705e-001 -8.924280e-001 
1
2
1 4 1 2 0 -1
1 5 1 1 0 2
haar_y2
2.859069e-003 0 -1
-8.159423e-001 8.145849e-001 
1
3
0 1 2 2 0 -1
0 1 1 1 0 2
1 2 1 1 0 2
haar_x2_y2
-4.205217e-004 0 -1
7.034602e-001 -9.263136e-001 
1
2
0 2 1 4 0 -1
0 3 1 2 0 2
haar_y4
4.712730e-004 0 -1
-8.152657e-001 7.852774e-001 
1
2
1 2 5 4 0 -1
1 4 5 2 0 2
haar_y2
3.548363e-003 0 -1
-9.549696e-001 3.751844e-001 
1
2
3 3 3 2 0 -1
4 3 1 2 0 3
haar_x3
6.353023e-003 0 -1
-9.295262e-001 5.742332e-001 
1
2
3 1 3 5 0 -1
4 1 1 5 0 3
haar_x3
-5.413443e-003 0 -1
8.194442e-001 -9.884838e-001 
1
2
3 2 3 3 0 -1
4 2 1 3 0 3
haar_x3
5.550162e-003 0 -1
-9.923193e-001 9.999927e-001 
1
2
0 1 2 3 0 -1
1 1 1 3 0 2
haar_x2
0.000000e+000 0 -1
0.000000e+000 -1.000000e+000 
1
2
3 1 3 5 0 -1
4 1 1 5 0 3
haar_x3
-5.413443e-003 0 -1
1.000000e+000 -9.941661e-001 
1
2
5 3 1 2 0 -1
5 3 1 1 0 2
tilted_haar_y2
3.867358e-002 0 -1
-1.000000e+000 9.999969e-001 
1
2
3 2 2 2 0 -1
3 2 2 1 0 2
tilted_haar_y2
-2.061234e-003 0 -1
8.741748e-001 -9.746221e-001 
1
2
3 0 2 6 0 -1
3 3 2 3 0 2
haar_y2
1.382294e-002 0 -1
-9.512280e-001 8.376396e-001 
1
2
1 0 4 3 0 -1
2 0 2 3 0 2
haar_x4
7.728624e-003 0 -1
-9.806104e-001 8.489578e-001 
1
3
2 3 4 2 0 -1
2 3 2 1 0 2
4 4 2 1 0 2
haar_x2_y2
2.721938e-003 0 -1
-9.965838e-001 1.000000e+000 
1
2
0 0 2 1 0 -1
1 0 1 1 0 2
haar_x2
0.000000e+000 0 -1
0.000000e+000 -1.000000e+000 
1
3
2 2 4 4 0 -1
2 2 2 2 0 2
4 4 2 2 0 2
haar_x2_y2
-8.362877e-003 0 -1
1.000000e+000 -9.866181e-001 
1
2
1 0 3 2 0 -1
1 1 3 1 0 2
haar_y2
-3.085540e-002 0 -1
1.000000e+000 -1.000000e+000 
1
2
0 0 2 1 0 -1
1 0 1 1 0 2
haar_x2
0.000000e+000 0 -1
0.000000e+000 -1.000000e+000 
1
2
1 0 3 2 0 -1
1 1 3 1 0 2
haar_y2
1.907244e-003 0 -1
-9.910086e-001 1.000000e+000 
1
2
4 0 2 6 0 -1
4 3 2 3 0 2
haar_y2
4.370950e-003 0 -1
-9.432517e-001 9.662076e-001 
1
2
2 1 3 1 0 -1
3 2 1 1 0 3
tilted_haar_x3
-6.937703e-003 0 -1
8.905923e-001 -9.999999e-001 
1
2
4 1 2 2 0 -1
4 1 1 2 0 2
tilted_haar_x2
3.283535e-002 0 -1
-9.682780e-001 9.432623e-001 
1
2
0 3 6 3 0 -1
2 4 2 1 0 9
haar_point
8.702804e-003 0 -1
-1.000000e+000 1.000004e+000 
1
2
0 3 6 3 0 -1
2 4 2 1 0 9
haar_point
-9.250271e-004 0 -1
9.312947e-001 -9.700952e-001 
1
3
1 3 2 2 0 -1
1 3 1 1 0 2
2 4 1 1 0 2
haar_x2_y2
3.955820e-003 0 -1
-1.000000e+000 8.257695e-001 
1
2
0 1 2 3 0 -1
1 1 1 3 0 2
haar_x2
0.000000e+000 0 -1
0.000000e+000 -1.000000e+000 
1
2
1 3 2 3 0 -1
1 4 2 1 0 3
haar_y3
-3.642969e-003 0 -1
1.000000e+000 -9.827185e-001 
1
2
5 1 1 4 0 -1
4 2 1 2 0 2
tilted_haar_y4
6.450707e-002 0 -1
-1.000000e+000 1.000054e+000 
1
2
1 3 3 2 0 -1
1 4 3 1 0 2
haar_y2
2.859069e-003 0 -1
-9.575623e-001 1.000000e+000 
1
2
5 0 1 4 0 -1
4 1 1 2 0 2
tilted_haar_y4
-1.763588e-002 0 -1
1.000000e+000 -1.000000e+000 
1
2
0 0 2 2 0 -1
1 0 1 2 0 2
haar_x2
2.116214e-003 0 -1
-9.849545e-001 9.999994e-001 
1
2
5 1 1 2 0 -1
5 1 1 1 0 2
tilted_haar_y2
-6.087507e-002 0 -1
1.000000e+000 -9.999999e-001 
1
2
1 1 4 1 0 -1
2 1 2 1 0 2
haar_x4
-4.830020e-003 0 -1
1.000000e+000 -9.635633e-001 
1
2
2 1 4 4 0 -1
4 1 2 4 0 2
haar_x2
7.728624e-003 0 -1
-9.158912e-001 9.462788e-001 
1
2
5 1 1 4 0 -1
5 2 1 2 0 2
haar_y4
-1.938756e-003 0 -1
9.364291e-001 -9.800160e-001 
1
2
4 1 2 2 0 -1
4 2 2 1 0 2
haar_y2
6.143531e-003 0 -1
-9.117136e-001 9.648355e-001 
1
2
3 1 2 1 0 -1
3 1 1 1 0 2
tilted_haar_x2
7.044524e-003 0 -1
-9.809429e-001 9.205514e-001 
1
2
0 1 2 3 0 -1
1 1 1 3 0 2
haar_x2
-6.993520e-003 0 -1
1.000000e+000 -1.000000e+000 
1
2
0 2 3 3 0 -1
1 3 1 1 0 9
haar_point
3.345442e-002 0 -1
-9.919717e-001 1.000000e+000 
1
2
3 1 1 2 0 -1
3 1 1 1 0 2
tilted_haar_y2
6.531808e-004 0 -1
-1.000000e+000 9.999990e-001 
1
2
0 1 2 3 0 -1
1 1 1 3 0 2
haar_x2
0.000000e+000 0 -1
0.000000e+000 -1.000000e+000 
1
2
3 1 3 4 0 -1
3 3 3 2 0 2
haar_y2
7.515597e-003 0 -1
-9.942048e-001 9.307087e-001 
1
2
0 1 2 3 0 -1
1 1 1 3 0 2
haar_x2
-7.921553e-003 0 -1
-1.000000e+000 -1.000000e+000 
1
2
4 1 1 4 0 -1
4 1 1 2 0 2
tilted_haar_y2
-7.862730e-003 0 -1
9.643719e-001 -9.431371e-001 
1
2
4 0 1 2 0 -1
4 0 1 1 0 2
tilted_haar_y2
1.058107e-003 0 -1
-9.867035e-001 1.000003e+000 
1
2
0 1 4 1 0 -1
2 1 2 1 0 2
haar_x2
-3.240615e-002 0 -1
1.000000e+000 -1.000000e+000 
1
2
3 0 2 3 0 -1
3 0 1 3 0 2
tilted_haar_x2
-3.136079e-003 0 -1
1.000000e+000 -9.734846e-001 
1
2
0 4 3 2 0 -1
0 5 3 1 0 2
haar_y2
1.885092e-003 0 -1
-8.986161e-001 8.602858e-001 
1
2
1 4 4 2 0 -1
2 4 2 2 0 2
haar_x4
-3.496760e-003 0 -1
9.403207e-001 -9.862010e-001 
1
2
0 1 2 3 0 -1
1 1 1 3 0 2
haar_x2
1.432355e-003 0 -1
-9.621632e-001 1.000001e+000 
1
2
0 0 6 6 0 -1
2 2 2 2 0 9
haar_point
-4.621144e-001 0 -1
1.000000e+000 -1.000000e+000 
1
2
0 1 2 3 0 -1
1 1 1 3 0 2
haar_x2
0.000000e+000 0 -1
0.000000e+000 -1.000000e+000 
1
3
4 1 2 4 0 -1
4 1 1 2 0 2
5 3 1 2 0 2
haar_x2_y2
-2.783669e-003 0 -1
9.168071e-001 -9.840330e-001 
1
2
0 0 4 1 0 -1
1 0 2 1 0 2
haar_x4
9.807673e-003 0 -1
-8.944650e-001 9.497623e-001 
1
2
0 4 3 2 0 -1
0 5 3 1 0 2
haar_y2
7.838170e-003 0 -1
-9.923145e-001 8.251844e-001 
1
2
5 3 1 2 0 -1
5 3 1 1 0 2
tilted_haar_y2
-7.078386e-002 0 -1
1.000000e+000 -1.000000e+000 
1
2
0 0 2 1 0 -1
1 0 1 1 0 2
haar_x2
0.000000e+000 0 -1
0.000000e+000 -1.000000e+000 
1
2
0 0 2 1 0 -1
1 0 1 1 0 2
haar_x2
4.205217e-004 0 -1
-9.679827e-001 1.000000e+000 
1
3
3 2 2 4 0 -1
3 2 1 2 0 2
4 4 1 2 0 2
haar_x2_y2
1.670989e-003 0 -1
-1.000000e+000 1.000003e+000 
1
3
3 3 2 2 0 -1
3 3 1 1 0 2
4 4 1 1 0 2
haar_x2_y2
-1.670989e-003 0 -1
1.000000e+000 -9.915915e-001 
1
2
1 2 4 1 0 -1
2 2 2 1 0 2
haar_x4
-1.130974e-003 0 -1
7.876533e-001 -9.867736e-001 
1
2
0 2 5 3 0 -1
0 3 5 1 0 3
haar_y3
4.918326e-002 0 -1
-7.542475e-001 1.000001e+000 
1
2
1 2 1 2 0 -1
1 3 1 1 0 2
haar_y2
-4.234019e-004 0 -1
1.000000e+000 -9.256887e-001 
1
2
3 0 2 3 0 -1
3 0 1 3 0 2
tilted_haar_x2
-3.136079e-003 0 -1
1.000000e+000 -8.132280e-001 
1
2
0 0 6 6 0 -1
2 2 2 2 0 9
haar_point
-1.263137e-002 0 -1
8.444608e-001 -7.954140e-001 
1
3
1 1 2 2 0 -1
1 1 1 1 0 2
2 2 1 1 0 2
haar_x2_y2
-5.634277e-003 0 -1
7.996375e-001 -9.072344e-001 
1
2
1 5 3 1 0 -1
2 5 1 1 0 3
haar_x3
4.625135e-004 0 -1
-8.164382e-001 7.345169e-001 
1
2
4 1 2 2 0 -1
4 1 1 2 0 2
tilted_haar_x2
2.134416e-002 0 -1
-6.827385e-001 9.227416e-001 
1
2
2 1 2 3 0 -1
3 1 1 3 0 2
haar_x2
1.020547e-002 0 -1
-9.072887e-001 9.630269e-001 
1
3
3 2 2 4 0 -1
3 2 1 2 0 2
4 4 1 2 0 2
haar_x2_y2
-5.692855e-003 0 -1
8.975850e-001 -9.920990e-001 
1
3
3 2 2 4 0 -1
3 2 1 2 0 2
4 4 1 2 0 2
haar_x2_y2
7.069095e-003 0 -1
-1.000000e+000 1.000002e+000 
1
3
3 2 2 4 0 -1
3 2 1 2 0 2
4 4 1 2 0 2
haar_x2_y2
-2.308931e-003 0 -1
9.257010e-001 -9.852018e-001 
1
2
4 0 2 2 0 -1
4 0 2 1 0 2
tilted_haar_y2
-2.947712e-002 0 -1
1.000000e+000 -9.999999e-001 
1
2
0 1 3 3 0 -1
0 2 3 1 0 3
haar_y3
-1.885092e-003 0 -1
7.956163e-001 -9.553098e-001 
1
2
4 2 2 3 0 -1
4 3 2 1 0 3
haar_y3
-1.195906e-003 0 -1
7.364017e-001 -9.241631e-001 
1
2
0 1 2 3 0 -1
1 1 1 3 0 2
haar_x2
4.234019e-004 0 -1
-7.331234e-001 9.625219e-001 
1
2
3 0 3 2 0 -1
3 0 3 1 0 2
tilted_haar_y2
1.301841e-003 0 -1
-8.678726e-001 9.741051e-001 
1
2
0 1 6 3 0 -1
3 1 3 3 0 2
haar_x2
-1.814306e-002 0 -1
9.138216e-001 -9.781932e-001 
1
2
2 0 4 5 0 -1
4 0 2 5 0 2
haar_x2
2.757812e-002 0 -1
-9.446019e-001 1.000000e+000 
1
2
1 2 3 4 0 -1
1 3 3 2 0 2
haar_y4
1.890038e-003 0 -1
-9.232063e-001 9.636162e-001 
1
2
0 4 4 2 0 -1
0 5 4 1 0 2
haar_y2
1.177808e-003 0 -1
-9.007217e-001 7.358692e-001 
1
2
4 2 2 1 0 -1
5 2 1 1 0 2
haar_x2
8.003269e-003 0 -1
-9.459181e-001 8.765610e-001 
1
2
0 0 2 1 0 -1
1 0 1 1 0 2
haar_x2
4.205217e-004 0 -1
-9.784089e-001 9.999982e-001 
1
2
2 4 4 2 0 -1
2 5 4 1 0 2
haar_y2
5.567339e-003 0 -1
-1.000000e+000 1.000005e+000 
1
2
0 0 2 1 0 -1
1 0 1 1 0 2
haar_x2
0.000000e+000 0 -1
0.000000e+000 -1.000000e+000 
1
2
0 0 3 6 0 -1
1 2 1 2 0 9
haar_point
-2.456287e-001 0 -1
1.000000e+000 -1.000000e+000 
1
2
0 0 2 1 0 -1
1 0 1 1 0 2
haar_x2
0.000000e+000 0 -1
0.000000e+000 -1.000000e+000 
1
2
5 0 1 4 0 -1
5 0 1 2 0 2
tilted_haar_y2
-1.633272e-001 0 -1
1.000000e+000 -1.000000e+000 
1
2
0 4 6 2 0 -1
3 4 3 2 0 2
haar_x2
1.357129e-002 0 -1
-9.387766e-001 8.699993e-001 
1
2
4 1 1 4 0 -1
4 1 1 2 0 2
tilted_haar_y2
-7.862730e-003 0 -1
5.895270e-001 -9.059198e-001 
1
2
3 5 3 1 0 -1
4 5 1 1 0 3
haar_x3
-1.261565e-003 0 -1
7.895854e-001 -8.829918e-001 
1
2
1 1 3 1 0 -1
2 2 1 1 0 3
tilted_haar_x3
1.878333e-002 0 -1
-9.364275e-001 8.967728e-001 
1
2
2 1 3 2 0 -1
3 2 1 2 0 3
tilted_haar_x3
-3.496760e-003 0 -1
1.000000e+000 -9.953930e-001 
1
2
0 0 2 1 0 -1
1 0 1 1 0 2
haar_x2
0.000000e+000 0 -1
0.000000e+000 -1.000000e+000 
1
2
0 0 2 2 0 -1
1 0 1 2 0 2
haar_x2
2.116214e-003 0 -1
-9.629646e-001 1.000001e+000 
1
2
0 1 4 3 0 -1
1 1 2 3 0 2
haar_x4
1.236927e-002 0 -1
-1.000000e+000 1.000008e+000 
1
2
0 0 2 1 0 -1
1 0 1 1 0 2
haar_x2
0.000000e+000 0 -1
0.000000e+000 -1.000000e+000 
1
2
3 2 2 2 0 -1
3 2 1 2 0 2
tilted_haar_x2
-1.299728e-002 0 -1
1.000000e+000 -1.000000e+000 
1
2
4 2 2 2 0 -1
4 2 1 2 0 2
tilted_haar_x2
-1.214498e-002 0 -1
1.000000e+000 -1.000000e+000 
1
2
0 0 2 1 0 -1
1 0 1 1 0 2
haar_x2
0.000000e+000 0 -1
0.000000e+000 -1.000000e+000 
1
2
1 2 2 4 0 -1
1 3 2 2 0 2
haar_y4
7.065448e-002 0 -1
-1.000000e+000 1.000001e+000 
1
2
4 4 2 2 0 -1
4 5 2 1 0 2
haar_y2
3.496760e-003 0 -1
-9.757230e-001 9.210981e-001 
1
2
1 2 3 3 0 -1
2 2 1 3 0 3
haar_x3
-1.195906e-003 0 -1
1.000000e+000 -1.000000e+000 
1
2
3 2 2 2 0 -1
3 2 1 2 0 2
tilted_haar_x2
9.952397e-003 0 -1
-9.539490e-001 9.999978e-001 
1
2
4 0 1 4 0 -1
3 1 1 2 0 2
tilted_haar_y4
-2.763230e-002 0 -1
8.128758e-001 -8.965647e-001 
1
2
2 1 3 3 0 -1
3 2 1 1 0 9
haar_point
-7.332228e-002 0 -1
5.992801e-001 -8.668315e-001 
1
2
1 4 2 1 0 -1
2 4 1 1 0 2
haar_x2
3.495502e-003 0 -1
-5.821626e-001 8.918827e-001 
1
2
3 2 1 2 0 -1
3 3 1 1 0 2
haar_y2
1.493494e-002 0 -1
-8.910987e-001 5.521265e-001 
1
2
3 2 3 1 0 -1
4 3 1 1 0 3
tilted_haar_x3
-2.006654e-002 0 -1
8.295575e-001 -9.117687e-001 
1
2
2 1 2 4 0 -1
3 1 1 4 0 2
haar_x2
8.997122e-003 0 -1
-9.576774e-001 9.481983e-001 
1
2
0 5 4 1 0 -1
2 5 2 1 0 2
haar_x2
-6.875976e-003 0 -1
8.530858e-001 -9.962044e-001 
1
2
3 0 3 3 0 -1
4 0 1 3 0 3
haar_x3
-5.466783e-003 0 -1
7.526315e-001 -9.842900e-001 
1
2
3 1 3 3 0 -1
4 1 1 3 0 3
haar_x3
1.259610e-003 0 -1
-9.279879e-001 9.279181e-001 
1
2
2 2 4 2 0 -1
3 2 2 2 0 2
haar_x4
-4.456292e-002 0 -1
8.654470e-001 -9.719242e-001 
1
2
1 2 4 2 0 -1
3 2 2 2 0 2
haar_x2
1.536491e-002 0 -1
-9.331539e-001 7.370437e-001 
1
2
1 2 4 2 0 -1
3 2 2 2 0 2
haar_x2
-7.498224e-003 0 -1
9.342019e-001 -9.407792e-001 
1
2
1 2 4 2 0 -1
3 2 2 2 0 2
haar_x2
7.997441e-003 0 -1
-9.098231e-001 8.319216e-001 
1
2
1 3 2 1 0 -1
1 3 1 1 0 2
tilted_haar_x2
-9.693782e-004 0 -1
7.963499e-001 -9.383644e-001 
1
2
1 3 2 1 0 -1
1 3 1 1 0 2
tilted_haar_x2
2.860866e-003 0 -1
-9.942263e-001 9.077672e-001 
1
2
1 3 2 1 0 -1
1 3 1 1 0 2
tilted_haar_x2
-9.693782e-004 0 -1
8.694648e-001 -9.262526e-001 
1
2
4 0 1 4 0 -1
4 0 1 2 0 2
tilted_haar_y2
-9.616090e-003 0 -1
8.909211e-001 -9.951248e-001 
1
2
0 0 2 1 0 -1
1 0 1 1 0 2
haar_x2
4.205217e-004 0 -1
-9.455230e-001 7.786113e-001 
1
2
2 1 4 2 0 -1
4 1 2 2 0 2
haar_x2
-1.393136e-002 0 -1
1.000000e+000 -9.758177e-001 
1
2
0 3 2 2 0 -1
0 4 2 1 0 2
haar_y2
1.306362e-003 0 -1
-9.667361e-001 7.738830e-001 
1
3
2 0 4 6 0 -1
2 0 2 3 0 2
4 3 2 3 0 2
haar_x2_y2
-3.016555e-002 0 -1
6.872349e-001 -9.962605e-001 
-1.968923e+001

0
-1
