12
1
2
4 1 7 4 0 -1
4 2 7 2 0 2
haar_y4
-1.673540e-001 0 -1
7.097767e-001 -3.031946e-001 
1
2
11 5 4 3 0 -1
11 6 4 1 0 3
haar_y3
-2.721922e-002 0 -1
-8.161321e-001 1.839256e-001 
1
2
2 2 3 6 0 -1
2 5 3 3 0 2
haar_y2
3.913061e-002 0 -1
-5.885115e-001 2.330112e-001 
1
2
11 5 4 3 0 -1
11 6 4 1 0 3
haar_y3
3.614853e-002 0 -1
1.380338e-001 -7.944031e-001 
1
2
0 5 3 3 0 -1
0 6 3 1 0 3
haar_y3
-2.417728e-002 0 -1
-8.244443e-001 1.440494e-001 
1
2
7 2 4 2 0 -1
7 3 4 1 0 2
haar_y2
-6.635854e-002 0 -1
6.451955e-001 -1.452069e-001 
1
3
0 0 8 4 0 -1
0 0 4 2 0 2
4 2 4 2 0 2
haar_x2_y2
6.833653e-002 0 -1
-1.998672e-001 6.002440e-001 
1
2
11 5 4 3 0 -1
11 6 4 1 0 3
haar_y3
6.715563e-002 0 -1
5.390412e-002 -9.997562e-001 
1
2
0 2 2 2 0 -1
1 2 1 2 0 2
haar_x2
-8.808278e-003 0 -1
3.599893e-001 -2.641668e-001 
1
2
8 0 3 4 0 -1
8 1 3 2 0 2
haar_y4
-9.533263e-002 0 -1
6.758724e-001 -6.231037e-002 
1
2
4 0 4 4 0 -1
4 1 4 2 0 2
haar_y4
6.305547e-002 0 -1
-2.006429e-001 6.157633e-001 
1
2
9 6 3 1 0 -1
10 6 1 1 0 3
haar_x3
-5.120432e-003 0 -1
-7.857526e-001 1.404339e-001 
-1.103554e+000

2
-1
