73
1
2
4 0 7 3 0 -1
4 1 7 1 0 3
haar_y3
4.105160e-002 0 -1
-3.005615e-001 3.321471e-001 
1
2
4 5 8 3 0 -1
4 6 8 1 0 3
haar_y3
-3.653075e-002 0 -1
4.195114e-001 -1.872500e-001 
1
2
7 4 1 3 0 -1
7 5 1 1 0 3
haar_y3
-1.282599e-002 0 -1
4.704522e-001 -9.055863e-002 
1
2
7 1 1 3 0 -1
7 2 1 1 0 3
haar_y3
2.167026e-002 0 -1
-7.696673e-002 4.510076e-001 
1
2
6 4 3 4 0 -1
6 5 3 2 0 2
haar_y4
9.792283e-002 0 -1
-3.721775e-002 5.862993e-001 
1
2
11 0 4 2 0 -1
11 1 4 1 0 2
haar_y2
-2.822193e-003 0 -1
1.167236e-001 -2.020481e-001 
1
2
5 0 3 1 0 -1
6 0 1 1 0 3
haar_x3
1.822042e-003 0 -1
-1.062041e-001 1.792310e-001 
1
2
0 6 15 2 0 -1
5 6 5 2 0 3
haar_x3
-4.016595e-002 0 -1
1.813925e-001 -1.188493e-001 
1
2
6 0 2 8 0 -1
6 4 2 4 0 2
haar_y2
-4.874003e-002 0 -1
-3.649835e-001 7.343748e-002 
1
3
8 3 4 2 0 -1
10 3 2 1 0 2
8 4 2 1 0 2
haar_x2_y2
-1.678264e-002 0 -1
2.851165e-001 -7.818184e-002 
1
3
0 6 14 2 0 -1
0 6 7 1 0 2
7 7 7 1 0 2
haar_x2_y2
5.791799e-002 0 -1
5.759982e-002 -5.158047e-001 
1
2
14 0 1 8 0 -1
14 4 1 4 0 2
haar_y2
6.223038e-003 0 -1
8.673585e-002 -1.970055e-001 
1
2
3 0 1 2 0 -1
3 0 1 1 0 2
tilted_haar_y2
1.645164e-003 0 -1
-1.529228e-001 1.459994e-001 
1
3
1 6 14 2 0 -1
8 6 7 1 0 2
1 7 7 1 0 2
haar_x2_y2
5.242844e-002 0 -1
4.742249e-002 -4.274220e-001 
1
2
0 1 4 4 0 -1
2 1 2 4 0 2
haar_x2
-2.889336e-002 0 -1
1.249903e-001 -1.469559e-001 
1
2
7 3 3 3 0 -1
7 4 3 1 0 3
haar_y3
5.274963e-002 0 -1
-6.877117e-002 2.081127e-001 
1
3
2 4 4 4 0 -1
2 4 2 2 0 2
4 6 2 2 0 2
haar_x2_y2
1.803877e-002 0 -1
-7.093576e-002 2.354889e-001 
1
2
11 1 2 3 0 -1
11 2 2 1 0 3
haar_y3
2.240957e-004 0 -1
-1.005575e-001 1.269768e-001 
1
2
7 1 3 4 0 -1
8 2 1 4 0 3
tilted_haar_x3
-4.538044e-002 0 -1
-4.128041e-001 5.137872e-002 
1
3
1 1 14 2 0 -1
8 1 7 1 0 2
1 2 7 1 0 2
haar_x2_y2
-8.140990e-002 0 -1
-5.276091e-001 3.317060e-002 
1
2
4 2 7 3 0 -1
4 3 7 1 0 3
haar_y3
8.843404e-002 0 -1
-5.680900e-002 3.390766e-001 
1
2
9 3 1 2 0 -1
9 3 1 1 0 2
tilted_haar_x2
-2.089546e-004 0 -1
7.997116e-002 -1.826037e-001 
1
2
5 2 4 2 0 -1
7 2 2 2 0 2
haar_x2
-2.746430e-002 0 -1
-5.698567e-001 3.282057e-002 
1
2
1 5 14 3 0 -1
1 5 7 3 0 2
haar_x2
-2.367054e-001 0 -1
2.524067e-001 -6.740970e-002 
1
3
1 2 6 6 0 -1
1 2 3 3 0 2
4 5 3 3 0 2
haar_x2_y2
-4.363001e-002 0 -1
1.864064e-001 -9.409627e-002 
1
2
6 2 8 6 0 -1
6 5 8 3 0 2
haar_y2
-1.453235e-001 0 -1
-4.151995e-001 3.360371e-002 
1
2
0 0 1 8 0 -1
0 4 1 4 0 2
haar_y2
-8.838635e-003 0 -1
1.542217e-001 -1.179504e-001 
1
3
1 1 14 6 0 -1
8 1 7 3 0 2
1 4 7 3 0 2
haar_x2_y2
2.118835e-001 0 -1
3.479506e-002 -4.772094e-001 
1
3
0 1 14 6 0 -1
0 1 7 3 0 2
7 4 7 3 0 2
haar_x2_y2
2.384804e-001 0 -1
3.871582e-002 -5.501879e-001 
1
2
0 0 15 1 0 -1
5 0 5 1 0 3
haar_x3
2.294911e-002 0 -1
-9.739564e-002 1.845023e-001 
1
2
1 1 8 5 0 -1
5 1 4 5 0 2
haar_x2
3.189566e-001 0 -1
3.231446e-002 -6.444221e-001 
1
3
10 3 4 2 0 -1
12 3 2 1 0 2
10 4 2 1 0 2
haar_x2_y2
1.562839e-002 0 -1
-6.799670e-002 1.697783e-001 
1
2
5 7 3 1 0 -1
6 7 1 1 0 3
haar_x3
-6.632037e-003 0 -1
-4.042579e-001 4.048578e-002 
1
2
10 5 2 3 0 -1
10 6 2 1 0 3
haar_y3
2.596538e-002 0 -1
9.583651e-003 -3.876116e-001 
1
2
0 0 3 2 0 -1
0 1 3 1 0 2
haar_y2
-5.564978e-002 0 -1
-6.594265e-001 2.025803e-002 
1
3
8 0 2 2 0 -1
9 0 1 1 0 2
8 1 1 1 0 2
haar_x2_y2
3.926274e-004 0 -1
-9.970149e-002 8.187426e-002 
1
2
4 0 2 3 0 -1
4 1 2 1 0 3
haar_y3
-2.331104e-002 0 -1
3.044980e-001 -4.495403e-002 
1
2
10 5 2 3 0 -1
10 6 2 1 0 3
haar_y3
-2.911092e-002 0 -1
-2.438633e-001 1.406304e-002 
1
3
1 5 8 2 0 -1
1 5 4 1 0 2
5 6 4 1 0 2
haar_x2_y2
-4.862905e-002 0 -1
2.840499e-001 -5.433723e-002 
1
2
11 5 3 3 0 -1
11 6 3 1 0 3
haar_y3
-1.950287e-002 0 -1
-2.768603e-001 2.819404e-002 
1
2
1 5 3 3 0 -1
1 6 3 1 0 3
haar_y3
8.250047e-003 0 -1
7.599432e-002 -2.151728e-001 
1
2
11 1 4 2 0 -1
12 2 2 2 0 2
tilted_haar_y4
8.507850e-002 0 -1
-2.830466e-002 4.991217e-001 
1
3
6 1 2 6 0 -1
6 1 1 3 0 2
7 4 1 3 0 2
haar_x2_y2
-3.376889e-002 0 -1
-8.273217e-001 1.930125e-002 
1
2
11 2 2 4 0 -1
11 2 1 4 0 2
tilted_haar_y2
-7.590158e-003 0 -1
-8.189072e-002 8.830728e-002 
1
2
4 2 4 2 0 -1
4 2 4 1 0 2
tilted_haar_y2
-8.502363e-002 0 -1
3.644418e-001 -4.724092e-002 
1
2
12 1 1 3 0 -1
12 2 1 1 0 3
haar_y3
2.366223e-002 0 -1
2.434871e-002 -4.887294e-001 
1
2
2 1 1 3 0 -1
2 2 1 1 0 3
haar_y3
1.720354e-004 0 -1
-1.276784e-001 1.533310e-001 
1
2
7 0 6 6 0 -1
7 2 6 2 0 3
haar_y3
-2.715507e-002 0 -1
4.114578e-002 -1.562842e-001 
1
3
1 3 4 4 0 -1
1 3 2 2 0 2
3 5 2 2 0 2
haar_x2_y2
-1.930824e-002 0 -1
2.306596e-001 -6.925009e-002 
1
2
5 5 6 3 0 -1
5 6 6 1 0 3
haar_y3
4.603282e-002 0 -1
-4.957252e-002 2.714382e-001 
1
3
6 6 2 2 0 -1
6 6 1 1 0 2
7 7 1 1 0 2
haar_x2_y2
-6.186532e-003 0 -1
-4.658464e-001 3.333422e-002 
1
3
1 0 14 2 0 -1
8 0 7 1 0 2
1 1 7 1 0 2
haar_x2_y2
3.501354e-002 0 -1
4.790859e-002 -2.213811e-001 
1
2
6 0 1 2 0 -1
6 1 1 1 0 2
haar_y2
4.528418e-004 0 -1
-1.255265e-001 1.385426e-001 
1
2
11 0 1 2 0 -1
11 0 1 1 0 2
tilted_haar_x2
-4.174504e-002 0 -1
-9.559582e-001 7.236507e-003 
1
2
3 5 2 3 0 -1
3 6 2 1 0 3
haar_y3
3.861525e-002 0 -1
1.264497e-002 -9.299648e-001 
1
2
2 3 12 4 0 -1
6 3 4 4 0 3
haar_x3
4.267623e-001 0 -1
1.311594e-002 -5.292614e-001 
1
2
0 0 4 2 0 -1
0 1 4 1 0 2
haar_y2
-2.294971e-003 0 -1
8.708043e-002 -1.609299e-001 
1
2
12 2 2 3 0 -1
12 3 2 1 0 3
haar_y3
-2.501424e-003 0 -1
-7.748206e-002 7.877490e-002 
1
2
1 0 4 3 0 -1
1 1 4 1 0 3
haar_y3
3.562392e-004 0 -1
-1.341403e-001 9.711129e-002 
1
2
12 2 2 3 0 -1
12 3 2 1 0 3
haar_y3
-4.421746e-002 0 -1
1.944909e-001 -3.628064e-002 
1
2
1 2 2 3 0 -1
1 3 2 1 0 3
haar_y3
-2.528889e-003 0 -1
-1.360500e-001 1.254570e-001 
1
3
8 3 4 4 0 -1
10 3 2 2 0 2
8 5 2 2 0 2
haar_x2_y2
-2.050101e-002 0 -1
1.715922e-001 -9.784383e-002 
1
2
4 2 4 6 0 -1
4 5 4 3 0 2
haar_y2
7.198295e-003 0 -1
-2.024568e-001 7.435137e-002 
1
2
3 5 9 1 0 -1
6 5 3 1 0 3
haar_x3
2.460521e-002 0 -1
-7.973283e-002 1.979653e-001 
1
2
0 1 15 7 0 -1
5 1 5 7 0 3
haar_x3
-7.071438e-001 0 -1
2.620481e-001 -5.890958e-002 
1
3
8 3 4 4 0 -1
10 3 2 2 0 2
8 5 2 2 0 2
haar_x2_y2
-8.785743e-003 0 -1
7.741179e-002 -7.103141e-002 
1
2
0 0 15 7 0 -1
5 0 5 7 0 3
haar_x3
-9.538410e-001 0 -1
-5.584486e-001 2.794517e-002 
1
2
11 0 4 5 0 -1
12 0 2 5 0 2
haar_x4
-2.674305e-002 0 -1
2.316550e-001 -7.373003e-002 
1
2
5 6 3 1 0 -1
6 6 1 1 0 3
haar_x3
1.115673e-002 0 -1
2.015475e-002 -7.267429e-001 
1
2
4 1 8 3 0 -1
4 2 8 1 0 3
haar_y3
3.338435e-002 0 -1
-6.987742e-002 1.674136e-001 
1
2
6 1 2 3 0 -1
6 2 2 1 0 3
haar_y3
-1.452348e-002 0 -1
1.547501e-001 -9.752444e-002 
1
2
7 1 8 7 0 -1
7 1 4 7 0 2
haar_x2
-7.602735e-001 0 -1
4.324169e-001 -1.988431e-002 
1
2
0 4 8 4 0 -1
4 4 4 4 0 2
haar_x2
-4.410716e-001 0 -1
4.922426e-001 -3.650067e-002 
-9.897680e-001

10
-1
