17
1
2
4 4 2 4 0 -1
4 6 2 2 0 2
haar_y2
-7.543273e-002 0 -1
6.167068e-001 -5.560606e-001 
1
2
3 3 4 4 0 -1
3 5 4 2 0 2
haar_y2
-1.818261e-001 0 -1
7.332806e-001 -2.834886e-001 
1
2
2 0 6 2 0 -1
4 0 2 2 0 3
haar_x3
3.396574e-002 0 -1
-4.673305e-001 3.701318e-001 
1
2
4 2 5 6 0 -1
4 5 5 3 0 2
haar_y2
-2.200011e-003 0 -1
1.055368e-001 -7.228935e-001 
1
2
0 6 4 2 0 -1
2 6 2 2 0 2
haar_x2
-2.876047e-003 0 -1
2.351406e-001 -4.202767e-001 
1
2
4 0 2 2 0 -1
4 1 2 1 0 2
haar_y2
-1.144214e-002 0 -1
-8.038480e-001 1.429787e-001 
1
2
4 0 2 3 0 -1
4 1 2 1 0 3
haar_y3
1.654657e-002 0 -1
8.686381e-002 -7.795433e-001 
1
2
2 6 6 2 0 -1
2 7 6 1 0 2
haar_y2
5.366622e-002 0 -1
-1.866221e-001 5.188072e-001 
1
2
2 4 6 3 0 -1
2 5 6 1 0 3
haar_y3
2.725442e-002 0 -1
-3.143030e-001 3.473054e-001 
1
2
9 0 1 2 0 -1
9 1 1 1 0 2
haar_y2
3.009272e-004 0 -1
-3.333234e-001 2.801080e-001 
1
2
4 1 2 3 0 -1
4 2 2 1 0 3
haar_y3
1.120625e-002 0 -1
1.363429e-001 -5.629932e-001 
1
2
6 0 3 1 0 -1
7 1 1 1 0 3
tilted_haar_y3
2.781720e-002 0 -1
5.326208e-002 -6.929715e-001 
1
2
3 0 2 1 0 -1
4 0 1 1 0 2
haar_x2
1.243563e-003 0 -1
-3.862454e-001 1.720714e-001 
1
2
7 1 3 2 0 -1
8 2 1 2 0 3
tilted_haar_y3
4.266125e-002 0 -1
4.462094e-002 -3.241203e-001 
1
2
3 1 2 3 0 -1
2 2 2 1 0 3
tilted_haar_y3
4.831871e-002 0 -1
8.752958e-002 -7.734681e-001 
1
2
7 2 3 6 0 -1
7 5 3 3 0 2
haar_y2
-8.761177e-003 0 -1
6.396674e-002 -2.876287e-001 
1
2
4 8 2 2 0 -1
5 8 1 2 0 2
haar_x2
1.921413e-002 0 -1
8.848651e-002 -7.438567e-001 
-1.539952e+000

1
-1
