56
1
2
1 2 4 2 0 -1
2 2 2 2 0 2
haar_x4
-1.010913e-001 0 -1
2.695804e-001 -4.021202e-001 
1
2
0 1 6 3 0 -1
0 2 6 1 0 3
haar_y3
-3.540711e-001 0 -1
2.315924e-001 -3.311223e-001 
1
2
5 3 1 3 0 -1
5 4 1 1 0 3
haar_y3
1.030821e-001 0 -1
8.899079e-002 -6.699840e-001 
1
2
4 3 2 1 0 -1
5 3 1 1 0 2
haar_x2
-3.661518e-003 0 -1
2.763496e-001 -1.468593e-001 
1
2
1 4 2 1 0 -1
2 4 1 1 0 2
haar_x2
4.301962e-002 0 -1
3.737307e-002 -7.151271e-001 
1
2
2 5 3 1 0 -1
3 5 1 1 0 3
haar_x3
-4.158382e-002 0 -1
-5.526194e-001 6.138439e-002 
1
2
1 0 4 3 0 -1
1 1 4 1 0 3
haar_y3
3.935638e-001 0 -1
-7.408738e-002 4.372728e-001 
1
2
3 5 3 1 0 -1
4 5 1 1 0 3
haar_x3
-5.171500e-002 0 -1
-6.305573e-001 5.093642e-002 
1
2
2 3 3 1 0 -1
3 3 1 1 0 3
haar_x3
-8.196208e-002 0 -1
2.689459e-001 -1.251969e-001 
1
2
1 5 3 1 0 -1
2 5 1 1 0 3
haar_x3
-4.445021e-002 0 -1
-5.017820e-001 6.495187e-002 
1
2
1 5 2 1 0 -1
2 5 1 1 0 2
haar_x2
3.095998e-002 0 -1
4.865588e-002 -6.096622e-001 
1
2
3 2 3 2 0 -1
4 2 1 2 0 3
haar_x3
-9.348784e-002 0 -1
4.515811e-001 -7.392480e-002 
1
2
1 2 1 3 0 -1
1 3 1 1 0 3
haar_y3
1.483284e-003 0 -1
-1.560933e-001 1.801400e-001 
1
2
2 3 2 2 0 -1
2 4 2 1 0 2
haar_y2
2.397184e-001 0 -1
-7.401185e-002 3.631071e-001 
1
2
1 0 3 3 0 -1
1 1 3 1 0 3
haar_y3
-2.615574e-001 0 -1
4.255888e-001 -6.347316e-002 
1
2
2 0 3 2 0 -1
3 0 1 2 0 3
haar_x3
-6.064202e-002 0 -1
-3.275395e-001 7.907532e-002 
1
2
2 0 3 1 0 -1
3 0 1 1 0 3
haar_x3
4.693197e-002 0 -1
3.366037e-002 -5.638293e-001 
1
2
0 0 6 6 0 -1
0 2 6 2 0 3
haar_y3
-2.700921e+000 0 -1
-5.282331e-001 4.694439e-002 
1
2
0 4 1 2 0 -1
0 5 1 1 0 2
haar_y2
1.540826e-003 0 -1
-2.648980e-001 1.038916e-001 
1
2
0 3 1 3 0 -1
0 4 1 1 0 3
haar_y3
1.192586e-003 0 -1
-1.915691e-001 1.422083e-001 
1
2
4 5 2 1 0 -1
5 5 1 1 0 2
haar_x2
1.752502e-003 0 -1
-1.626995e-001 1.410738e-001 
1
2
2 2 4 4 0 -1
2 3 4 2 0 2
haar_y4
3.468421e-001 0 -1
4.310449e-002 -4.586440e-001 
1
2
1 1 5 3 0 -1
1 2 5 1 0 3
haar_y3
-5.349550e-001 0 -1
2.231601e-001 -9.272116e-002 
1
3
0 2 2 2 0 -1
0 2 1 1 0 2
1 3 1 1 0 2
haar_x2_y2
-2.980940e-002 0 -1
2.974940e-001 -7.271921e-002 
1
2
1 0 3 1 0 -1
2 0 1 1 0 3
haar_x3
7.068148e-002 0 -1
3.590601e-002 -6.495603e-001 
1
2
4 1 1 2 0 -1
4 1 1 1 0 2
tilted_haar_y2
-1.884524e-001 0 -1
5.758850e-001 -3.978864e-002 
1
3
4 0 2 4 0 -1
4 0 1 2 0 2
5 2 1 2 0 2
haar_x2_y2
-5.680429e-002 0 -1
2.586434e-001 -7.182210e-002 
1
2
4 0 2 2 0 -1
5 0 1 2 0 2
haar_x2
9.997979e-002 0 -1
4.539177e-002 -4.661248e-001 
1
2
3 0 3 2 0 -1
4 0 1 2 0 3
haar_x3
1.154736e-001 0 -1
2.032783e-002 -7.667554e-001 
1
2
3 5 2 1 0 -1
4 5 1 1 0 2
haar_x2
-2.247084e-002 0 -1
-3.615017e-001 4.277498e-002 
1
2
0 3 3 1 0 -1
1 3 1 1 0 3
haar_x3
5.911661e-002 0 -1
-9.300197e-002 2.073068e-001 
1
3
1 0 2 2 0 -1
1 0 1 1 0 2
2 1 1 1 0 2
haar_x2_y2
7.690132e-002 0 -1
2.517419e-002 -7.968538e-001 
1
2
0 2 3 2 0 -1
1 2 1 2 0 3
haar_x3
-6.504877e-002 0 -1
2.479301e-001 -7.437330e-002 
1
2
0 0 1 4 0 -1
0 2 1 2 0 2
haar_y2
1.720575e-001 0 -1
4.243012e-002 -4.353313e-001 
1
2
1 1 3 1 0 -1
2 1 1 1 0 3
haar_x3
-8.702787e-002 0 -1
-5.917466e-001 2.758647e-002 
1
2
1 2 3 2 0 -1
2 2 1 2 0 3
haar_x3
-1.180786e-001 0 -1
2.062822e-001 -9.815484e-002 
1
2
0 5 2 1 0 -1
1 5 1 1 0 2
haar_x2
4.989921e-002 0 -1
2.776650e-002 -6.754835e-001 
1
2
2 1 3 3 0 -1
3 1 1 3 0 3
haar_x3
-1.417941e-001 0 -1
1.884486e-001 -1.030431e-001 
1
2
5 3 1 2 0 -1
5 3 1 1 0 2
tilted_haar_y2
-2.490705e-003 0 -1
8.327114e-002 -2.315693e-001 
1
2
2 4 2 1 0 -1
3 4 1 1 0 2
haar_x2
-3.233484e-002 0 -1
-3.043049e-001 5.220573e-002 
1
2
0 1 6 4 0 -1
0 2 6 2 0 2
haar_y4
-1.199893e+000 0 -1
-6.893560e-001 2.272417e-002 
1
2
5 0 1 2 0 -1
5 1 1 1 0 2
haar_y2
-1.235574e-001 0 -1
-5.996896e-001 3.183511e-002 
1
3
3 3 2 2 0 -1
3 3 1 1 0 2
4 4 1 1 0 2
haar_x2_y2
4.420957e-003 0 -1
-7.527500e-002 2.067674e-001 
1
2
0 3 6 3 0 -1
0 4 6 1 0 3
haar_y3
2.740290e-001 0 -1
-7.999020e-002 2.104493e-001 
1
2
4 2 1 3 0 -1
4 3 1 1 0 3
haar_y3
2.451357e-003 0 -1
-1.472995e-001 1.332695e-001 
1
2
2 4 3 1 0 -1
3 4 1 1 0 3
haar_x3
5.053939e-002 0 -1
3.761475e-002 -4.499511e-001 
1
2
4 0 2 3 0 -1
3 1 2 1 0 3
tilted_haar_y3
1.159206e-001 0 -1
-3.338466e-002 5.388730e-001 
1
2
5 1 1 2 0 -1
5 1 1 1 0 2
tilted_haar_y2
-3.779199e-002 0 -1
-2.435180e-001 6.907834e-002 
1
2
0 4 1 2 0 -1
0 5 1 1 0 2
haar_y2
-2.393356e-002 0 -1
-3.694114e-001 4.383635e-002 
1
2
0 2 3 2 0 -1
1 2 1 2 0 3
haar_x3
-2.625245e-001 0 -1
5.981301e-001 -2.722506e-002 
1
2
0 5 3 1 0 -1
1 5 1 1 0 3
haar_x3
-6.258286e-002 0 -1
-4.893079e-001 3.878986e-002 
1
2
1 0 5 6 0 -1
1 3 5 3 0 2
haar_y2
-8.761154e-001 0 -1
-8.424348e-001 1.202131e-002 
1
2
0 2 4 2 0 -1
2 2 2 2 0 2
haar_x2
-9.031853e-003 0 -1
5.085915e-002 -2.508888e-001 
1
2
2 1 3 4 0 -1
3 1 1 4 0 3
haar_x3
2.350174e-001 0 -1
-2.609669e-002 6.591554e-001 
1
2
0 0 2 3 0 -1
1 0 1 3 0 2
haar_x2
-9.985719e-002 0 -1
-1.970912e-001 6.983542e-002 
1
2
0 1 3 1 0 -1
1 1 1 1 0 3
haar_x3
2.641056e-002 0 -1
5.892155e-002 -2.387082e-001 
-1.126874e+000

8
-1
