23
1
2
1 1 5 3 0 -1
1 2 5 1 0 3
haar_y3
-3.702082e-001 0 -1
5.568570e-001 -3.241710e-001 
1
2
1 3 4 1 0 -1
2 3 2 1 0 2
haar_x4
-8.861711e-002 0 -1
4.178184e-001 -3.066645e-001 
1
2
0 0 5 3 0 -1
0 1 5 1 0 3
haar_y3
2.582851e-001 0 -1
-1.556253e-001 5.162908e-001 
1
2
0 0 5 6 0 -1
0 3 5 3 0 2
haar_y2
1.671312e+000 0 -1
1.152827e-001 -6.489986e-001 
1
2
0 5 6 1 0 -1
3 5 3 1 0 2
haar_x2
2.035421e-001 0 -1
1.417711e-001 -6.446966e-001 
1
3
0 0 6 6 0 -1
0 0 3 3 0 2
3 3 3 3 0 2
haar_x2_y2
-5.990894e-001 0 -1
-6.660747e-001 7.402939e-002 
1
2
0 0 6 2 0 -1
3 0 3 2 0 2
haar_x2
-6.195499e-001 0 -1
-6.850756e-001 7.491757e-002 
1
2
0 0 2 2 0 -1
1 0 1 2 0 2
haar_x2
7.541704e-002 0 -1
6.241105e-002 -6.884934e-001 
1
2
2 0 1 2 0 -1
2 0 1 1 0 2
tilted_haar_y2
-9.345627e-002 0 -1
-4.233298e-001 1.111991e-001 
1
2
2 0 3 6 0 -1
2 3 3 3 0 2
haar_y2
-3.660032e-001 0 -1
-6.003774e-001 7.930454e-002 
1
2
1 5 3 1 0 -1
2 5 1 1 0 3
haar_x3
3.240988e-002 0 -1
7.107885e-002 -5.897306e-001 
1
2
5 4 1 2 0 -1
5 5 1 1 0 2
haar_y2
1.067639e-001 0 -1
5.028110e-002 -6.779357e-001 
1
2
2 2 3 3 0 -1
3 3 1 1 0 9
haar_point
-3.511559e-001 0 -1
2.631517e-001 -1.828147e-001 
1
3
0 4 6 2 0 -1
0 4 3 1 0 2
3 5 3 1 0 2
haar_x2_y2
-1.694313e-001 0 -1
-6.148571e-001 8.386070e-002 
1
2
2 0 3 3 0 -1
2 1 3 1 0 3
haar_y3
-2.239296e-001 0 -1
4.801060e-001 -1.130432e-001 
1
2
2 5 2 1 0 -1
3 5 1 1 0 2
haar_x2
2.528452e-002 0 -1
1.070372e-001 -4.124131e-001 
1
2
3 2 3 3 0 -1
4 3 1 1 0 9
haar_point
-4.456245e-001 0 -1
4.683560e-001 -8.746426e-002 
1
2
3 0 2 2 0 -1
4 0 1 2 0 2
haar_x2
8.913736e-002 0 -1
8.109392e-002 -5.025896e-001 
1
2
1 2 3 2 0 -1
2 2 1 2 0 3
haar_x3
-9.497993e-002 0 -1
2.245726e-001 -1.573038e-001 
1
3
0 3 2 2 0 -1
0 3 1 1 0 2
1 4 1 1 0 2
haar_x2_y2
-1.810306e-003 0 -1
2.352071e-001 -1.513211e-001 
1
2
0 3 3 1 0 -1
1 3 1 1 0 3
haar_x3
-4.236855e-002 0 -1
3.664581e-001 -9.329744e-002 
1
2
1 5 4 1 0 -1
2 5 2 1 0 2
haar_x4
-4.780820e-002 0 -1
-3.645818e-001 1.202709e-001 
1
2
3 4 2 2 0 -1
4 4 1 2 0 2
haar_x2
-4.929724e-002 0 -1
-5.509911e-001 6.901764e-002 
-1.224440e+000

3
-1
