21
1
3
0 6 10 2 0 -1
0 6 5 1 0 2
5 7 5 1 0 2
haar_x2_y2
2.342115e-002 0 -1
-2.720507e-001 4.189493e-001 
1
2
7 2 7 3 0 -1
7 3 7 1 0 3
haar_y3
-1.683563e-001 0 -1
4.207165e-001 -1.715397e-001 
1
2
0 2 1 3 0 -1
0 3 1 1 0 3
haar_y3
1.457591e-002 0 -1
8.146925e-002 -8.119130e-001 
1
2
14 3 1 3 0 -1
14 4 1 1 0 3
haar_y3
1.745520e-002 0 -1
1.248334e-001 -6.147750e-001 
1
3
0 3 4 2 0 -1
0 3 2 1 0 2
2 4 2 1 0 2
haar_x2_y2
2.324260e-002 0 -1
-1.400891e-001 4.574198e-001 
1
2
10 2 3 2 0 -1
10 3 3 1 0 2
haar_y2
3.813682e-002 0 -1
-8.193123e-002 4.254583e-001 
1
3
3 4 4 4 0 -1
3 4 2 2 0 2
5 6 2 2 0 2
haar_x2_y2
-2.152355e-002 0 -1
3.016264e-001 -2.519202e-001 
1
2
7 7 3 1 0 -1
8 7 1 1 0 3
haar_x3
7.667148e-003 0 -1
8.008250e-002 -6.615066e-001 
1
2
4 1 6 3 0 -1
6 1 2 3 0 3
haar_x3
1.538347e-003 0 -1
-3.525623e-001 1.630566e-001 
1
2
6 1 6 7 0 -1
8 1 2 7 0 3
haar_x3
-7.989261e-002 0 -1
-5.625433e-001 4.798329e-002 
1
2
0 3 14 1 0 -1
7 3 7 1 0 2
haar_x2
6.803577e-002 0 -1
1.122148e-001 -5.810136e-001 
1
2
6 1 6 6 0 -1
8 1 2 6 0 3
haar_x3
1.380146e-001 0 -1
1.854371e-002 -7.603605e-001 
1
2
3 1 6 6 0 -1
5 1 2 6 0 3
haar_x3
1.289434e-001 0 -1
5.332284e-002 -9.870204e-001 
1
2
13 2 2 3 0 -1
13 2 1 3 0 2
haar_x2
-1.224363e-002 0 -1
3.817015e-001 -2.900319e-001 
1
2
2 5 3 3 0 -1
3 6 1 1 0 9
haar_point
4.113430e-002 0 -1
9.031639e-002 -6.071502e-001 
1
2
13 0 2 3 0 -1
13 1 2 1 0 3
haar_y3
3.138489e-002 0 -1
6.741447e-002 -8.715488e-001 
1
2
5 0 5 3 0 -1
5 1 5 1 0 3
haar_y3
1.083000e-001 0 -1
-1.374796e-001 4.567657e-001 
1
2
0 0 15 3 0 -1
5 1 5 1 0 9
haar_point
-5.068201e-001 0 -1
6.389869e-001 -8.561766e-002 
1
2
3 5 2 1 0 -1
3 5 1 1 0 2
tilted_haar_x2
2.191405e-002 0 -1
6.641560e-002 -9.813969e-001 
1
3
1 0 14 8 0 -1
8 0 7 4 0 2
1 4 7 4 0 2
haar_x2_y2
-2.517604e-001 0 -1
-6.416948e-001 5.044148e-002 
1
3
4 1 6 4 0 -1
4 1 3 2 0 2
7 3 3 2 0 2
haar_x2_y2
-4.065128e-002 0 -1
-5.960675e-001 8.579221e-002 
-1.016285e+000

7
-1
