55
1
2
4 3 1 2 0 -1
4 3 1 1 0 2
tilted_haar_y2
-6.788173e-002 0 -1
3.689241e-001 -2.795562e-001 
1
2
4 2 1 3 0 -1
3 3 1 1 0 3
tilted_haar_x3
-7.666937e-002 0 -1
3.235909e-001 -8.815590e-002 
1
2
4 2 3 1 0 -1
5 3 1 1 0 3
tilted_haar_x3
-5.781452e-002 0 -1
2.165590e-001 -2.466151e-001 
1
2
1 1 6 3 0 -1
1 2 6 1 0 3
haar_y3
-1.420103e-001 0 -1
3.749066e-001 -1.683328e-001 
1
2
1 3 4 1 0 -1
1 3 2 1 0 2
tilted_haar_x2
-4.385273e-003 0 -1
1.130355e-001 -4.139529e-001 
1
2
1 0 6 7 0 -1
3 0 2 7 0 3
haar_x3
-1.092007e-001 0 -1
1.877156e-001 -3.444671e-001 
1
2
0 2 8 3 0 -1
0 3 8 1 0 3
haar_y3
-2.089535e-001 0 -1
2.937107e-001 -1.399549e-001 
1
2
5 3 3 3 0 -1
6 3 1 3 0 3
haar_x3
-2.289875e-002 0 -1
3.730570e-001 -9.862235e-002 
1
2
0 3 3 3 0 -1
1 3 1 3 0 3
haar_x3
-2.764298e-002 0 -1
3.261628e-001 -1.068432e-001 
1
2
0 7 8 1 0 -1
0 7 4 1 0 2
haar_x2
1.063748e-001 0 -1
6.817207e-002 -5.785890e-001 
1
2
2 7 2 1 0 -1
3 7 1 1 0 2
haar_x2
-7.794742e-004 0 -1
1.722412e-001 -1.766892e-001 
1
2
4 7 2 1 0 -1
4 7 1 1 0 2
haar_x2
-1.281820e-002 0 -1
-5.807532e-001 5.247629e-002 
1
2
2 7 2 1 0 -1
3 7 1 1 0 2
haar_x2
7.318966e-004 0 -1
-1.512479e-001 2.525989e-001 
1
2
4 7 2 1 0 -1
4 7 1 1 0 2
haar_x2
-7.226848e-004 0 -1
1.818207e-001 -1.314612e-001 
1
2
3 7 2 1 0 -1
4 7 1 1 0 2
haar_x2
-7.894925e-004 0 -1
2.083009e-001 -1.559283e-001 
1
2
5 3 3 3 0 -1
6 3 1 3 0 3
haar_x3
4.858932e-002 0 -1
-1.491147e-001 3.510414e-001 
1
2
2 7 3 1 0 -1
3 7 1 1 0 3
haar_x3
9.031364e-003 0 -1
6.525649e-002 -4.707208e-001 
1
3
6 2 2 2 0 -1
7 2 1 1 0 2
6 3 1 1 0 2
haar_x2_y2
-1.518996e-002 0 -1
2.078066e-001 -5.289108e-002 
1
3
0 2 2 2 0 -1
0 2 1 1 0 2
1 3 1 1 0 2
haar_x2_y2
1.703025e-002 0 -1
-8.980329e-002 3.734840e-001 
1
2
4 7 3 1 0 -1
5 7 1 1 0 3
haar_x3
-1.897484e-002 0 -1
-6.628444e-001 4.103357e-002 
1
3
0 5 2 2 0 -1
0 5 1 1 0 2
1 6 1 1 0 2
haar_x2_y2
-8.281409e-004 0 -1
1.635347e-001 -1.590208e-001 
1
2
4 4 3 1 0 -1
5 4 1 1 0 3
haar_x3
-2.238636e-002 0 -1
4.699856e-001 -8.593206e-002 
1
2
3 5 2 1 0 -1
3 5 1 1 0 2
tilted_haar_x2
-7.783881e-004 0 -1
1.106277e-001 -2.455854e-001 
1
2
0 0 8 8 0 -1
0 2 8 4 0 2
haar_y4
-1.353245e+000 0 -1
-6.300895e-001 3.857910e-002 
1
2
2 0 4 3 0 -1
2 1 4 1 0 3
haar_y3
1.499098e-001 0 -1
-9.344286e-002 2.954993e-001 
1
2
2 0 5 3 0 -1
2 1 5 1 0 3
haar_y3
-8.270223e-002 0 -1
3.679478e-001 -5.612585e-002 
1
2
0 2 4 3 0 -1
2 2 2 3 0 2
haar_x2
-1.585803e-002 0 -1
8.902012e-002 -2.882442e-001 
1
2
2 1 4 2 0 -1
3 1 2 2 0 2
haar_x4
-4.042781e-002 0 -1
-4.174992e-001 6.453905e-002 
1
2
2 2 4 2 0 -1
2 3 4 1 0 2
haar_y2
2.106138e-002 0 -1
-1.154606e-001 2.574163e-001 
1
2
3 2 3 3 0 -1
4 3 1 1 0 9
haar_point
-1.629152e-001 0 -1
1.883448e-001 -9.700909e-002 
1
2
4 2 2 3 0 -1
3 3 2 1 0 3
tilted_haar_y3
-8.747613e-002 0 -1
2.455659e-001 -1.094104e-001 
1
2
3 4 2 3 0 -1
3 5 2 1 0 3
haar_y3
5.253291e-002 0 -1
-9.259260e-002 2.443796e-001 
1
3
1 4 2 2 0 -1
1 4 1 1 0 2
2 5 1 1 0 2
haar_x2_y2
-8.604663e-004 0 -1
2.107537e-001 -1.331961e-001 
1
2
3 2 3 1 0 -1
4 2 1 1 0 3
haar_x3
-9.149347e-004 0 -1
8.666991e-002 -1.349237e-001 
1
2
2 2 3 1 0 -1
3 2 1 1 0 3
haar_x3
-7.964210e-004 0 -1
1.492725e-001 -1.907064e-001 
1
2
3 5 3 3 0 -1
3 6 3 1 0 3
haar_y3
6.585322e-002 0 -1
-6.396727e-002 2.742082e-001 
1
2
2 5 3 3 0 -1
2 6 3 1 0 3
haar_y3
-1.900057e-002 0 -1
2.274825e-001 -9.444140e-002 
1
2
7 6 1 2 0 -1
7 7 1 1 0 2
haar_y2
8.701816e-004 0 -1
-2.691540e-001 1.275932e-001 
1
2
0 6 1 2 0 -1
0 7 1 1 0 2
haar_y2
4.088501e-002 0 -1
3.205615e-002 -7.601017e-001 
1
3
5 6 2 2 0 -1
6 6 1 1 0 2
5 7 1 1 0 2
haar_x2_y2
-1.968823e-002 0 -1
-4.048130e-001 1.122108e-002 
1
3
1 6 2 2 0 -1
1 6 1 1 0 2
2 7 1 1 0 2
haar_x2_y2
-7.354656e-004 0 -1
1.867846e-001 -1.400838e-001 
1
2
4 4 3 1 0 -1
5 4 1 1 0 3
haar_x3
2.259931e-002 0 -1
-8.334257e-002 2.351989e-001 
1
2
0 7 3 1 0 -1
1 7 1 1 0 3
haar_x3
2.202647e-002 0 -1
3.880312e-002 -6.107782e-001 
1
2
5 6 2 2 0 -1
5 6 1 2 0 2
haar_x2
1.645834e-002 0 -1
4.410068e-002 -4.115528e-001 
1
2
1 2 6 6 0 -1
4 2 3 6 0 2
haar_x2
-4.648276e-001 0 -1
4.930649e-001 -4.634473e-002 
1
2
4 4 3 1 0 -1
5 4 1 1 0 3
haar_x3
-7.352977e-003 0 -1
1.495076e-001 -6.369442e-002 
1
3
0 3 2 2 0 -1
0 3 1 1 0 2
1 4 1 1 0 2
haar_x2_y2
1.833927e-002 0 -1
-8.211685e-002 2.531529e-001 
1
2
5 5 2 1 0 -1
5 5 1 1 0 2
tilted_haar_y2
-9.976424e-002 0 -1
-5.149125e-001 1.399322e-002 
1
2
2 4 2 4 0 -1
2 6 2 2 0 2
haar_y2
5.642008e-002 0 -1
-2.568195e-001 8.962649e-002 
1
2
7 3 1 4 0 -1
7 4 1 2 0 2
haar_y4
-5.467295e-002 0 -1
-3.529681e-001 1.369109e-002 
1
2
0 3 1 4 0 -1
0 4 1 2 0 2
haar_y4
2.322063e-004 0 -1
-1.553431e-001 1.463868e-001 
1
2
5 6 2 2 0 -1
5 6 1 2 0 2
haar_x2
4.667518e-002 0 -1
7.036140e-003 -7.397007e-001 
1
2
1 6 2 2 0 -1
2 6 1 2 0 2
haar_x2
2.912017e-002 0 -1
2.506219e-002 -7.628315e-001 
1
2
3 3 3 1 0 -1
4 3 1 1 0 3
haar_x3
1.484677e-002 0 -1
-6.913905e-002 4.196447e-001 
1
3
3 4 2 2 0 -1
3 4 1 1 0 2
4 5 1 1 0 2
haar_x2_y2
7.750361e-004 0 -1
-1.290036e-001 1.577099e-001 
-1.237268e+000

9
-1
