29
1
3
0 4 10 2 0 -1
0 4 5 1 0 2
5 5 5 1 0 2
haar_x2_y2
-3.456509e-002 0 -1
3.701784e-001 -2.849206e-001 
1
2
8 1 2 1 0 -1
8 1 1 1 0 2
tilted_haar_y2
2.043309e-002 0 -1
-1.373043e-001 3.010005e-001 
1
2
2 0 3 8 0 -1
3 0 1 8 0 3
haar_x3
3.602098e-002 0 -1
9.020076e-002 -7.372862e-001 
1
3
10 6 2 2 0 -1
11 6 1 1 0 2
10 7 1 1 0 2
haar_x2_y2
1.547182e-002 0 -1
5.576031e-002 -9.646361e-001 
1
3
3 6 2 2 0 -1
3 6 1 1 0 2
4 7 1 1 0 2
haar_x2_y2
9.147507e-004 0 -1
-2.697940e-001 3.741505e-001 
1
3
1 1 14 4 0 -1
8 1 7 2 0 2
1 3 7 2 0 2
haar_x2_y2
-1.426942e-001 0 -1
-5.812736e-001 7.485514e-002 
1
2
3 2 2 3 0 -1
3 3 2 1 0 3
haar_y3
-8.447132e-002 0 -1
8.366410e-001 -9.379030e-002 
1
2
8 1 1 3 0 -1
8 2 1 1 0 3
haar_y3
-4.067203e-002 0 -1
5.689554e-001 -7.543106e-002 
1
2
6 1 1 3 0 -1
6 2 1 1 0 3
haar_y3
1.382373e-002 0 -1
-1.718798e-001 5.209108e-001 
1
2
11 0 3 1 0 -1
12 0 1 1 0 3
haar_x3
4.627342e-004 0 -1
-1.456381e-001 2.171450e-001 
1
2
1 0 3 1 0 -1
2 0 1 1 0 3
haar_x3
-7.710581e-003 0 -1
-4.815778e-001 1.189491e-001 
1
2
13 2 2 2 0 -1
13 2 1 2 0 2
haar_x2
-2.859909e-003 0 -1
3.591680e-001 -4.890521e-001 
1
2
5 0 2 5 0 -1
5 0 1 5 0 2
tilted_haar_x2
-7.585383e-002 0 -1
7.327838e-001 -1.062404e-001 
1
2
7 3 8 3 0 -1
9 3 4 3 0 2
haar_x4
1.036886e-001 0 -1
6.207175e-002 -7.257320e-001 
1
2
4 3 3 1 0 -1
5 3 1 1 0 3
haar_x3
-5.406955e-004 0 -1
3.281768e-001 -2.200277e-001 
1
2
5 0 10 1 0 -1
5 0 5 1 0 2
haar_x2
8.881326e-002 0 -1
1.879468e-002 -5.977743e-001 
1
2
0 0 10 1 0 -1
5 0 5 1 0 2
haar_x2
3.695453e-002 0 -1
-1.281890e-001 5.957805e-001 
1
2
13 3 2 1 0 -1
13 3 1 1 0 2
haar_x2
-4.918264e-003 0 -1
1.817207e-001 -1.140464e-001 
1
2
4 3 3 4 0 -1
5 3 1 4 0 3
haar_x3
2.636509e-002 0 -1
1.086410e-001 -6.825753e-001 
1
2
13 3 2 1 0 -1
13 3 1 1 0 2
haar_x2
4.982285e-004 0 -1
-8.757685e-002 1.639210e-001 
1
2
0 3 2 1 0 -1
1 3 1 1 0 2
haar_x2
-6.957098e-003 0 -1
3.926866e-001 -2.193971e-001 
1
2
5 5 10 1 0 -1
5 5 5 1 0 2
haar_x2
-2.847388e-002 0 -1
1.201249e-001 -7.481422e-002 
1
2
0 5 10 1 0 -1
5 5 5 1 0 2
haar_x2
7.783848e-002 0 -1
-9.862316e-002 9.232178e-001 
1
3
8 1 2 2 0 -1
9 1 1 1 0 2
8 2 1 1 0 2
haar_x2_y2
-1.506533e-002 0 -1
-7.524747e-001 6.435533e-002 
1
2
0 2 15 1 0 -1
5 2 5 1 0 3
haar_x3
-6.105778e-002 0 -1
5.002769e-001 -1.710339e-001 
1
3
11 3 2 2 0 -1
12 3 1 1 0 2
11 4 1 1 0 2
haar_x2_y2
8.064031e-003 0 -1
-7.854640e-002 5.504562e-001 
1
3
2 3 2 2 0 -1
2 3 1 1 0 2
3 4 1 1 0 2
haar_x2_y2
-3.770614e-003 0 -1
4.702789e-001 -1.754232e-001 
1
2
11 0 4 4 0 -1
11 0 4 2 0 2
tilted_haar_x2
-2.422685e-001 0 -1
6.007974e-001 -5.266386e-002 
1
2
2 2 1 3 0 -1
2 3 1 1 0 3
haar_y3
1.080901e-002 0 -1
-1.257929e-001 6.133342e-001 
-9.493713e-001

12
-1
