34
1
2
1 3 8 2 0 -1
3 3 4 2 0 2
haar_x4
3.619241e-002 0 -1
-5.037713e-001 3.051724e-001 
1
2
2 2 6 6 0 -1
2 5 6 3 0 2
haar_y2
-4.016066e-001 0 -1
5.132114e-001 -2.508463e-001 
1
2
4 5 1 2 0 -1
4 6 1 1 0 2
haar_y2
-7.138579e-003 0 -1
1.782236e-001 -4.374145e-001 
1
2
8 0 2 1 0 -1
8 0 1 1 0 2
tilted_haar_y2
-2.457489e-003 0 -1
2.473488e-001 -2.583993e-001 
1
2
0 2 6 2 0 -1
2 2 2 2 0 3
haar_x3
-1.930813e-002 0 -1
2.288969e-001 -2.598295e-001 
1
2
4 1 6 3 0 -1
4 2 6 1 0 3
haar_y3
6.572175e-002 0 -1
4.046458e-002 -8.022820e-001 
1
2
0 1 6 3 0 -1
0 2 6 1 0 3
haar_y3
-2.765188e-002 0 -1
-6.136016e-001 7.936899e-002 
1
3
5 0 2 2 0 -1
6 0 1 1 0 2
5 1 1 1 0 2
haar_x2_y2
-3.704585e-004 0 -1
2.107274e-001 -2.451357e-001 
1
2
4 0 1 3 0 -1
4 1 1 1 0 3
haar_y3
-9.188378e-003 0 -1
-7.732697e-001 7.259833e-002 
1
2
8 5 2 5 0 -1
8 5 1 5 0 2
haar_x2
-4.584482e-003 0 -1
2.442313e-001 -3.932458e-001 
1
2
4 6 2 2 0 -1
4 7 2 1 0 2
haar_y2
-2.834670e-002 0 -1
4.088922e-001 -1.256334e-001 
1
2
1 6 8 2 0 -1
1 7 8 1 0 2
haar_y2
3.877079e-002 0 -1
-2.148508e-001 3.903902e-001 
1
2
0 4 1 3 0 -1
0 5 1 1 0 3
haar_y3
1.883797e-002 0 -1
7.603574e-002 -6.541898e-001 
1
2
1 4 9 3 0 -1
1 5 9 1 0 3
haar_y3
4.827961e-002 0 -1
-2.205175e-001 2.342720e-001 
1
3
3 0 2 2 0 -1
3 0 1 1 0 2
4 1 1 1 0 2
haar_x2_y2
-4.101725e-004 0 -1
1.985134e-001 -2.267924e-001 
1
2
2 0 6 3 0 -1
2 1 6 1 0 3
haar_y3
4.419184e-002 0 -1
5.431325e-002 -8.250096e-001 
1
2
0 0 2 3 0 -1
0 1 2 1 0 3
haar_y3
2.698093e-004 0 -1
-2.653239e-001 1.614912e-001 
1
2
7 1 3 2 0 -1
8 2 1 2 0 3
tilted_haar_y3
-5.797089e-002 0 -1
-6.138121e-001 4.327058e-002 
1
2
0 5 2 4 0 -1
1 5 1 4 0 2
haar_x2
-8.089630e-003 0 -1
1.798139e-001 -2.399284e-001 
1
2
7 1 3 2 0 -1
8 2 1 2 0 3
tilted_haar_y3
4.300771e-002 0 -1
5.845501e-002 -4.185047e-001 
1
2
3 1 2 3 0 -1
2 2 2 1 0 3
tilted_haar_y3
-4.373699e-002 0 -1
-5.670615e-001 7.839058e-002 
1
2
8 0 1 10 0 -1
8 5 1 5 0 2
haar_y2
-9.549184e-002 0 -1
-4.256566e-001 9.962906e-002 
1
2
2 4 6 3 0 -1
2 5 6 1 0 3
haar_y3
-1.512142e-001 0 -1
7.168761e-001 -6.261939e-002 
1
2
9 5 1 3 0 -1
9 6 1 1 0 3
haar_y3
-3.160721e-002 0 -1
-5.477927e-001 5.513551e-002 
1
2
0 5 1 3 0 -1
0 6 1 1 0 3
haar_y3
1.707766e-002 0 -1
5.685908e-002 -6.871474e-001 
1
2
6 2 4 4 0 -1
6 2 4 2 0 2
tilted_haar_x2
4.092524e-001 0 -1
5.489899e-003 -8.509473e-001 
1
3
0 0 6 10 0 -1
0 0 3 5 0 2
3 5 3 5 0 2
haar_x2_y2
-7.978301e-002 0 -1
1.453714e-001 -2.953701e-001 
1
2
8 1 2 1 0 -1
8 1 1 1 0 2
tilted_haar_y2
1.493948e-002 0 -1
4.153625e-002 -4.125295e-001 
1
2
3 1 6 3 0 -1
3 1 3 3 0 2
tilted_haar_x2
-2.184649e-001 0 -1
-9.003443e-001 3.948623e-002 
1
2
8 1 2 1 0 -1
8 1 1 1 0 2
tilted_haar_y2
-3.025130e-002 0 -1
-3.061176e-001 1.179333e-002 
1
2
2 1 2 2 0 -1
2 1 2 1 0 2
tilted_haar_y2
3.356744e-002 0 -1
5.714011e-002 -7.020965e-001 
1
2
8 1 1 3 0 -1
8 2 1 1 0 3
haar_y3
1.438749e-003 0 -1
-1.402435e-001 1.211883e-001 
1
2
5 0 1 2 0 -1
5 0 1 1 0 2
tilted_haar_y2
5.593642e-004 0 -1
-2.829325e-001 1.313423e-001 
1
3
2 1 6 6 0 -1
5 1 3 3 0 2
2 4 3 3 0 2
haar_x2_y2
8.952422e-002 0 -1
6.996582e-002 -4.948954e-001 
-1.337872e+000

5
-1
