74
1
2
0 2 8 3 0 -1
0 3 8 1 0 3
haar_y3
-6.410167e-002 0 -1
4.192641e-001 -2.868575e-001 
1
2
5 5 6 3 0 -1
5 6 6 1 0 3
haar_y3
-4.235175e-002 0 -1
4.482847e-001 -1.441119e-001 
1
2
3 1 7 3 0 -1
3 2 7 1 0 3
haar_y3
-6.843038e-002 0 -1
3.486688e-001 -1.688977e-001 
1
2
7 3 2 3 0 -1
7 4 2 1 0 3
haar_y3
-2.147946e-002 0 -1
4.199778e-001 -7.360157e-002 
1
2
5 4 5 3 0 -1
5 5 5 1 0 3
haar_y3
-3.687343e-002 0 -1
3.921098e-001 -9.399720e-002 
1
2
6 2 3 2 0 -1
6 3 3 1 0 2
haar_y2
-1.680283e-002 0 -1
2.250468e-001 -1.322516e-001 
1
2
1 0 3 3 0 -1
2 1 1 1 0 9
haar_point
9.804916e-002 0 -1
3.219732e-002 -7.671989e-001 
1
2
8 3 2 1 0 -1
8 3 1 1 0 2
haar_x2
3.634516e-004 0 -1
-1.058057e-001 9.759027e-002 
1
2
2 2 7 6 0 -1
2 5 7 3 0 2
haar_y2
-1.664339e-001 0 -1
-6.272240e-001 3.120628e-002 
1
2
3 6 9 2 0 -1
6 6 3 2 0 3
haar_x3
-3.105550e-002 0 -1
1.897168e-001 -1.099953e-001 
1
2
4 6 4 1 0 -1
6 6 2 1 0 2
haar_x2
5.496312e-003 0 -1
-8.598518e-002 2.882094e-001 
1
2
7 7 3 1 0 -1
8 7 1 1 0 3
haar_x3
1.181017e-002 0 -1
2.830530e-002 -6.073357e-001 
1
3
0 4 14 2 0 -1
0 4 7 1 0 2
7 5 7 1 0 2
haar_x2_y2
4.105975e-002 0 -1
5.667106e-002 -3.596073e-001 
1
2
14 0 1 8 0 -1
14 4 1 4 0 2
haar_y2
-8.204875e-003 0 -1
1.613086e-001 -1.546727e-001 
1
2
5 7 3 1 0 -1
6 7 1 1 0 3
haar_x3
9.160506e-003 0 -1
3.937935e-002 -7.021522e-001 
1
2
13 7 2 1 0 -1
13 7 1 1 0 2
haar_x2
-1.022571e-003 0 -1
-1.625057e-001 5.131199e-002 
1
3
0 1 2 6 0 -1
0 1 1 3 0 2
1 4 1 3 0 2
haar_x2_y2
-7.454664e-002 0 -1
8.987503e-001 -2.647537e-002 
1
3
1 2 14 6 0 -1
8 2 7 3 0 2
1 5 7 3 0 2
haar_x2_y2
2.319361e-001 0 -1
5.292239e-002 -5.198070e-001 
1
2
0 7 2 1 0 -1
1 7 1 1 0 2
haar_x2
9.813777e-004 0 -1
-1.314713e-001 1.668897e-001 
1
2
9 1 3 2 0 -1
10 1 1 2 0 3
haar_x3
1.990261e-002 0 -1
3.271680e-002 -6.681951e-001 
1
2
5 6 5 2 0 -1
5 7 5 1 0 2
haar_y2
-3.615838e-002 0 -1
2.876096e-001 -6.547644e-002 
1
2
10 1 2 7 0 -1
10 1 1 7 0 2
haar_x2
3.910988e-002 0 -1
2.416343e-002 -3.327775e-001 
1
2
3 1 2 7 0 -1
4 1 1 7 0 2
haar_x2
3.801525e-002 0 -1
3.672301e-002 -4.980869e-001 
1
2
7 0 4 1 0 -1
8 0 2 1 0 2
haar_x4
2.078842e-003 0 -1
-7.004512e-002 1.027519e-001 
1
2
4 0 4 1 0 -1
5 0 2 1 0 2
haar_x4
4.162729e-004 0 -1
-1.288363e-001 1.470668e-001 
1
3
5 0 6 6 0 -1
8 0 3 3 0 2
5 3 3 3 0 2
haar_x2_y2
-1.096589e-001 0 -1
-7.751061e-001 3.238914e-002 
1
3
0 0 10 2 0 -1
0 0 5 1 0 2
5 1 5 1 0 2
haar_x2_y2
3.719202e-002 0 -1
-8.317694e-002 2.117462e-001 
1
3
1 0 14 2 0 -1
8 0 7 1 0 2
1 1 7 1 0 2
haar_x2_y2
-5.286735e-002 0 -1
-4.557236e-001 4.213902e-002 
1
2
3 0 3 4 0 -1
3 1 3 2 0 2
haar_y4
-3.680661e-002 0 -1
2.423357e-001 -8.160210e-002 
1
2
14 3 1 3 0 -1
14 4 1 1 0 3
haar_y3
-1.480598e-003 0 -1
-2.002730e-001 9.803987e-002 
1
2
0 3 1 3 0 -1
0 4 1 1 0 3
haar_y3
4.699277e-003 0 -1
7.739381e-002 -2.449986e-001 
1
2
10 1 3 7 0 -1
11 1 1 7 0 3
haar_x3
1.407380e-002 0 -1
3.486346e-002 -1.539615e-001 
1
3
0 3 4 4 0 -1
0 3 2 2 0 2
2 5 2 2 0 2
haar_x2_y2
1.826050e-002 0 -1
-1.170936e-001 1.493523e-001 
1
2
10 5 3 3 0 -1
11 6 1 1 0 9
haar_point
6.572101e-002 0 -1
1.022570e-002 -3.560044e-001 
1
2
4 6 3 1 0 -1
5 6 1 1 0 3
haar_x3
-9.049134e-003 0 -1
-4.953730e-001 3.569412e-002 
1
2
14 2 1 3 0 -1
14 3 1 1 0 3
haar_y3
1.057506e-002 0 -1
4.536387e-002 -4.155105e-001 
1
2
7 1 1 6 0 -1
7 4 1 3 0 2
haar_y2
4.268645e-002 0 -1
5.480188e-002 -2.913472e-001 
1
2
8 2 2 4 0 -1
8 4 2 2 0 2
haar_y2
2.793081e-003 0 -1
-1.633514e-001 4.238139e-002 
1
2
2 3 4 3 0 -1
2 4 4 1 0 3
haar_y3
4.026910e-003 0 -1
-1.467965e-001 1.098005e-001 
1
2
4 1 8 4 0 -1
4 2 8 2 0 2
haar_y4
1.057741e-001 0 -1
-3.415972e-002 5.538600e-001 
1
2
0 2 1 3 0 -1
0 3 1 1 0 3
haar_y3
2.099046e-002 0 -1
2.981656e-002 -6.117128e-001 
1
2
12 3 1 2 0 -1
12 4 1 1 0 2
haar_y2
-3.610210e-003 0 -1
1.829792e-001 -4.194961e-002 
1
2
2 2 3 3 0 -1
3 3 1 1 0 9
haar_point
4.732578e-003 0 -1
-8.712293e-002 1.817025e-001 
1
2
10 1 3 7 0 -1
11 1 1 7 0 3
haar_x3
-2.029556e-001 0 -1
-1.000000e+000 3.828674e-003 
1
2
2 1 3 7 0 -1
3 1 1 7 0 3
haar_x3
2.104799e-002 0 -1
5.791324e-002 -3.456619e-001 
1
2
7 0 4 6 0 -1
7 2 4 2 0 3
haar_y3
-1.218952e-002 0 -1
5.321504e-002 -2.039019e-001 
1
2
0 6 15 1 0 -1
5 6 5 1 0 3
haar_x3
-9.024720e-002 0 -1
1.915307e-001 -9.134322e-002 
1
2
8 3 2 1 0 -1
8 3 1 1 0 2
haar_x2
-1.658524e-002 0 -1
-5.347731e-001 2.946636e-003 
1
2
5 3 2 1 0 -1
6 3 1 1 0 2
haar_x2
4.494305e-004 0 -1
-1.557948e-001 1.162674e-001 
1
2
7 3 4 4 0 -1
7 5 4 2 0 2
haar_y2
7.578381e-003 0 -1
-8.909002e-002 4.249899e-002 
1
3
0 4 6 4 0 -1
0 4 3 2 0 2
3 6 3 2 0 2
haar_x2_y2
-5.153006e-002 0 -1
2.426136e-001 -6.344351e-002 
1
2
8 7 6 1 0 -1
8 7 3 1 0 2
haar_x2
3.185447e-002 0 -1
-5.990115e-002 2.936074e-001 
1
2
0 6 1 2 0 -1
0 7 1 1 0 2
haar_y2
7.987212e-004 0 -1
8.511534e-002 -2.062788e-001 
1
2
14 6 1 2 0 -1
14 7 1 1 0 2
haar_y2
2.931938e-003 0 -1
5.509488e-002 -3.240879e-001 
1
2
3 5 2 1 0 -1
3 5 1 1 0 2
tilted_haar_x2
1.447768e-002 0 -1
4.722029e-002 -3.335762e-001 
1
2
10 4 4 4 0 -1
10 4 2 4 0 2
haar_x2
-2.586800e-001 0 -1
7.076363e-001 -2.471215e-002 
1
2
1 4 4 4 0 -1
3 4 2 4 0 2
haar_x2
-2.582552e-001 0 -1
6.948735e-001 -2.318808e-002 
1
3
9 4 2 2 0 -1
10 4 1 1 0 2
9 5 1 1 0 2
haar_x2_y2
-4.414758e-003 0 -1
2.453737e-001 -8.512317e-002 
1
2
4 3 4 4 0 -1
4 5 4 2 0 2
haar_y2
3.146069e-003 0 -1
-2.089614e-001 9.068304e-002 
1
2
5 2 5 3 0 -1
5 3 5 1 0 3
haar_y3
1.423342e-001 0 -1
-3.901824e-002 5.417880e-001 
1
3
1 5 6 2 0 -1
1 5 3 1 0 2
4 6 3 1 0 2
haar_x2_y2
-1.369374e-002 0 -1
1.956115e-001 -8.721212e-002 
1
2
6 1 8 7 0 -1
6 1 4 7 0 2
haar_x2
-6.813759e-001 0 -1
8.730558e-001 -4.557014e-003 
1
2
1 1 8 7 0 -1
5 1 4 7 0 2
haar_x2
-6.402836e-001 0 -1
8.430164e-001 -1.909971e-002 
1
3
6 5 8 2 0 -1
10 5 4 1 0 2
6 6 4 1 0 2
haar_x2_y2
2.877986e-002 0 -1
-4.821170e-002 2.869804e-001 
1
3
1 1 12 6 0 -1
1 1 6 3 0 2
7 4 6 3 0 2
haar_x2_y2
-2.247817e-001 0 -1
-6.425191e-001 2.655886e-002 
1
2
11 3 3 3 0 -1
11 4 3 1 0 3
haar_y3
1.624964e-004 0 -1
-1.169273e-001 6.929778e-002 
1
2
1 1 3 3 0 -1
2 2 1 1 0 9
haar_point
8.416414e-002 0 -1
2.503018e-002 -6.548171e-001 
1
2
7 1 2 3 0 -1
7 2 2 1 0 3
haar_y3
1.448767e-002 0 -1
-7.803147e-002 1.912208e-001 
1
2
0 5 6 2 0 -1
0 6 6 1 0 2
haar_y2
-1.364019e-003 0 -1
1.198111e-001 -1.269607e-001 
1
2
14 6 1 2 0 -1
14 7 1 1 0 2
haar_y2
-6.389902e-003 0 -1
-3.499491e-001 5.708661e-002 
1
3
0 3 4 4 0 -1
0 3 2 2 0 2
2 5 2 2 0 2
haar_x2_y2
5.323197e-002 0 -1
-6.305102e-002 2.687999e-001 
1
2
14 6 1 2 0 -1
14 7 1 1 0 2
haar_y2
-3.478468e-004 0 -1
7.465344e-002 -7.447802e-002 
1
2
0 6 1 2 0 -1
0 7 1 1 0 2
haar_y2
-5.399042e-003 0 -1
-2.841285e-001 5.889732e-002 
1
3
8 1 4 2 0 -1
10 1 2 1 0 2
8 2 2 1 0 2
haar_x2_y2
-1.115783e-002 0 -1
1.542358e-001 -5.431347e-002 
-1.111344e+000

9
-1
