7
1
2
0 0 8 6 0 -1
0 2 8 2 0 3
haar_y3
-1.531202e-001 0 -1
8.175605e-001 -6.020792e-001 
1
2
4 2 7 3 0 -1
4 3 7 1 0 3
haar_y3
-1.097182e-001 0 -1
7.894295e-001 -2.708326e-001 
1
2
0 0 2 5 0 -1
1 0 1 5 0 2
haar_x2
-6.550493e-004 0 -1
4.340063e-001 -5.074733e-001 
1
2
4 2 7 2 0 -1
4 3 7 1 0 2
haar_y2
6.961534e-002 0 -1
-2.400496e-001 8.474516e-001 
1
2
2 0 3 8 0 -1
2 2 3 4 0 2
haar_y4
-8.070208e-002 0 -1
6.065211e-001 -2.465055e-001 
1
2
2 1 12 3 0 -1
6 2 4 1 0 9
haar_point
2.263761e-001 0 -1
-2.233583e-001 5.391837e-001 
1
2
6 5 3 3 0 -1
7 5 1 3 0 3
haar_x3
6.915601e-003 0 -1
2.266952e-001 -7.550305e-001 
-1.101061e+000

-1
-1
