65
1
2
1 0 6 4 0 -1
3 0 2 4 0 3
haar_x3
1.162802e-001 0 -1
-5.323552e-001 1.880699e-001 
1
2
0 5 8 1 0 -1
2 5 4 1 0 2
haar_x4
-4.369109e-002 0 -1
2.108295e-001 -3.188603e-001 
1
2
0 1 2 6 0 -1
0 4 2 3 0 2
haar_y2
-5.395337e-002 0 -1
1.970800e-001 -3.215594e-001 
1
2
4 0 2 4 0 -1
3 1 2 2 0 2
tilted_haar_x4
7.671132e-002 0 -1
1.047482e-002 -2.353916e-001 
1
2
0 3 4 1 0 -1
2 3 2 1 0 2
haar_x2
1.337647e-002 0 -1
-2.082745e-001 1.994008e-001 
1
2
3 0 5 3 0 -1
3 1 5 1 0 3
haar_y3
-6.728180e-002 0 -1
-6.086370e-001 4.877149e-002 
1
3
0 0 2 2 0 -1
0 0 1 1 0 2
1 1 1 1 0 2
haar_x2_y2
-5.311014e-003 0 -1
2.152002e-001 -1.456650e-001 
1
2
5 0 3 1 0 -1
6 1 1 1 0 3
tilted_haar_y3
-1.311175e-001 0 -1
-7.221478e-001 3.301452e-002 
1
2
3 0 1 3 0 -1
2 1 1 1 0 3
tilted_haar_y3
-6.106994e-002 0 -1
-5.084280e-001 5.045443e-002 
1
2
6 2 2 5 0 -1
6 2 1 5 0 2
haar_x2
-2.229845e-002 0 -1
2.139103e-001 -2.797902e-001 
1
2
0 3 1 3 0 -1
0 4 1 1 0 3
haar_y3
3.178802e-002 0 -1
6.191576e-002 -5.124655e-001 
1
2
5 1 3 1 0 -1
6 2 1 1 0 3
tilted_haar_y3
-5.465535e-002 0 -1
-3.159055e-001 4.005418e-002 
1
2
0 4 4 2 0 -1
1 4 2 2 0 2
haar_x4
-2.702814e-002 0 -1
1.682535e-001 -1.928903e-001 
1
3
3 1 4 6 0 -1
5 1 2 3 0 2
3 4 2 3 0 2
haar_x2_y2
-3.453341e-002 0 -1
8.123846e-002 -1.899201e-001 
1
3
0 1 8 6 0 -1
0 1 4 3 0 2
4 4 4 3 0 2
haar_x2_y2
1.322067e-001 0 -1
9.111822e-002 -3.950318e-001 
1
2
1 4 7 2 0 -1
1 5 7 1 0 2
haar_y2
-1.481293e-001 0 -1
1.536770e-001 -1.779991e-001 
1
2
2 0 5 2 0 -1
2 0 5 1 0 2
tilted_haar_y2
2.153050e-001 0 -1
4.048477e-002 -6.399612e-001 
1
2
5 1 3 1 0 -1
6 2 1 1 0 3
tilted_haar_y3
-2.078335e-001 0 -1
-1.000000e+000 -5.509391e-003 
1
2
3 1 1 3 0 -1
2 2 1 1 0 3
tilted_haar_y3
5.445788e-002 0 -1
4.871025e-002 -5.304506e-001 
1
2
3 0 3 3 0 -1
3 1 3 1 0 3
haar_y3
6.523474e-002 0 -1
2.659534e-002 -7.721163e-001 
1
2
0 5 3 3 0 -1
0 6 3 1 0 3
haar_y3
8.605997e-003 0 -1
-1.731357e-001 1.304288e-001 
1
2
5 0 2 3 0 -1
5 1 2 1 0 3
haar_y3
-1.289646e-002 0 -1
-1.800859e-001 3.572705e-002 
1
2
1 0 2 3 0 -1
1 1 2 1 0 3
haar_y3
-1.023515e-002 0 -1
-3.085532e-001 7.255221e-002 
1
2
3 5 4 3 0 -1
4 5 2 3 0 2
haar_x4
1.023104e-001 0 -1
1.715329e-002 -5.850195e-001 
1
2
1 5 4 3 0 -1
2 5 2 3 0 2
haar_x4
1.103494e-001 0 -1
2.213144e-002 -8.524696e-001 
1
2
2 0 4 4 0 -1
2 2 4 2 0 2
haar_y2
8.005362e-003 0 -1
-1.926854e-001 1.009286e-001 
1
2
1 0 6 6 0 -1
3 2 2 2 0 9
haar_point
2.328768e-001 0 -1
4.220243e-001 -6.066854e-002 
1
2
4 0 1 4 0 -1
4 0 1 2 0 2
tilted_haar_x2
1.793424e-001 0 -1
1.174479e-002 -4.298611e-001 
1
2
4 0 4 1 0 -1
4 0 2 1 0 2
tilted_haar_x2
3.252395e-002 0 -1
-2.003381e-001 1.090764e-001 
1
2
4 0 1 3 0 -1
4 1 1 1 0 3
haar_y3
6.765869e-003 0 -1
7.897431e-002 -2.491982e-001 
1
3
1 5 4 2 0 -1
1 5 2 1 0 2
3 6 2 1 0 2
haar_x2_y2
2.649794e-002 0 -1
-8.778349e-002 2.058676e-001 
1
2
3 0 4 5 0 -1
4 0 2 5 0 2
haar_x4
1.026202e-001 0 -1
-5.489670e-002 1.977856e-001 
1
2
0 6 6 2 0 -1
0 7 6 1 0 2
haar_y2
4.798488e-003 0 -1
-1.626701e-001 1.078961e-001 
1
2
5 1 2 3 0 -1
5 2 2 1 0 3
haar_y3
-5.080836e-002 0 -1
-4.860460e-001 2.556323e-002 
1
2
0 2 8 1 0 -1
2 2 4 1 0 2
haar_x4
-1.911650e-002 0 -1
2.240518e-001 -7.907484e-002 
1
2
2 1 6 2 0 -1
4 1 2 2 0 3
haar_x3
-1.368712e-001 0 -1
2.016251e-001 -2.891728e-002 
1
3
1 0 4 8 0 -1
1 0 2 4 0 2
3 4 2 4 0 2
haar_x2_y2
-4.356213e-002 0 -1
8.158032e-002 -2.621747e-001 
1
2
6 3 2 3 0 -1
6 3 1 3 0 2
tilted_haar_y2
1.928165e-001 0 -1
-2.100157e-002 2.904255e-001 
1
2
0 2 7 3 0 -1
0 3 7 1 0 3
haar_y3
4.723705e-002 0 -1
-1.948836e-001 1.016592e-001 
1
2
6 3 2 3 0 -1
6 3 1 3 0 2
tilted_haar_y2
-1.919748e-001 0 -1
-7.010427e-001 5.857072e-003 
1
2
2 3 3 2 0 -1
2 3 3 1 0 2
tilted_haar_y2
1.187918e-001 0 -1
-4.722612e-002 4.319587e-001 
1
2
5 1 1 3 0 -1
5 2 1 1 0 3
haar_y3
3.694934e-002 0 -1
2.032694e-002 -4.046261e-001 
1
2
4 1 4 2 0 -1
5 2 2 2 0 2
tilted_haar_x4
-1.131721e-001 0 -1
4.502310e-001 -4.796720e-002 
1
2
2 0 6 1 0 -1
2 0 3 1 0 2
haar_x2
2.397132e-002 0 -1
-1.294273e-001 1.181257e-001 
1
2
1 0 6 1 0 -1
3 0 2 1 0 3
haar_x3
-2.637681e-002 0 -1
4.730899e-001 -4.406411e-002 
1
2
5 1 2 3 0 -1
5 2 2 1 0 3
haar_y3
-2.477896e-002 0 -1
-1.617564e-001 3.088728e-002 
1
2
1 1 2 3 0 -1
1 2 2 1 0 3
haar_y3
-2.864428e-002 0 -1
-3.973383e-001 4.806264e-002 
1
3
6 2 2 2 0 -1
7 2 1 1 0 2
6 3 1 1 0 2
haar_x2_y2
1.287002e-002 0 -1
-8.606008e-002 2.653769e-001 
1
2
4 0 3 1 0 -1
5 1 1 1 0 3
tilted_haar_x3
-4.303029e-002 0 -1
-5.332325e-001 3.843911e-002 
1
2
2 2 5 4 0 -1
2 3 5 2 0 2
haar_y4
1.293656e-001 0 -1
-1.257922e-001 9.802458e-002 
1
2
1 0 3 3 0 -1
2 0 1 3 0 3
haar_x3
-1.489500e-002 0 -1
1.165804e-001 -1.648931e-001 
1
2
5 0 3 1 0 -1
6 1 1 1 0 3
tilted_haar_y3
6.598977e-002 0 -1
2.372807e-002 -7.328759e-001 
1
2
0 2 2 6 0 -1
0 5 2 3 0 2
haar_y2
-2.681596e-001 0 -1
-5.281862e-001 2.743958e-002 
1
2
5 6 2 2 0 -1
5 6 1 2 0 2
haar_x2
-3.672484e-002 0 -1
-3.691731e-001 5.279166e-002 
1
2
0 4 8 4 0 -1
4 4 4 4 0 2
haar_x2
3.735691e-001 0 -1
-6.041595e-002 3.864659e-001 
1
2
4 0 3 1 0 -1
5 1 1 1 0 3
tilted_haar_y3
-1.138567e-001 0 -1
-1.000000e+000 6.045592e-003 
1
3
2 0 2 2 0 -1
2 0 1 1 0 2
3 1 1 1 0 2
haar_x2_y2
-7.499086e-004 0 -1
1.152353e-001 -1.671821e-001 
1
2
4 0 3 2 0 -1
5 1 1 2 0 3
tilted_haar_y3
-3.707049e-002 0 -1
2.522744e-001 -1.865029e-002 
1
2
4 0 2 3 0 -1
3 1 2 1 0 3
tilted_haar_y3
-1.140389e-001 0 -1
-7.311565e-001 2.800364e-002 
1
2
3 0 2 3 0 -1
3 1 2 1 0 3
haar_y3
-2.564737e-002 0 -1
-4.018970e-001 4.287294e-002 
1
3
0 0 6 4 0 -1
0 0 3 2 0 2
3 2 3 2 0 2
haar_x2_y2
3.820263e-002 0 -1
-1.115893e-001 1.857893e-001 
1
2
5 0 3 1 0 -1
6 1 1 1 0 3
tilted_haar_y3
1.904169e-002 0 -1
4.442690e-002 -1.940133e-001 
1
2
3 0 1 3 0 -1
2 1 1 1 0 3
tilted_haar_y3
3.128523e-002 0 -1
5.328159e-002 -3.489601e-001 
1
3
5 4 2 2 0 -1
6 4 1 1 0 2
5 5 1 1 0 2
haar_x2_y2
6.275760e-003 0 -1
-6.743541e-002 2.180440e-001 
1
2
0 3 4 1 0 -1
1 3 2 1 0 2
haar_x4
9.292553e-003 0 -1
-5.953240e-002 3.012111e-001 
-1.094766e+000

13
-1
