24
1
2
0 2 1 2 0 -1
0 3 1 1 0 2
haar_y2
-1.423724e-001 0 -1
-6.804044e-001 2.258344e-001 
1
2
2 0 2 1 0 -1
2 0 1 1 0 2
haar_x2
2.015874e-002 0 -1
-4.184569e-001 1.553658e-001 
1
2
1 0 2 2 0 -1
2 0 1 2 0 2
haar_x2
4.555164e-002 0 -1
-4.982428e-001 3.801612e-001 
1
2
1 2 3 3 0 -1
2 3 1 1 0 9
haar_point
1.372149e-001 0 -1
1.680287e-001 -6.653354e-001 
1
2
1 1 3 3 0 -1
2 2 1 1 0 9
haar_point
1.166233e+000 0 -1
-1.576593e-001 6.116256e-001 
1
2
1 4 3 1 0 -1
2 4 1 1 0 3
haar_x3
9.028363e-002 0 -1
1.713259e-001 -4.645726e-001 
1
2
0 3 1 2 0 -1
0 4 1 1 0 2
haar_y2
1.330281e-001 0 -1
1.638927e-001 -4.665930e-001 
1
2
1 1 3 3 0 -1
2 1 1 3 0 3
haar_x3
-2.166045e-002 0 -1
5.044810e-001 -1.232624e-001 
1
2
0 0 4 2 0 -1
0 1 4 1 0 2
haar_y2
9.778793e-002 0 -1
-1.616375e-001 3.331723e-001 
1
2
1 0 4 3 0 -1
2 0 2 3 0 2
haar_x4
5.349485e-001 0 -1
1.139133e-001 -4.088852e-001 
1
3
0 0 2 2 0 -1
0 0 1 1 0 2
1 1 1 1 0 2
haar_x2_y2
3.679822e-002 0 -1
-1.251110e-001 4.462220e-001 
1
2
1 0 4 3 0 -1
2 0 2 3 0 2
haar_x4
-3.783744e-001 0 -1
-4.024215e-001 7.019835e-002 
1
3
0 0 2 2 0 -1
0 0 1 1 0 2
1 1 1 1 0 2
haar_x2_y2
-2.519541e-002 0 -1
3.082624e-001 -1.852760e-001 
1
2
1 0 4 3 0 -1
2 0 2 3 0 2
haar_x4
4.391324e-001 0 -1
5.271649e-002 -1.232877e-001 
1
2
0 0 4 3 0 -1
1 0 2 3 0 2
haar_x4
5.008091e-001 0 -1
1.189338e-001 -4.092895e-001 
1
3
3 2 2 2 0 -1
4 2 1 1 0 2
3 3 1 1 0 2
haar_x2_y2
-5.250590e-002 0 -1
3.413253e-001 -3.434511e-001 
1
2
1 1 3 1 0 -1
2 1 1 1 0 3
haar_x3
1.354288e-001 0 -1
-1.999650e-001 2.489072e-001 
1
2
1 0 4 3 0 -1
2 0 2 3 0 2
haar_x4
3.670135e-001 0 -1
8.615515e-002 -1.831530e-001 
1
2
0 1 3 2 0 -1
0 2 3 1 0 2
haar_y2
6.576835e-002 0 -1
-6.261615e-002 5.522657e-001 
1
2
3 1 2 4 0 -1
3 2 2 2 0 2
haar_y4
2.768649e-001 0 -1
6.697086e-002 -4.401673e-001 
1
3
0 2 2 2 0 -1
0 2 1 1 0 2
1 3 1 1 0 2
haar_x2_y2
-5.645224e-002 0 -1
1.898309e-001 -1.714871e-001 
1
2
1 4 4 1 0 -1
2 4 2 1 0 2
haar_x4
-1.656477e-001 0 -1
-3.914332e-001 8.816183e-002 
1
3
0 1 2 2 0 -1
0 1 1 1 0 2
1 2 1 1 0 2
haar_x2_y2
-5.132206e-002 0 -1
4.309897e-001 -9.778870e-002 
1
2
3 0 2 1 0 -1
3 0 1 1 0 2
tilted_haar_y2
2.093232e-002 0 -1
-1.967638e-001 8.051769e-002 
-1.341591e+000

8
-1
