47
1
2
5 1 1 2 0 -1
5 2 1 1 0 2
haar_y2
-1.955754e-003 0 -1
2.433677e-001 -4.812653e-001 
1
2
2 1 2 1 0 -1
3 1 1 1 0 2
haar_x2
7.250375e-004 0 -1
-2.840621e-001 2.214522e-001 
1
2
1 2 1 3 0 -1
1 3 1 1 0 3
haar_y3
1.456036e-003 0 -1
-2.724393e-001 2.014610e-001 
1
2
3 2 1 4 0 -1
3 4 1 2 0 2
haar_y2
1.991354e-001 0 -1
-2.938321e-001 2.001061e-001 
1
2
2 5 3 1 0 -1
3 5 1 1 0 3
haar_x3
2.541776e-002 0 -1
6.576543e-002 -5.853808e-001 
1
2
1 0 3 2 0 -1
2 0 1 2 0 3
haar_x3
-7.828021e-002 0 -1
-5.115400e-001 9.559794e-002 
1
2
3 0 3 1 0 -1
4 0 1 1 0 3
haar_x3
-2.839248e-002 0 -1
-4.651684e-001 9.956250e-002 
1
2
3 5 3 1 0 -1
4 5 1 1 0 3
haar_x3
1.853399e-002 0 -1
1.135245e-001 -3.337146e-001 
1
2
2 5 2 1 0 -1
3 5 1 1 0 2
haar_x2
7.066272e-004 0 -1
-1.717045e-001 2.324552e-001 
1
2
1 0 4 1 0 -1
1 0 2 1 0 2
tilted_haar_x2
-2.510754e-001 0 -1
-5.314144e-001 8.008974e-002 
1
2
2 5 3 1 0 -1
3 5 1 1 0 3
haar_x3
-4.617681e-004 0 -1
1.751538e-001 -2.192360e-001 
1
2
3 5 2 1 0 -1
4 5 1 1 0 2
haar_x2
2.519320e-002 0 -1
1.182450e-001 -3.700641e-001 
1
2
2 5 2 1 0 -1
3 5 1 1 0 2
haar_x2
-2.760269e-002 0 -1
-5.222281e-001 7.633796e-002 
1
2
4 2 2 2 0 -1
5 2 1 2 0 2
haar_x2
3.692157e-001 0 -1
-5.210654e-002 9.085748e-001 
1
2
3 0 2 2 0 -1
4 0 1 2 0 2
haar_x2
9.418723e-002 0 -1
7.589583e-002 -5.452262e-001 
1
2
1 0 3 1 0 -1
2 0 1 1 0 3
haar_x3
-1.311229e-003 0 -1
1.710379e-001 -2.074785e-001 
1
2
1 0 2 1 0 -1
2 0 1 1 0 2
haar_x2
1.533740e-003 0 -1
-2.295927e-001 2.008197e-001 
1
2
0 0 3 1 0 -1
1 0 1 1 0 3
haar_x3
-7.434721e-002 0 -1
-5.797798e-001 5.764373e-002 
1
2
2 5 2 1 0 -1
3 5 1 1 0 2
haar_x2
-5.492927e-004 0 -1
2.107975e-001 -1.505767e-001 
1
2
1 0 4 3 0 -1
1 1 4 1 0 3
haar_y3
4.396467e-001 0 -1
-7.003411e-002 4.441033e-001 
1
2
1 0 5 3 0 -1
1 1 5 1 0 3
haar_y3
-3.158910e-001 0 -1
4.453203e-001 -7.718950e-002 
1
2
0 1 6 3 0 -1
2 2 2 1 0 9
haar_point
-9.107822e-001 0 -1
1.751393e-001 -1.743035e-001 
1
2
4 0 2 1 0 -1
5 0 1 1 0 2
haar_x2
1.469187e-003 0 -1
-1.796927e-001 1.710007e-001 
1
2
2 5 4 1 0 -1
3 5 2 1 0 2
haar_x4
7.797741e-004 0 -1
-1.351561e-001 2.167095e-001 
1
3
3 2 2 2 0 -1
3 2 1 1 0 2
4 3 1 1 0 2
haar_x2_y2
7.173321e-004 0 -1
-1.574530e-001 1.774107e-001 
1
2
1 4 2 2 0 -1
2 4 1 2 0 2
haar_x2
3.506957e-002 0 -1
6.599904e-002 -4.119277e-001 
1
2
0 4 3 1 0 -1
1 4 1 1 0 3
haar_x3
-1.730322e-003 0 -1
1.867688e-001 -1.468346e-001 
1
2
2 4 2 2 0 -1
3 4 1 2 0 2
haar_x2
5.832596e-002 0 -1
5.601190e-002 -4.511645e-001 
1
2
0 0 3 2 0 -1
1 0 1 2 0 3
haar_x3
7.860072e-002 0 -1
3.689225e-002 -6.278948e-001 
1
2
0 0 4 6 0 -1
0 3 4 3 0 2
haar_y2
1.326141e+000 0 -1
7.734534e-002 -3.170313e-001 
1
2
5 4 1 2 0 -1
5 5 1 1 0 2
haar_y2
1.512971e-003 0 -1
-2.926043e-001 9.306233e-002 
1
2
3 1 2 2 0 -1
4 1 1 2 0 2
haar_x2
-4.401967e-002 0 -1
-4.651195e-001 5.329378e-002 
1
2
3 0 3 6 0 -1
3 3 3 3 0 2
haar_y2
-7.413438e-002 0 -1
-3.595960e-001 6.784523e-002 
1
2
2 0 1 2 0 -1
2 0 1 1 0 2
tilted_haar_y2
-8.348984e-002 0 -1
-2.867931e-001 8.178614e-002 
1
2
1 3 2 1 0 -1
1 3 1 1 0 2
tilted_haar_x2
-1.192793e-001 0 -1
-3.830025e-001 6.981558e-002 
1
2
1 0 3 1 0 -1
2 0 1 1 0 3
haar_x3
2.191686e-002 0 -1
7.169894e-002 -3.477537e-001 
1
2
4 1 1 3 0 -1
3 2 1 1 0 3
tilted_haar_y3
-2.745537e-001 0 -1
2.745781e-001 -9.303335e-002 
1
2
0 0 3 1 0 -1
1 0 1 1 0 3
haar_x3
-6.498182e-004 0 -1
1.182549e-001 -2.340455e-001 
1
3
1 0 2 4 0 -1
1 0 1 2 0 2
2 2 1 2 0 2
haar_x2_y2
8.260758e-002 0 -1
-4.911575e-002 6.318629e-001 
1
2
0 0 4 1 0 -1
1 0 2 1 0 2
haar_x4
8.307172e-004 0 -1
-8.569995e-002 2.796771e-001 
1
2
0 3 2 1 0 -1
1 3 1 1 0 2
haar_x2
3.659105e-002 0 -1
-7.515507e-002 3.193187e-001 
1
2
3 2 3 2 0 -1
4 2 1 2 0 3
haar_x3
-8.472693e-002 0 -1
2.793039e-001 -7.945482e-002 
1
2
4 5 2 1 0 -1
5 5 1 1 0 2
haar_x2
3.723034e-002 0 -1
7.551580e-002 -3.504504e-001 
1
2
4 5 2 1 0 -1
5 5 1 1 0 2
haar_x2
1.360724e-003 0 -1
-1.842571e-001 1.656124e-001 
1
2
4 3 2 1 0 -1
5 3 1 1 0 2
haar_x2
-7.498224e-004 0 -1
1.959195e-001 -1.179559e-001 
1
2
0 2 6 3 0 -1
2 3 2 1 0 9
haar_point
-9.916248e-001 0 -1
2.146235e-001 -1.068116e-001 
1
3
1 3 2 2 0 -1
1 3 1 1 0 2
2 4 1 1 0 2
haar_x2_y2
-4.349519e-004 0 -1
2.472959e-001 -1.073749e-001 
-1.278024e+000

7
-1
