20
1
2
3 2 4 6 0 -1
3 5 4 3 0 2
haar_y2
-2.887973e-001 0 -1
6.600398e-001 -3.248830e-001 
1
2
2 0 6 8 0 -1
4 0 2 8 0 3
haar_x3
1.605640e-001 0 -1
-3.946515e-001 5.327560e-001 
1
2
3 4 4 4 0 -1
3 6 4 2 0 2
haar_y2
-1.546203e-001 0 -1
4.530514e-001 -3.643809e-001 
1
2
8 0 2 1 0 -1
8 0 1 1 0 2
tilted_haar_y2
1.151952e-002 0 -1
1.036740e-001 -5.889421e-001 
1
2
2 0 1 2 0 -1
2 0 1 1 0 2
tilted_haar_y2
-3.883030e-004 0 -1
2.486518e-001 -4.356255e-001 
1
2
4 0 2 3 0 -1
4 1 2 1 0 3
haar_y3
-1.422938e-002 0 -1
-8.115236e-001 1.449593e-001 
1
2
3 0 3 3 0 -1
3 1 3 1 0 3
haar_y3
1.805256e-002 0 -1
8.667883e-002 -7.080759e-001 
1
3
8 0 2 4 0 -1
9 0 1 2 0 2
8 2 1 2 0 2
haar_x2_y2
-4.893941e-003 0 -1
2.545041e-001 -1.708902e-001 
1
2
2 2 5 6 0 -1
2 5 5 3 0 2
haar_y2
-6.279652e-002 0 -1
1.266757e-001 -5.874491e-001 
1
3
8 0 2 4 0 -1
9 0 1 2 0 2
8 2 1 2 0 2
haar_x2_y2
7.301432e-002 0 -1
-2.010915e-002 7.360455e-001 
1
3
0 0 2 4 0 -1
0 0 1 2 0 2
1 2 1 2 0 2
haar_x2_y2
-3.784599e-003 0 -1
3.163007e-001 -2.315013e-001 
1
2
5 0 5 3 0 -1
5 1 5 1 0 3
haar_y3
-3.538232e-002 0 -1
-7.994995e-001 7.442497e-002 
1
2
0 0 10 10 0 -1
0 5 10 5 0 2
haar_y2
-1.200436e+000 0 -1
-8.521382e-001 6.225477e-002 
1
2
7 0 3 2 0 -1
8 1 1 2 0 3
tilted_haar_y3
3.000569e-002 0 -1
6.108431e-002 -5.915727e-001 
1
2
3 0 2 3 0 -1
2 1 2 1 0 3
tilted_haar_y3
-4.109242e-002 0 -1
-6.334405e-001 9.771994e-002 
1
2
6 1 3 1 0 -1
7 2 1 1 0 3
tilted_haar_y3
-3.185464e-002 0 -1
-5.722664e-001 5.989170e-002 
1
2
3 0 4 1 0 -1
4 0 2 1 0 2
haar_x4
3.560204e-003 0 -1
-3.585791e-001 2.001173e-001 
1
2
6 1 3 1 0 -1
7 2 1 1 0 3
tilted_haar_y3
-7.713768e-002 0 -1
-1.000000e+000 3.350686e-003 
1
2
4 1 1 3 0 -1
3 2 1 1 0 3
tilted_haar_y3
2.109465e-002 0 -1
1.039761e-001 -6.192681e-001 
1
2
1 6 8 2 0 -1
1 7 8 1 0 2
haar_y2
4.447149e-002 0 -1
-1.796389e-001 3.705311e-001 
-1.430753e+000

2
-1
