61
1
2
1 2 3 3 0 -1
1 3 3 1 0 3
haar_y3
-6.019390e-001 0 -1
4.659704e-001 -3.667952e-001 
1
2
1 0 3 1 0 -1
2 0 1 1 0 3
haar_x3
8.531752e-002 0 -1
-4.840664e-001 2.530366e-001 
1
2
1 2 3 2 0 -1
1 3 3 1 0 2
haar_y2
-5.031826e-001 0 -1
4.037608e-001 -2.823186e-001 
1
2
2 0 1 2 0 -1
2 1 1 1 0 2
haar_y2
7.706197e-002 0 -1
1.361949e-001 -5.271761e-001 
1
2
2 0 1 2 0 -1
2 1 1 1 0 2
haar_y2
-5.225710e-002 0 -1
-6.403151e-001 1.776515e-001 
1
2
4 1 1 2 0 -1
4 2 1 1 0 2
haar_y2
-2.497326e-003 0 -1
1.523466e-001 -3.515543e-001 
1
2
0 1 1 2 0 -1
0 2 1 1 0 2
haar_y2
8.939696e-002 0 -1
7.783300e-002 -5.635137e-001 
1
2
3 0 2 1 0 -1
3 0 1 1 0 2
tilted_haar_y2
3.927420e-002 0 -1
-2.272719e-001 9.159484e-002 
1
2
2 0 1 2 0 -1
2 0 1 1 0 2
tilted_haar_y2
2.327757e-001 0 -1
7.687452e-002 -6.066611e-001 
1
2
2 4 3 1 0 -1
3 4 1 1 0 3
haar_x3
1.491645e-001 0 -1
4.633308e-002 -5.751913e-001 
1
2
0 4 3 1 0 -1
1 4 1 1 0 3
haar_x3
1.310417e-001 0 -1
8.437019e-002 -5.467876e-001 
1
2
2 2 2 1 0 -1
2 2 1 1 0 2
haar_x2
2.649532e-001 0 -1
-3.105338e-002 5.148940e-001 
1
2
1 2 2 1 0 -1
2 2 1 1 0 2
haar_x2
3.920020e-003 0 -1
-2.389106e-001 1.344255e-001 
1
2
4 1 1 4 0 -1
4 3 1 2 0 2
haar_y2
-4.789502e-001 0 -1
-5.270783e-001 3.805795e-002 
1
2
1 0 1 2 0 -1
1 1 1 1 0 2
haar_y2
-8.459391e-002 0 -1
-4.819998e-001 4.770529e-002 
1
2
3 1 2 3 0 -1
3 1 1 3 0 2
haar_x2
-3.207741e-003 0 -1
1.765276e-001 -2.208448e-001 
1
2
0 0 4 4 0 -1
2 0 2 4 0 2
haar_x2
-2.665063e+000 0 -1
9.223601e-001 -3.706242e-002 
1
2
0 0 5 4 0 -1
0 1 5 2 0 2
haar_y4
5.755438e-001 0 -1
-1.854532e-001 1.339244e-001 
1
2
0 0 3 4 0 -1
0 1 3 2 0 2
haar_y4
8.652090e-001 0 -1
4.459399e-002 -6.829486e-001 
1
2
0 2 5 3 0 -1
0 3 5 1 0 3
haar_y3
1.845699e-001 0 -1
-5.909455e-002 4.171298e-001 
1
2
0 1 1 4 0 -1
0 3 1 2 0 2
haar_y2
-4.526982e-001 0 -1
-5.289637e-001 4.044645e-002 
1
2
4 1 1 4 0 -1
4 3 1 2 0 2
haar_y2
-3.534945e-003 0 -1
8.415189e-002 -2.455076e-001 
1
2
0 0 4 1 0 -1
1 0 2 1 0 2
haar_x4
-4.344458e-001 0 -1
6.815404e-001 -2.943853e-002 
1
2
4 0 1 4 0 -1
4 1 1 2 0 2
haar_y4
5.490518e-002 0 -1
-8.355351e-002 6.373628e-002 
1
3
0 3 2 2 0 -1
0 3 1 1 0 2
1 4 1 1 0 2
haar_x2_y2
4.524193e-003 0 -1
-1.963940e-001 1.198053e-001 
1
2
4 0 1 4 0 -1
4 1 1 2 0 2
haar_y4
-1.050622e+000 0 -1
6.926341e-001 -1.190847e-002 
1
2
0 0 1 4 0 -1
0 1 1 2 0 2
haar_y4
3.746790e-003 0 -1
-2.341959e-001 1.052419e-001 
1
3
2 1 2 4 0 -1
3 1 1 2 0 2
2 3 1 2 0 2
haar_x2_y2
-2.294416e-002 0 -1
9.311058e-002 -2.088422e-001 
1
3
0 1 4 4 0 -1
0 1 2 2 0 2
2 3 2 2 0 2
haar_x2_y2
-1.523294e-002 0 -1
8.292498e-002 -2.191452e-001 
1
2
2 2 3 1 0 -1
3 2 1 1 0 3
haar_x3
-2.113659e-001 0 -1
1.695715e-001 -5.104803e-002 
1
2
0 2 3 1 0 -1
1 2 1 1 0 3
haar_x3
2.827751e-001 0 -1
-2.767582e-002 5.769944e-001 
1
3
3 2 2 2 0 -1
4 2 1 1 0 2
3 3 1 1 0 2
haar_x2_y2
-7.543334e-002 0 -1
1.595740e-001 -1.380474e-001 
1
2
1 1 3 2 0 -1
1 2 3 1 0 2
haar_y2
-6.532183e-001 0 -1
8.081331e-001 -3.813356e-002 
1
2
0 2 5 2 0 -1
0 3 5 1 0 2
haar_y2
-8.679159e-001 0 -1
4.201392e-001 -3.928470e-002 
1
2
2 0 1 2 0 -1
2 1 1 1 0 2
haar_y2
-1.433131e-001 0 -1
-1.000000e+000 2.136289e-002 
1
3
3 2 2 2 0 -1
4 2 1 1 0 2
3 3 1 1 0 2
haar_x2_y2
-3.495605e-003 0 -1
2.687152e-002 -1.005487e-001 
1
3
0 2 2 2 0 -1
0 2 1 1 0 2
1 3 1 1 0 2
haar_x2_y2
6.383974e-002 0 -1
-5.868325e-002 3.129458e-001 
1
2
2 0 1 2 0 -1
2 1 1 1 0 2
haar_y2
1.944796e-001 0 -1
2.422759e-002 -6.978692e-001 
1
3
0 0 4 4 0 -1
0 0 2 2 0 2
2 2 2 2 0 2
haar_x2_y2
-6.524390e-001 0 -1
-3.408755e-001 6.051120e-002 
1
2
1 0 3 1 0 -1
2 0 1 1 0 3
haar_x3
2.434864e-001 0 -1
-8.329214e-002 2.260579e-001 
1
2
2 1 2 2 0 -1
2 1 1 2 0 2
tilted_haar_x2
-2.601760e-001 0 -1
-5.203049e-001 3.341749e-002 
1
2
1 3 3 2 0 -1
1 4 3 1 0 2
haar_y2
2.353235e-001 0 -1
-1.013507e-001 1.842455e-001 
1
2
0 0 4 4 0 -1
2 0 2 4 0 2
haar_x2
1.197357e+000 0 -1
-5.097450e-002 4.273399e-001 
1
2
1 3 4 1 0 -1
1 3 2 1 0 2
haar_x2
5.069062e-001 0 -1
-1.159042e-002 4.640728e-001 
1
2
0 3 4 1 0 -1
2 3 2 1 0 2
haar_x2
-4.120168e-003 0 -1
1.015171e-001 -1.879530e-001 
1
2
3 1 2 4 0 -1
3 3 2 2 0 2
haar_y2
-1.769560e-003 0 -1
4.236971e-002 -2.018501e-001 
1
2
1 3 2 2 0 -1
2 3 1 2 0 2
haar_x2
-1.904350e-001 0 -1
-2.992025e-001 5.359455e-002 
1
2
1 4 3 1 0 -1
2 4 1 1 0 3
haar_x3
2.584460e-001 0 -1
2.930549e-002 -5.259062e-001 
1
3
1 2 2 2 0 -1
1 2 1 1 0 2
2 3 1 1 0 2
haar_x2_y2
2.088894e-001 0 -1
-1.693321e-002 6.977429e-001 
1
2
2 1 1 3 0 -1
2 2 1 1 0 3
haar_y3
5.581216e-002 0 -1
-1.996500e-001 8.556934e-002 
1
2
0 1 5 3 0 -1
0 2 5 1 0 3
haar_y3
-5.302024e-002 0 -1
2.423368e-001 -1.024326e-001 
1
2
3 1 2 2 0 -1
3 1 2 1 0 2
tilted_haar_x2
1.438721e-001 0 -1
-1.230648e-001 3.698527e-002 
1
2
2 1 2 2 0 -1
2 1 1 2 0 2
tilted_haar_x2
3.148742e-003 0 -1
-2.250713e-001 6.739983e-002 
1
2
4 0 1 4 0 -1
4 0 1 2 0 2
tilted_haar_x2
-1.351874e-001 0 -1
2.536874e-001 -6.396963e-002 
1
2
1 0 4 1 0 -1
1 0 2 1 0 2
tilted_haar_x2
-3.443113e-002 0 -1
3.118841e-001 -9.107951e-002 
1
2
3 1 2 4 0 -1
3 3 2 2 0 2
haar_y2
-1.769560e-003 0 -1
5.543259e-002 -2.246752e-001 
1
2
0 3 2 2 0 -1
1 3 1 2 0 2
haar_x2
-2.349848e-001 0 -1
-2.861444e-001 5.999592e-002 
1
2
3 1 2 1 0 -1
3 1 1 1 0 2
haar_x2
-2.021163e-002 0 -1
1.040105e-001 -5.515975e-002 
1
2
0 2 2 3 0 -1
1 2 1 3 0 2
haar_x2
-3.144350e-002 0 -1
1.012613e-001 -1.521523e-001 
1
2
4 0 1 4 0 -1
4 2 1 2 0 2
haar_y2
-3.575886e-001 0 -1
-3.526391e-001 3.826271e-002 
1
3
0 1 2 2 0 -1
0 1 1 1 0 2
1 2 1 1 0 2
haar_x2_y2
3.738953e-003 0 -1
-1.173238e-001 1.530228e-001 
-1.367532e+000

3
-1
