12
1
2
4 3 7 4 0 -1
4 4 7 2 0 2
haar_y4
1.181142e-001 0 -1
-3.592986e-001 7.005262e-001 
1
3
6 3 8 4 0 -1
10 3 4 2 0 2
6 5 4 2 0 2
haar_x2_y2
-4.748422e-002 0 -1
5.076686e-001 -2.865524e-001 
1
2
2 0 3 8 0 -1
2 2 3 4 0 2
haar_y4
-8.715495e-002 0 -1
5.222555e-001 -3.970391e-001 
1
2
13 0 2 4 0 -1
13 0 1 4 0 2
haar_x2
-6.154671e-004 0 -1
1.832784e-001 -2.848217e-001 
1
2
0 0 2 4 0 -1
1 0 1 4 0 2
haar_x2
-4.112338e-004 0 -1
3.203026e-001 -3.806130e-001 
1
2
6 0 5 4 0 -1
6 1 5 2 0 2
haar_y4
6.991989e-002 0 -1
-1.865038e-001 5.213054e-001 
1
2
5 2 5 2 0 -1
5 3 5 1 0 2
haar_y2
8.698380e-002 0 -1
-1.709369e-001 9.285855e-001 
1
2
8 6 3 2 0 -1
9 6 1 2 0 3
haar_x3
1.370535e-002 0 -1
1.643646e-001 -6.974232e-001 
1
2
4 6 3 2 0 -1
5 6 1 2 0 3
haar_x3
-1.739394e-002 0 -1
-9.318929e-001 1.024449e-001 
1
2
7 1 3 3 0 -1
8 1 1 3 0 3
haar_x3
-2.163236e-002 0 -1
-7.126642e-001 4.886858e-002 
1
2
7 5 1 2 0 -1
7 5 1 1 0 2
tilted_haar_y2
1.749272e-002 0 -1
-1.797943e-001 7.217079e-001 
1
2
6 6 3 1 0 -1
7 6 1 1 0 3
haar_x3
5.415564e-003 0 -1
1.698119e-001 -7.333061e-001 
-1.059154e+000

4
-1
