15
1
2
2 0 4 6 0 -1
2 2 4 2 0 3
haar_y3
1.794179e-001 0 -1
-6.533261e-001 4.039299e-001 
1
2
2 4 5 2 0 -1
2 5 5 1 0 2
haar_y2
-1.369579e-001 0 -1
5.769529e-001 -3.328126e-001 
1
2
2 0 4 1 0 -1
3 0 2 1 0 2
haar_x4
1.291963e-002 0 -1
-5.220001e-001 3.670446e-001 
1
2
2 2 4 4 0 -1
2 4 4 2 0 2
haar_y2
-3.578508e-001 0 -1
7.264482e-001 -1.795432e-001 
1
2
2 1 4 2 0 -1
2 2 4 1 0 2
haar_y2
5.226311e-002 0 -1
1.804901e-001 -6.721933e-001 
1
2
3 0 2 3 0 -1
3 1 2 1 0 3
haar_y3
4.302364e-002 0 -1
1.293084e-001 -8.390279e-001 
1
2
3 0 2 2 0 -1
3 1 2 1 0 2
haar_y2
-2.227786e-002 0 -1
-8.278709e-001 8.788397e-002 
1
2
4 1 4 5 0 -1
5 1 2 5 0 2
haar_x4
-8.904223e-002 0 -1
4.195955e-001 -3.022026e-001 
1
2
4 0 1 3 0 -1
3 1 1 1 0 3
tilted_haar_y3
-8.337257e-004 0 -1
2.565039e-001 -3.267555e-001 
1
2
5 0 3 3 0 -1
5 1 3 1 0 3
haar_y3
-3.001834e-002 0 -1
-5.977781e-001 1.220294e-001 
1
3
2 1 4 2 0 -1
2 1 2 1 0 2
4 2 2 1 0 2
haar_x2_y2
-2.813237e-002 0 -1
-5.857262e-001 1.022866e-001 
1
2
0 0 8 8 0 -1
2 0 4 8 0 2
haar_x4
-7.915560e-001 0 -1
6.826850e-001 -1.022384e-001 
1
2
2 4 3 2 0 -1
2 5 3 1 0 2
haar_y2
-6.064979e-002 0 -1
2.618878e-001 -2.239838e-001 
1
2
0 5 8 3 0 -1
0 6 8 1 0 3
haar_y3
1.053811e-001 0 -1
-1.854055e-001 4.015379e-001 
1
2
1 5 6 3 0 -1
1 6 6 1 0 3
haar_y3
-1.862942e-001 0 -1
6.253297e-001 -1.130951e-001 
-1.494063e+000

1
-1
