12
1
2
5 3 4 1 0 -1
5 3 2 1 0 2
tilted_haar_x2
1.151401e-001 0 -1
-3.640192e-001 5.599075e-001 
1
2
8 0 2 1 0 -1
8 0 1 1 0 2
tilted_haar_y2
-1.192144e-003 0 -1
2.717652e-001 -4.489946e-001 
1
2
5 1 3 4 0 -1
5 1 3 2 0 2
tilted_haar_y2
2.040327e-001 0 -1
-4.463548e-001 3.430727e-001 
1
2
8 0 2 1 0 -1
8 0 1 1 0 2
tilted_haar_y2
-2.457358e-002 0 -1
-6.784084e-001 1.440510e-001 
1
2
2 0 1 2 0 -1
2 0 1 1 0 2
tilted_haar_y2
-4.196739e-004 0 -1
1.933091e-001 -6.598364e-001 
1
2
6 6 4 2 0 -1
6 6 2 2 0 2
haar_x2
-2.638915e-002 0 -1
3.397018e-001 -3.289736e-001 
1
2
3 0 1 3 0 -1
2 1 1 1 0 3
tilted_haar_y3
-1.697157e-002 0 -1
-7.077769e-001 1.685741e-001 
1
2
1 0 8 5 0 -1
3 0 4 5 0 2
haar_x4
7.271554e-002 0 -1
-5.696128e-001 1.799068e-001 
1
2
2 4 5 4 0 -1
2 6 5 2 0 2
haar_y2
-2.242028e-001 0 -1
3.628254e-001 -3.116762e-001 
1
2
2 3 6 6 0 -1
2 5 6 2 0 3
haar_y3
-4.700190e-001 0 -1
6.753329e-001 -1.967078e-001 
1
2
1 6 6 2 0 -1
1 7 6 1 0 2
haar_y2
-7.214238e-002 0 -1
7.036721e-001 -1.346406e-001 
1
2
8 2 2 6 0 -1
8 2 1 6 0 2
haar_x2
-7.320496e-003 0 -1
3.075076e-001 -4.522129e-001 
-1.329063e+000

4
-1
