78
1
2
0 1 6 3 0 -1
0 2 6 1 0 3
haar_y3
-4.039225e-001 0 -1
3.017126e-001 -3.104264e-001 
1
3
1 3 2 2 0 -1
1 3 1 1 0 2
2 4 1 1 0 2
haar_x2_y2
5.351243e-002 0 -1
-1.758164e-001 3.536675e-001 
1
2
3 3 3 1 0 -1
4 3 1 1 0 3
haar_x3
3.348354e-002 0 -1
-1.695097e-001 2.665841e-001 
1
2
0 2 1 4 0 -1
0 4 1 2 0 2
haar_y2
4.715717e-002 0 -1
-3.331156e-001 9.898315e-002 
1
2
2 0 2 1 0 -1
3 0 1 1 0 2
haar_x2
3.667414e-003 0 -1
-2.127382e-001 1.428798e-001 
1
2
0 0 6 2 0 -1
3 0 3 2 0 2
haar_x2
4.497449e-001 0 -1
9.824178e-002 -4.126769e-001 
1
2
3 2 3 3 0 -1
4 3 1 1 0 9
haar_point
-5.049853e-001 0 -1
4.054401e-001 -6.810565e-002 
1
2
2 0 1 2 0 -1
2 0 1 1 0 2
tilted_haar_y2
1.320302e-001 0 -1
2.916555e-002 -5.606920e-001 
1
2
5 0 1 2 0 -1
5 0 1 1 0 2
tilted_haar_y2
2.588761e-002 0 -1
-3.111876e-001 6.832717e-002 
1
2
1 0 3 1 0 -1
2 0 1 1 0 3
haar_x3
-6.143956e-002 0 -1
-4.870956e-001 5.175837e-002 
1
3
1 0 2 2 0 -1
1 0 1 1 0 2
2 1 1 1 0 2
haar_x2_y2
1.807494e-003 0 -1
-1.183631e-001 2.086623e-001 
1
2
2 0 3 3 0 -1
2 1 3 1 0 3
haar_y3
-2.335400e-001 0 -1
3.503437e-001 -6.179540e-002 
1
3
0 0 2 2 0 -1
0 0 1 1 0 2
1 1 1 1 0 2
haar_x2_y2
1.772361e-003 0 -1
-1.107310e-001 1.828544e-001 
1
2
0 1 6 3 0 -1
2 1 2 3 0 3
haar_x3
-1.993293e-001 0 -1
8.612832e-002 -2.548951e-001 
1
2
3 5 3 1 0 -1
4 5 1 1 0 3
haar_x3
-2.638121e-002 0 -1
-3.416174e-001 6.694397e-002 
1
2
3 5 3 1 0 -1
4 5 1 1 0 3
haar_x3
3.243602e-002 0 -1
5.474713e-002 -4.588485e-001 
1
2
1 2 3 2 0 -1
2 2 1 2 0 3
haar_x3
8.557570e-002 0 -1
-7.032950e-002 3.978702e-001 
1
2
1 2 3 4 0 -1
2 2 1 4 0 3
haar_x3
-1.074165e-001 0 -1
1.882787e-001 -1.503567e-001 
1
2
4 2 1 4 0 -1
4 4 1 2 0 2
haar_y2
1.219098e-001 0 -1
-2.694879e-001 8.710531e-002 
1
2
0 0 3 1 0 -1
1 0 1 1 0 3
haar_x3
-5.612963e-002 0 -1
-3.889745e-001 4.930670e-002 
1
2
0 2 3 4 0 -1
0 3 3 2 0 2
haar_y4
-2.064419e-001 0 -1
-4.802932e-001 3.292010e-002 
1
2
1 3 1 3 0 -1
1 4 1 1 0 3
haar_y3
-1.522124e-003 0 -1
1.632809e-001 -1.229482e-001 
1
2
0 1 6 4 0 -1
0 2 6 2 0 2
haar_y4
-8.482820e-001 0 -1
2.879401e-001 -7.030319e-002 
1
2
0 3 3 1 0 -1
1 3 1 1 0 3
haar_x3
-6.937000e-002 0 -1
4.089392e-001 -4.477674e-002 
1
2
1 4 2 1 0 -1
2 4 1 1 0 2
haar_x2
2.650460e-002 0 -1
4.409364e-002 -4.520537e-001 
1
3
0 0 2 4 0 -1
0 0 1 2 0 2
1 2 1 2 0 2
haar_x2_y2
3.912013e-002 0 -1
-1.033421e-001 2.051083e-001 
1
2
1 0 2 1 0 -1
2 0 1 1 0 2
haar_x2
1.813368e-003 0 -1
-1.657512e-001 1.342032e-001 
1
3
0 0 6 6 0 -1
0 0 3 3 0 2
3 3 3 3 0 2
haar_x2_y2
-5.898993e-001 0 -1
-3.409471e-001 4.871798e-002 
1
2
3 0 2 1 0 -1
4 0 1 1 0 2
haar_x2
1.535497e-003 0 -1
-1.884889e-001 1.020805e-001 
1
2
2 0 2 1 0 -1
3 0 1 1 0 2
haar_x2
-1.514503e-003 0 -1
2.311508e-001 -8.186610e-002 
1
2
2 0 3 2 0 -1
3 0 1 2 0 3
haar_x3
-8.101875e-002 0 -1
-4.943224e-001 4.322796e-002 
1
2
2 2 3 3 0 -1
3 2 1 3 0 3
haar_x3
-1.032517e-001 0 -1
1.307887e-001 -1.467813e-001 
1
2
2 2 3 2 0 -1
3 2 1 2 0 3
haar_x3
7.482046e-002 0 -1
-4.476697e-002 5.277346e-001 
1
2
3 4 2 2 0 -1
4 4 1 2 0 2
haar_x2
5.669041e-002 0 -1
8.297870e-002 -2.519862e-001 
1
2
3 5 2 1 0 -1
4 5 1 1 0 2
haar_x2
1.914723e-003 0 -1
-1.788374e-001 1.297203e-001 
1
2
3 5 2 1 0 -1
4 5 1 1 0 2
haar_x2
-1.897984e-003 0 -1
2.137552e-001 -9.254812e-002 
1
2
0 2 6 2 0 -1
2 2 2 2 0 3
haar_x3
-1.401225e-001 0 -1
7.239978e-002 -2.687376e-001 
1
2
5 0 1 3 0 -1
5 1 1 1 0 3
haar_y3
3.966181e-002 0 -1
-1.000281e-001 1.570223e-001 
1
2
0 2 1 4 0 -1
0 3 1 2 0 2
haar_y4
1.429853e-003 0 -1
-1.638465e-001 1.050794e-001 
1
2
0 4 1 2 0 -1
0 5 1 1 0 2
haar_y2
1.701387e-003 0 -1
-2.273397e-001 9.696466e-002 
1
2
2 2 4 1 0 -1
4 2 2 1 0 2
haar_x2
3.269860e-001 0 -1
-3.203825e-002 5.744543e-001 
1
2
4 1 1 2 0 -1
4 1 1 1 0 2
tilted_haar_y2
-1.968201e-001 0 -1
5.148771e-001 -3.086050e-002 
1
2
4 1 2 2 0 -1
5 1 1 2 0 2
haar_x2
8.358964e-002 0 -1
7.370660e-002 -2.356034e-001 
1
2
3 2 3 2 0 -1
4 2 1 2 0 3
haar_x3
-8.724900e-002 0 -1
2.407079e-001 -6.195758e-002 
1
2
3 3 2 1 0 -1
4 3 1 1 0 2
haar_x2
2.257531e-003 0 -1
-2.079573e-001 8.206050e-002 
1
2
5 0 1 4 0 -1
5 2 1 2 0 2
haar_y2
-1.441759e-003 0 -1
9.883305e-002 -1.765570e-001 
1
2
1 5 2 1 0 -1
2 5 1 1 0 2
haar_x2
-3.309819e-002 0 -1
-3.010086e-001 5.448888e-002 
1
2
2 5 3 1 0 -1
3 5 1 1 0 3
haar_x3
-1.715697e-003 0 -1
1.097891e-001 -1.484229e-001 
1
2
3 5 2 1 0 -1
4 5 1 1 0 2
haar_x2
4.499164e-002 0 -1
3.981437e-002 -3.828602e-001 
1
2
2 5 2 1 0 -1
3 5 1 1 0 2
haar_x2
1.784182e-003 0 -1
-1.224231e-001 1.494675e-001 
1
2
0 2 6 3 0 -1
0 3 6 1 0 3
haar_y3
1.023934e-001 0 -1
-8.755002e-002 1.776534e-001 
1
2
1 2 3 3 0 -1
2 3 1 1 0 9
haar_point
-3.966537e-001 0 -1
2.298532e-001 -7.428948e-002 
1
2
0 0 1 4 0 -1
0 1 1 2 0 2
haar_y4
-2.081005e-001 0 -1
-6.547502e-001 2.543958e-002 
1
2
0 3 3 1 0 -1
1 3 1 1 0 3
haar_x3
-9.693040e-003 0 -1
1.891334e-001 -9.479378e-002 
1
2
2 5 2 1 0 -1
3 5 1 1 0 2
haar_x2
-1.675261e-003 0 -1
1.472622e-001 -1.025785e-001 
1
2
3 1 2 3 0 -1
3 1 1 3 0 2
tilted_haar_x2
-3.715646e-001 0 -1
-7.056897e-001 1.832825e-002 
1
2
1 2 1 4 0 -1
1 3 1 2 0 2
haar_y4
1.798178e-003 0 -1
-1.595278e-001 8.271279e-002 
1
2
1 5 3 1 0 -1
2 5 1 1 0 3
haar_x3
-1.808584e-003 0 -1
1.134568e-001 -1.297894e-001 
1
2
1 2 4 4 0 -1
1 3 4 2 0 2
haar_y4
2.755674e-001 0 -1
4.793962e-002 -3.102522e-001 
1
2
2 2 2 2 0 -1
2 3 2 1 0 2
haar_y2
2.308720e-001 0 -1
-3.607008e-002 5.056952e-001 
1
2
3 2 3 1 0 -1
4 2 1 1 0 3
haar_x3
-1.810025e-003 0 -1
1.226439e-001 -1.167349e-001 
1
2
2 5 2 1 0 -1
3 5 1 1 0 2
haar_x2
3.003876e-002 0 -1
3.680973e-002 -3.606159e-001 
1
2
1 5 2 1 0 -1
2 5 1 1 0 2
haar_x2
1.681813e-003 0 -1
-9.867924e-002 1.678402e-001 
1
2
1 5 3 1 0 -1
2 5 1 1 0 3
haar_x3
5.219483e-002 0 -1
2.402505e-002 -6.449253e-001 
1
3
3 0 2 4 0 -1
3 0 1 2 0 2
4 2 1 2 0 2
haar_x2_y2
2.722388e-002 0 -1
-1.304268e-001 1.064888e-001 
1
2
1 2 5 4 0 -1
1 4 5 2 0 2
haar_y2
-1.518156e-001 0 -1
-8.478371e-001 1.727321e-002 
1
2
0 0 1 2 0 -1
0 1 1 1 0 2
haar_y2
7.644911e-002 0 -1
2.159157e-002 -4.963092e-001 
1
2
0 0 6 4 0 -1
0 1 6 2 0 2
haar_y4
2.280831e-001 0 -1
-3.882862e-002 3.961598e-001 
1
2
1 1 2 2 0 -1
2 1 1 2 0 2
haar_x2
8.517179e-002 0 -1
2.150960e-002 -6.616763e-001 
1
3
4 3 2 2 0 -1
4 3 1 1 0 2
5 4 1 1 0 2
haar_x2_y2
2.171089e-003 0 -1
-9.747253e-002 1.358758e-001 
1
3
4 3 2 2 0 -1
4 3 1 1 0 2
5 4 1 1 0 2
haar_x2_y2
-2.724480e-002 0 -1
1.711046e-001 -8.427017e-002 
1
2
5 4 1 2 0 -1
5 5 1 1 0 2
haar_y2
1.224634e-001 0 -1
2.313251e-002 -5.927402e-001 
1
2
4 5 2 1 0 -1
5 5 1 1 0 2
haar_x2
1.725229e-003 0 -1
-1.304833e-001 1.001476e-001 
1
2
2 3 4 2 0 -1
4 3 2 2 0 2
haar_x2
1.877739e-001 0 -1
7.472692e-002 -1.748559e-001 
1
2
2 4 4 1 0 -1
4 4 2 1 0 2
haar_x2
4.263274e-001 0 -1
-2.390675e-002 5.627928e-001 
1
2
1 0 2 6 0 -1
1 3 2 3 0 2
haar_y2
-4.270273e-001 0 -1
-1.000000e+000 1.407437e-002 
1
2
4 0 2 2 0 -1
4 1 2 1 0 2
haar_y2
-5.802838e-002 0 -1
1.306853e-001 -9.640446e-002 
1
2
4 0 1 3 0 -1
4 1 1 1 0 3
haar_y3
1.719426e-003 0 -1
-1.305834e-001 1.063172e-001 
-1.084645e+000

11
-1
