23
1
2
4 3 1 2 0 -1
4 3 1 1 0 2
tilted_haar_y2
-6.828725e-002 0 -1
5.163966e-001 -3.464378e-001 
1
2
4 1 1 4 0 -1
3 2 1 2 0 2
tilted_haar_x4
-3.046319e-002 0 -1
1.837151e-001 -1.936887e-001 
1
2
4 2 3 1 0 -1
5 3 1 1 0 3
tilted_haar_x3
-4.684401e-002 0 -1
3.175804e-001 -3.675589e-001 
1
2
4 0 3 1 0 -1
5 0 1 1 0 3
haar_x3
2.091790e-002 0 -1
9.285492e-002 -7.786511e-001 
1
2
3 0 2 1 0 -1
4 0 1 1 0 2
haar_x2
6.416744e-004 0 -1
-3.538622e-001 2.572455e-001 
1
2
3 0 3 1 0 -1
4 0 1 1 0 3
haar_x3
1.222781e-002 0 -1
1.800339e-001 -5.950860e-001 
1
2
2 1 4 3 0 -1
2 2 4 1 0 3
haar_y3
-1.306430e-001 0 -1
5.239240e-001 -1.851406e-001 
1
2
3 6 3 2 0 -1
4 6 1 2 0 3
haar_x3
-2.327252e-002 0 -1
-6.275882e-001 1.342748e-001 
1
2
0 2 8 6 0 -1
2 2 4 6 0 2
haar_x4
-8.512598e-002 0 -1
2.202014e-001 -3.994527e-001 
1
2
3 6 3 2 0 -1
4 6 1 2 0 3
haar_x3
2.210845e-002 0 -1
8.144988e-002 -6.476986e-001 
1
2
1 0 3 1 0 -1
2 0 1 1 0 3
haar_x3
1.537622e-002 0 -1
7.744119e-002 -7.709792e-001 
1
2
4 2 2 2 0 -1
4 2 1 2 0 2
tilted_haar_y2
-3.564179e-002 0 -1
-1.931472e-001 4.245170e-002 
1
2
0 0 3 2 0 -1
1 0 1 2 0 3
haar_x3
1.317412e-002 0 -1
1.473269e-001 -5.145174e-001 
1
2
4 2 2 2 0 -1
4 2 1 2 0 2
tilted_haar_y2
-1.101426e-001 0 -1
3.457258e-001 -3.043619e-002 
1
2
4 2 2 2 0 -1
4 2 2 1 0 2
tilted_haar_y2
-1.331829e-001 0 -1
5.105517e-001 -1.268013e-001 
1
2
0 0 8 4 0 -1
0 1 8 2 0 2
haar_y4
2.030662e-001 0 -1
-1.252691e-001 5.148045e-001 
1
2
1 3 3 2 0 -1
2 3 1 2 0 3
haar_x3
-1.844568e-002 0 -1
4.027582e-001 -1.760657e-001 
1
2
6 0 2 1 0 -1
6 0 1 1 0 2
tilted_haar_y2
9.141671e-002 0 -1
2.771644e-002 -7.965291e-001 
1
2
2 0 1 2 0 -1
2 0 1 1 0 2
tilted_haar_y2
-3.766415e-002 0 -1
-6.078125e-001 1.065593e-001 
1
3
0 0 8 8 0 -1
4 0 4 4 0 2
0 4 4 4 0 2
haar_x2_y2
5.936695e-001 0 -1
6.691372e-002 -7.993281e-001 
1
2
1 0 2 8 0 -1
1 4 2 4 0 2
haar_y2
-3.738128e-002 0 -1
-6.650121e-001 7.314329e-002 
1
2
5 3 3 2 0 -1
5 3 3 1 0 2
tilted_haar_x2
-3.705429e-002 0 -1
4.530640e-002 -1.815144e-001 
1
2
3 3 2 3 0 -1
3 3 1 3 0 2
tilted_haar_x2
-9.088486e-002 0 -1
-4.395141e-001 1.247618e-001 
-1.254347e+000

4
-1
