166
1
2
1 4 6 1 0 -1
3 4 2 1 0 3
haar_x3
-1.491114e-001 0 -1
2.965237e-001 -9.301837e-002 
1
2
3 1 1 3 0 -1
3 2 1 1 0 3
haar_y3
-2.068456e-002 0 -1
2.021089e-001 -1.054294e-001 
1
2
3 3 2 3 0 -1
3 4 2 1 0 3
haar_y3
-1.566504e-002 0 -1
8.030733e-002 -1.705049e-001 
1
2
3 7 3 1 0 -1
4 7 1 1 0 3
haar_x3
-9.273314e-003 0 -1
-2.890426e-001 4.175605e-002 
1
2
3 7 3 1 0 -1
4 7 1 1 0 3
haar_x3
-6.082089e-004 0 -1
1.677766e-001 -7.647281e-002 
1
2
2 3 3 1 0 -1
3 3 1 1 0 3
haar_x3
-4.243037e-002 0 -1
3.164469e-001 -4.415365e-002 
1
3
2 4 2 2 0 -1
2 4 1 1 0 2
3 5 1 1 0 2
haar_x2_y2
-9.020362e-003 0 -1
2.331514e-001 -6.413741e-002 
1
2
1 4 2 1 0 -1
2 4 1 1 0 2
haar_x2
6.053614e-003 0 -1
-5.224131e-002 2.129681e-001 
1
2
1 2 3 3 0 -1
2 3 1 1 0 9
haar_point
-3.823610e-002 0 -1
8.795799e-002 -1.554523e-001 
1
3
1 2 6 6 0 -1
1 2 3 3 0 2
4 5 3 3 0 2
haar_x2_y2
-8.497670e-002 0 -1
-1.958650e-001 5.944058e-002 
1
2
1 0 1 8 0 -1
1 4 1 4 0 2
haar_y2
1.188436e-002 0 -1
-1.900897e-001 6.406950e-002 
1
2
6 3 2 2 0 -1
6 3 2 1 0 2
tilted_haar_y2
-8.858275e-002 0 -1
-2.348623e-001 4.807948e-002 
1
2
3 4 2 3 0 -1
3 5 2 1 0 3
haar_y3
7.623337e-002 0 -1
-4.530225e-002 2.225382e-001 
1
2
3 0 3 1 0 -1
4 0 1 1 0 3
haar_x3
-1.487308e-002 0 -1
-3.393953e-001 3.072617e-002 
1
3
3 3 2 2 0 -1
3 3 1 1 0 2
4 4 1 1 0 2
haar_x2_y2
1.554832e-002 0 -1
-4.804932e-002 2.198997e-001 
1
2
0 3 3 3 0 -1
1 3 1 3 0 3
haar_x3
-3.896971e-002 0 -1
1.860971e-001 -4.956070e-002 
1
2
3 1 1 3 0 -1
2 2 1 1 0 3
tilted_haar_y3
-5.714615e-002 0 -1
-2.023905e-001 6.118716e-002 
1
2
3 1 4 3 0 -1
2 2 4 1 0 3
tilted_haar_y3
-1.686721e-001 0 -1
1.647966e-001 -6.363441e-002 
1
2
3 6 4 1 0 -1
4 6 2 1 0 2
haar_x4
-1.952756e-002 0 -1
-2.825716e-001 3.764050e-002 
1
2
4 5 4 1 0 -1
6 5 2 1 0 2
haar_x2
1.474172e-001 0 -1
-2.155300e-002 5.387446e-001 
1
2
2 0 3 2 0 -1
3 0 1 2 0 3
haar_x3
-3.055821e-002 0 -1
-4.601943e-001 2.376789e-002 
1
2
1 3 4 3 0 -1
1 4 4 1 0 3
haar_y3
-1.429990e-001 0 -1
-2.369368e-001 4.084987e-002 
1
2
7 4 1 4 0 -1
7 6 1 2 0 2
haar_y2
2.711799e-003 0 -1
-2.277903e-001 4.642764e-002 
1
2
2 0 3 2 0 -1
3 0 1 2 0 3
haar_x3
2.381899e-002 0 -1
2.471369e-002 -3.272125e-001 
1
2
2 0 4 1 0 -1
4 0 2 1 0 2
haar_x2
-8.706389e-003 0 -1
1.193736e-001 -7.937845e-002 
1
2
0 1 6 1 0 -1
3 1 3 1 0 2
haar_x2
3.694186e-002 0 -1
-5.551412e-002 1.529442e-001 
1
2
1 3 4 2 0 -1
3 3 2 2 0 2
haar_x2
2.214221e-003 0 -1
3.440246e-002 -2.444359e-001 
1
2
1 7 3 1 0 -1
2 7 1 1 0 3
haar_x3
1.274825e-002 0 -1
2.722679e-002 -3.077131e-001 
1
2
5 3 3 3 0 -1
6 3 1 3 0 3
haar_x3
-4.045071e-002 0 -1
1.995364e-001 -4.801768e-002 
1
2
6 2 2 4 0 -1
7 2 1 4 0 2
haar_x2
-1.653366e-002 0 -1
1.727364e-001 -7.076968e-002 
1
2
1 7 3 1 0 -1
2 7 1 1 0 3
haar_x3
-1.203893e-002 0 -1
-2.796152e-001 3.272148e-002 
1
2
4 3 3 3 0 -1
5 3 1 3 0 3
haar_x3
-4.426816e-002 0 -1
1.628732e-001 -5.548295e-002 
1
2
0 6 1 2 0 -1
0 7 1 1 0 2
haar_y2
6.016855e-004 0 -1
-1.345535e-001 6.271225e-002 
1
2
2 5 2 3 0 -1
2 6 2 1 0 3
haar_y3
7.839525e-002 0 -1
-3.014125e-002 2.809064e-001 
1
3
0 1 2 2 0 -1
0 1 1 1 0 2
1 2 1 1 0 2
haar_x2_y2
-1.053053e-002 0 -1
1.346767e-001 -5.993641e-002 
1
2
0 0 6 2 0 -1
2 0 2 2 0 3
haar_x3
-5.236576e-002 0 -1
1.606115e-001 -4.824888e-002 
1
2
1 1 6 6 0 -1
3 1 2 6 0 3
haar_x3
-6.419238e-001 0 -1
-5.671712e-001 1.505871e-002 
1
2
3 2 1 4 0 -1
3 3 1 2 0 2
haar_y4
-6.080364e-003 0 -1
3.718963e-002 -2.038747e-001 
1
2
3 2 3 4 0 -1
4 2 1 4 0 3
haar_x3
-5.199685e-002 0 -1
1.040240e-001 -9.490443e-002 
1
2
4 1 4 3 0 -1
5 1 2 3 0 2
haar_x4
2.860017e-002 0 -1
5.608335e-002 -1.708966e-001 
1
2
1 1 6 3 0 -1
1 2 6 1 0 3
haar_y3
-2.207023e-001 0 -1
2.303977e-001 -4.230214e-002 
1
2
4 1 3 3 0 -1
5 2 1 1 0 9
haar_point
1.316254e-001 0 -1
-3.877376e-002 2.472204e-001 
1
2
5 5 3 2 0 -1
5 6 3 1 0 2
haar_y2
7.233337e-002 0 -1
4.349021e-002 -2.015187e-001 
1
2
5 1 1 4 0 -1
5 2 1 2 0 2
haar_y4
-1.015298e-001 0 -1
-5.700689e-001 1.330553e-002 
1
2
6 3 2 3 0 -1
5 4 2 1 0 3
tilted_haar_y3
-2.378659e-001 0 -1
-7.636213e-001 8.068710e-003 
1
3
2 3 2 2 0 -1
2 3 1 1 0 2
3 4 1 1 0 2
haar_x2_y2
2.423739e-002 0 -1
-3.239829e-002 2.495993e-001 
1
2
3 1 3 1 0 -1
4 1 1 1 0 3
haar_x3
2.430365e-002 0 -1
1.880977e-002 -4.508372e-001 
1
2
1 2 6 3 0 -1
4 2 3 3 0 2
haar_x2
3.228732e-001 0 -1
-2.011123e-002 4.015489e-001 
1
2
0 0 3 1 0 -1
1 0 1 1 0 3
haar_x3
1.149940e-002 0 -1
3.128179e-002 -2.408012e-001 
1
2
0 0 3 7 0 -1
1 0 1 7 0 3
haar_x3
9.383853e-002 0 -1
-4.666902e-002 2.019179e-001 
1
2
3 1 1 3 0 -1
2 2 1 1 0 3
tilted_haar_y3
1.361895e-002 0 -1
5.149167e-002 -1.844230e-001 
1
2
4 2 3 1 0 -1
5 2 1 1 0 3
haar_x3
-6.879012e-004 0 -1
7.564698e-002 -1.045421e-001 
1
2
4 2 4 2 0 -1
6 2 2 2 0 2
haar_x2
1.079829e-001 0 -1
4.229305e-002 -1.663764e-001 
1
2
0 0 8 2 0 -1
2 0 4 2 0 2
haar_x4
-1.013947e-001 0 -1
1.919889e-001 -4.072924e-002 
1
2
0 0 2 1 0 -1
1 0 1 1 0 2
haar_x2
5.723240e-004 0 -1
-8.384946e-002 1.106931e-001 
1
2
3 0 3 3 0 -1
4 1 1 1 0 9
haar_point
8.875089e-002 0 -1
-7.891428e-002 1.155001e-001 
1
2
1 0 7 3 0 -1
1 1 7 1 0 3
haar_y3
-1.527705e-001 0 -1
2.841379e-001 -3.187243e-002 
1
2
7 0 1 4 0 -1
7 2 1 2 0 2
haar_y2
-5.042759e-002 0 -1
-1.403541e-001 5.662229e-002 
1
3
3 4 2 4 0 -1
3 4 1 2 0 2
4 6 1 2 0 2
haar_x2_y2
-1.763915e-002 0 -1
-1.854137e-001 4.248133e-002 
1
2
2 4 3 1 0 -1
3 4 1 1 0 3
haar_x3
-8.187510e-003 0 -1
8.427866e-002 -1.222163e-001 
1
2
0 3 1 4 0 -1
0 5 1 2 0 2
haar_y2
5.474552e-004 0 -1
-2.025352e-001 3.893796e-002 
1
2
4 0 3 1 0 -1
5 0 1 1 0 3
haar_x3
-1.366624e-002 0 -1
-2.542205e-001 2.877158e-002 
1
2
2 4 4 4 0 -1
2 5 4 2 0 2
haar_y4
1.009430e-001 0 -1
6.045641e-002 -1.275153e-001 
1
2
5 7 3 1 0 -1
6 7 1 1 0 3
haar_x3
1.297897e-002 0 -1
2.669651e-002 -2.725676e-001 
1
2
4 7 3 1 0 -1
5 7 1 1 0 3
haar_x3
8.240647e-003 0 -1
3.168995e-002 -2.287818e-001 
1
2
0 4 8 4 0 -1
2 4 4 4 0 2
haar_x4
1.599778e-001 0 -1
-2.075858e-002 3.837631e-001 
1
2
7 0 1 4 0 -1
7 0 1 2 0 2
tilted_haar_y2
-2.995823e-002 0 -1
-3.354689e-001 2.460543e-002 
1
2
2 1 3 4 0 -1
3 1 1 4 0 3
haar_x3
3.062409e-002 0 -1
-3.602567e-002 1.976288e-001 
1
2
3 2 2 2 0 -1
3 2 1 2 0 2
tilted_haar_x2
-5.105450e-002 0 -1
-2.068850e-001 3.726533e-002 
1
2
4 0 3 2 0 -1
5 0 1 2 0 3
haar_x3
1.385464e-002 0 -1
3.474750e-002 -1.945285e-001 
1
2
3 4 1 3 0 -1
2 5 1 1 0 3
tilted_haar_y3
-6.151255e-003 0 -1
1.242790e-001 -5.853231e-002 
1
2
1 0 3 1 0 -1
2 0 1 1 0 3
haar_x3
1.317809e-002 0 -1
2.751211e-002 -2.838138e-001 
1
2
2 0 6 1 0 -1
4 0 2 1 0 3
haar_x3
-5.414097e-002 0 -1
2.272000e-001 -3.069066e-002 
1
2
4 2 2 3 0 -1
4 2 1 3 0 2
tilted_haar_x2
1.129963e-001 0 -1
3.027220e-002 -2.389804e-001 
1
2
0 0 3 1 0 -1
1 0 1 1 0 3
haar_x3
-7.086199e-004 0 -1
8.704249e-002 -8.771615e-002 
1
2
1 5 2 2 0 -1
1 6 2 1 0 2
haar_y2
8.859473e-002 0 -1
1.147807e-002 -5.734072e-001 
1
2
5 0 3 6 0 -1
6 2 1 2 0 9
haar_point
-5.009639e-001 0 -1
-2.716996e-001 2.440155e-002 
1
2
6 0 1 4 0 -1
6 1 1 2 0 2
haar_y4
7.121247e-002 0 -1
1.989314e-002 -3.625713e-001 
1
2
5 2 3 3 0 -1
6 3 1 1 0 9
haar_point
1.313433e-002 0 -1
5.478372e-002 -1.350419e-001 
1
3
6 3 2 2 0 -1
6 3 1 1 0 2
7 4 1 1 0 2
haar_x2_y2
1.665626e-002 0 -1
-4.118991e-002 1.995091e-001 
1
2
3 5 3 2 0 -1
4 5 1 2 0 3
haar_x3
-9.795421e-002 0 -1
-9.237562e-001 7.821690e-003 
1
3
5 4 2 2 0 -1
5 4 1 1 0 2
6 5 1 1 0 2
haar_x2_y2
-2.433387e-002 0 -1
1.638408e-001 -4.186902e-002 
1
2
4 5 4 1 0 -1
6 5 2 1 0 2
haar_x2
-7.645988e-002 0 -1
-8.076290e-001 8.486564e-003 
1
2
6 0 1 8 0 -1
6 4 1 4 0 2
haar_y2
2.316183e-001 0 -1
1.297888e-002 -4.326157e-001 
1
2
4 0 4 4 0 -1
4 1 4 2 0 2
haar_y4
-2.934994e-001 0 -1
-8.585129e-001 6.158221e-003 
1
2
3 7 3 1 0 -1
4 7 1 1 0 3
haar_x3
9.028390e-003 0 -1
2.407428e-002 -2.436765e-001 
1
2
3 0 1 3 0 -1
2 1 1 1 0 3
tilted_haar_y3
2.142346e-002 0 -1
4.638663e-002 -1.375549e-001 
1
2
0 0 3 2 0 -1
0 1 3 1 0 2
haar_y2
3.795887e-002 0 -1
-5.341975e-002 1.787089e-001 
1
2
0 0 3 1 0 -1
1 0 1 1 0 3
haar_x3
-1.354138e-002 0 -1
-2.113709e-001 3.254759e-002 
1
2
1 2 2 1 0 -1
1 2 1 1 0 2
tilted_haar_x2
-6.903356e-002 0 -1
2.952924e-001 -2.282402e-002 
1
3
0 0 8 6 0 -1
0 0 4 3 0 2
4 3 4 3 0 2
haar_x2_y2
8.554842e-002 0 -1
-6.529945e-002 1.115474e-001 
1
2
4 0 1 4 0 -1
4 0 1 2 0 2
tilted_haar_y2
-2.473967e-001 0 -1
5.144175e-001 -1.492260e-002 
1
2
2 2 6 6 0 -1
5 2 3 6 0 2
haar_x2
-4.291164e-001 0 -1
4.913808e-001 -1.239736e-002 
1
2
1 1 3 4 0 -1
1 3 3 2 0 2
haar_y2
2.228082e-001 0 -1
1.317927e-002 -5.489676e-001 
1
2
2 7 3 1 0 -1
3 7 1 1 0 3
haar_x3
1.048895e-002 0 -1
2.278733e-002 -2.771446e-001 
1
2
0 7 8 1 0 -1
2 7 4 1 0 2
haar_x4
3.868988e-002 0 -1
-2.991683e-002 2.198610e-001 
1
2
4 7 3 1 0 -1
5 7 1 1 0 3
haar_x3
-6.638136e-004 0 -1
8.574229e-002 -7.700993e-002 
1
3
1 6 6 2 0 -1
1 6 3 1 0 2
4 7 3 1 0 2
haar_x2_y2
-8.096278e-002 0 -1
-5.182227e-001 1.195307e-002 
1
2
2 0 4 2 0 -1
4 0 2 2 0 2
haar_x2
3.367624e-002 0 -1
-5.132692e-002 1.296761e-001 
1
3
5 4 2 2 0 -1
5 4 1 1 0 2
6 5 1 1 0 2
haar_x2_y2
4.190945e-003 0 -1
-5.188975e-002 1.170091e-001 
1
2
2 1 6 3 0 -1
4 1 2 3 0 3
haar_x3
8.756118e-002 0 -1
2.234433e-002 -3.123321e-001 
1
2
4 6 2 1 0 -1
5 6 1 1 0 2
haar_x2
-1.214278e-002 0 -1
-3.250749e-001 1.786022e-002 
1
2
2 0 6 7 0 -1
4 0 2 7 0 3
haar_x3
1.179781e-001 0 -1
-2.685603e-002 2.453114e-001 
1
2
4 3 3 1 0 -1
5 4 1 1 0 3
tilted_haar_x3
-5.251202e-002 0 -1
1.121147e-001 -6.158462e-002 
1
2
4 5 2 1 0 -1
5 5 1 1 0 2
haar_x2
1.336269e-002 0 -1
5.130872e-002 -1.439253e-001 
1
3
6 2 2 4 0 -1
6 2 1 2 0 2
7 4 1 2 0 2
haar_x2_y2
-2.419021e-003 0 -1
7.113736e-002 -1.032257e-001 
1
2
0 0 4 5 0 -1
2 0 2 5 0 2
haar_x2
-1.904331e-003 0 -1
3.952842e-002 -1.517224e-001 
1
2
1 0 2 4 0 -1
2 0 1 4 0 2
haar_x2
-4.243277e-002 0 -1
-1.511949e-001 4.281464e-002 
1
2
0 0 8 3 0 -1
4 0 4 3 0 2
haar_x2
-1.045047e-001 0 -1
1.040938e-001 -6.121340e-002 
1
2
4 0 4 4 0 -1
4 0 2 4 0 2
tilted_haar_x2
5.684527e-001 0 -1
8.638828e-003 -7.037374e-001 
1
2
4 1 3 3 0 -1
5 2 1 1 0 9
haar_point
-3.358517e-001 0 -1
-8.000616e-001 6.090573e-003 
1
2
2 2 1 3 0 -1
2 3 1 1 0 3
haar_y3
2.841350e-002 0 -1
-2.635145e-002 2.541412e-001 
1
3
4 0 2 2 0 -1
4 0 1 1 0 2
5 1 1 1 0 2
haar_x2_y2
-1.636435e-002 0 -1
-2.726540e-001 2.600932e-002 
1
2
1 2 3 5 0 -1
2 2 1 5 0 3
haar_x3
-3.683786e-002 0 -1
1.364240e-001 -5.124832e-002 
1
2
1 3 3 3 0 -1
2 4 1 1 0 9
haar_point
-3.644235e-001 0 -1
-8.137236e-001 9.458925e-003 
1
2
5 5 1 3 0 -1
5 6 1 1 0 3
haar_y3
-7.208962e-003 0 -1
1.268357e-001 -5.316014e-002 
1
2
4 4 2 4 0 -1
4 6 2 2 0 2
haar_y2
3.216778e-002 0 -1
-2.560058e-001 2.715531e-002 
1
2
2 3 3 1 0 -1
3 3 1 1 0 3
haar_x3
-2.416094e-002 0 -1
1.233501e-001 -5.058787e-002 
1
2
2 6 4 2 0 -1
2 7 4 1 0 2
haar_y2
-8.652285e-003 0 -1
1.598812e-001 -4.032460e-002 
1
2
3 3 3 1 0 -1
4 3 1 1 0 3
haar_x3
-2.436599e-002 0 -1
1.203092e-001 -5.590646e-002 
1
2
3 0 3 6 0 -1
3 3 3 3 0 2
haar_y2
-4.875468e-001 0 -1
3.090771e-001 -2.470172e-002 
1
2
3 0 3 6 0 -1
4 0 1 6 0 3
haar_x3
3.971793e-002 0 -1
-2.638179e-002 2.241633e-001 
1
2
2 5 2 2 0 -1
3 5 1 2 0 2
haar_x2
2.271671e-002 0 -1
1.683436e-002 -3.734544e-001 
1
2
7 0 1 8 0 -1
7 4 1 4 0 2
haar_y2
-3.940348e-003 0 -1
-1.460577e-001 4.289216e-002 
1
2
6 3 2 2 0 -1
6 4 2 1 0 2
haar_y2
-5.823364e-002 0 -1
3.326829e-001 -1.991223e-002 
1
2
4 2 4 1 0 -1
6 2 2 1 0 2
haar_x2
-6.693894e-002 0 -1
-6.847081e-001 9.216283e-003 
1
3
4 3 2 2 0 -1
4 3 1 1 0 2
5 4 1 1 0 2
haar_x2_y2
1.644127e-002 0 -1
-4.571719e-002 1.286940e-001 
1
2
7 6 1 2 0 -1
7 7 1 1 0 2
haar_y2
4.498366e-002 0 -1
7.547223e-003 -7.241220e-001 
1
2
2 5 2 1 0 -1
3 5 1 1 0 2
haar_x2
-7.001184e-003 0 -1
-8.092275e-002 6.576332e-002 
1
3
0 5 2 2 0 -1
0 5 1 1 0 2
1 6 1 1 0 2
haar_x2_y2
-9.010212e-004 0 -1
8.320548e-002 -8.069317e-002 
1
2
3 4 1 4 0 -1
3 5 1 2 0 2
haar_y4
4.884325e-002 0 -1
3.148251e-002 -1.959722e-001 
1
2
2 2 1 2 0 -1
2 2 1 1 0 2
tilted_haar_y2
6.105439e-002 0 -1
1.482129e-002 -3.772515e-001 
1
2
0 4 1 3 0 -1
0 5 1 1 0 3
haar_y3
6.182365e-004 0 -1
-8.600397e-002 6.746894e-002 
1
2
0 2 3 4 0 -1
0 4 3 2 0 2
haar_y2
2.808537e-001 0 -1
1.386692e-002 -3.967376e-001 
1
2
6 3 2 1 0 -1
7 3 1 1 0 2
haar_x2
1.383449e-001 0 -1
-7.602474e-003 8.233934e-001 
1
2
4 2 4 2 0 -1
5 2 2 2 0 2
haar_x4
-5.357313e-002 0 -1
-2.154287e-001 3.084812e-002 
1
2
5 3 2 3 0 -1
6 3 1 3 0 2
haar_x2
1.824729e-001 0 -1
-1.117517e-002 5.563309e-001 
1
2
4 1 4 2 0 -1
4 1 4 1 0 2
tilted_haar_y2
1.598012e-001 0 -1
2.471055e-002 -2.586563e-001 
1
2
5 2 2 2 0 -1
6 2 1 2 0 2
haar_x2
3.902560e-002 0 -1
3.414223e-002 -1.614022e-001 
1
2
5 2 3 6 0 -1
6 2 1 6 0 3
haar_x3
4.187458e-002 0 -1
-6.210982e-002 1.091633e-001 
1
2
5 4 3 2 0 -1
6 4 1 2 0 3
haar_x3
-7.894762e-003 0 -1
1.274485e-001 -6.781868e-002 
1
2
7 4 1 2 0 -1
7 4 1 1 0 2
tilted_haar_y2
-9.411076e-002 0 -1
-7.621489e-001 8.449619e-003 
1
2
4 0 1 2 0 -1
4 1 1 1 0 2
haar_y2
2.888930e-002 0 -1
-2.960772e-002 1.908321e-001 
1
2
5 7 3 1 0 -1
6 7 1 1 0 3
haar_x3
-7.595493e-004 0 -1
8.240919e-002 -6.768104e-002 
1
2
3 7 3 1 0 -1
4 7 1 1 0 3
haar_x3
4.756467e-003 0 -1
3.950723e-002 -1.554116e-001 
1
2
2 7 6 1 0 -1
4 7 2 1 0 3
haar_x3
6.831297e-003 0 -1
-5.768532e-002 1.119492e-001 
1
2
5 7 2 1 0 -1
6 7 1 1 0 2
haar_x2
5.631057e-004 0 -1
-7.669019e-002 7.641122e-002 
1
2
3 2 3 3 0 -1
4 3 1 1 0 9
haar_point
-3.742397e-001 0 -1
-4.598811e-001 1.178973e-002 
1
2
4 0 3 2 0 -1
5 0 1 2 0 3
haar_x3
-4.575910e-002 0 -1
-4.362966e-001 1.147569e-002 
1
2
1 0 7 6 0 -1
1 3 7 3 0 2
haar_y2
4.348403e-001 0 -1
2.035264e-002 -2.607817e-001 
1
2
6 4 1 2 0 -1
6 5 1 1 0 2
haar_y2
5.878449e-002 0 -1
1.083496e-002 -4.752171e-001 
1
2
2 1 1 2 0 -1
2 1 1 1 0 2
tilted_haar_y2
5.425962e-002 0 -1
1.929450e-002 -2.690391e-001 
1
2
0 3 2 3 0 -1
1 3 1 3 0 2
haar_x2
2.893017e-002 0 -1
-4.297186e-002 1.496157e-001 
1
2
0 4 3 1 0 -1
1 4 1 1 0 3
haar_x3
-1.904755e-002 0 -1
1.502327e-001 -3.893417e-002 
1
2
4 5 2 1 0 -1
5 5 1 1 0 2
haar_x2
-2.621364e-002 0 -1
-7.337222e-001 8.592584e-003 
1
2
2 1 3 1 0 -1
3 2 1 1 0 3
tilted_haar_x3
1.326334e-001 0 -1
9.629047e-003 -4.989941e-001 
1
2
2 1 6 2 0 -1
4 1 2 2 0 3
haar_x3
-2.184493e-002 0 -1
6.891846e-002 -8.181619e-002 
1
2
6 1 1 4 0 -1
6 2 1 2 0 2
haar_y4
-1.071572e-001 0 -1
-7.736197e-001 7.499428e-003 
1
2
1 2 6 1 0 -1
3 2 2 1 0 3
haar_x3
-1.588629e-001 0 -1
-5.799568e-001 7.853677e-003 
1
2
1 1 6 3 0 -1
3 1 2 3 0 3
haar_x3
-3.887767e-001 0 -1
6.059939e-001 -1.493995e-002 
1
2
3 1 3 1 0 -1
4 1 1 1 0 3
haar_x3
-9.061314e-003 0 -1
-1.766686e-001 3.659115e-002 
1
2
3 1 3 3 0 -1
3 2 3 1 0 3
haar_y3
1.320536e-001 0 -1
-3.062307e-002 1.873321e-001 
1
2
3 1 5 3 0 -1
3 2 5 1 0 3
haar_y3
3.051705e-001 0 -1
1.400126e-002 -4.714031e-001 
1
2
0 3 2 2 0 -1
0 4 2 1 0 2
haar_y2
2.820600e-002 0 -1
-6.332371e-002 8.735152e-002 
1
2
1 5 2 1 0 -1
2 5 1 1 0 2
haar_x2
-3.990429e-003 0 -1
-8.438303e-002 7.294220e-002 
1
2
5 3 1 4 0 -1
4 4 1 2 0 2
tilted_haar_y4
9.273797e-002 0 -1
2.672734e-002 -2.640834e-001 
-8.504695e-001

17
-1
