14
1
2
3 2 8 3 0 -1
3 3 8 1 0 3
haar_y3
-1.579022e-001 0 -1
6.865022e-001 -3.564425e-001 
1
2
8 6 3 2 0 -1
9 6 1 2 0 3
haar_x3
6.096457e-003 0 -1
1.721415e-001 -3.818964e-001 
1
2
0 0 5 6 0 -1
0 2 5 2 0 3
haar_y3
-1.667405e-001 0 -1
4.466765e-001 -3.260734e-001 
1
2
8 6 3 2 0 -1
9 6 1 2 0 3
haar_x3
-1.424827e-002 0 -1
-8.521737e-001 7.259002e-002 
1
2
4 2 6 3 0 -1
4 3 6 1 0 3
haar_y3
1.125489e-001 0 -1
-2.023955e-001 8.209221e-001 
1
2
5 3 5 4 0 -1
5 4 5 2 0 2
haar_y4
1.177580e-001 0 -1
-1.150812e-001 7.597678e-001 
1
2
4 6 3 2 0 -1
5 6 1 2 0 3
haar_x3
7.786269e-003 0 -1
1.886510e-001 -6.695256e-001 
1
2
8 1 3 6 0 -1
9 1 1 6 0 3
haar_x3
-3.583281e-002 0 -1
-7.461426e-001 4.908896e-002 
1
2
0 3 4 2 0 -1
2 3 2 2 0 2
haar_x2
-1.191882e-002 0 -1
3.536285e-001 -3.296904e-001 
1
2
8 1 3 6 0 -1
9 1 1 6 0 3
haar_x3
3.215012e-002 0 -1
5.732329e-002 -6.780986e-001 
1
2
4 1 3 6 0 -1
5 1 1 6 0 3
haar_x3
-3.607385e-002 0 -1
-8.340835e-001 1.294022e-001 
1
2
7 4 1 2 0 -1
7 5 1 1 0 2
haar_y2
-9.811046e-003 0 -1
5.763076e-001 -2.191557e-001 
1
2
6 5 3 1 0 -1
7 5 1 1 0 3
haar_x3
-1.167442e-002 0 -1
-9.521307e-001 1.516764e-001 
1
2
6 5 3 2 0 -1
7 5 1 2 0 3
haar_x3
-6.291877e-004 0 -1
3.076134e-001 -3.839552e-001 
-1.223833e+000

5
-1
