104
1
2
3 4 3 2 0 -1
4 4 1 2 0 3
haar_x3
-1.860449e-002 0 -1
1.913722e-001 -2.555547e-001 
1
2
2 4 3 2 0 -1
3 4 1 2 0 3
haar_x3
-9.706174e-003 0 -1
1.456256e-001 -2.504448e-001 
1
2
4 0 1 3 0 -1
4 1 1 1 0 3
haar_y3
3.315710e-002 0 -1
-1.328344e-001 2.341108e-001 
1
2
5 6 2 2 0 -1
5 7 2 1 0 2
haar_y2
1.286320e-002 0 -1
-1.060945e-001 1.828075e-001 
1
2
3 7 3 1 0 -1
4 7 1 1 0 3
haar_x3
-1.674101e-002 0 -1
-5.973905e-001 3.533865e-002 
1
2
4 2 4 3 0 -1
6 2 2 3 0 2
haar_x2
2.683460e-002 0 -1
-2.677384e-001 5.941793e-002 
1
2
5 0 3 2 0 -1
6 0 1 2 0 3
haar_x3
-3.522634e-002 0 -1
-4.594550e-001 5.626289e-002 
1
2
2 0 6 1 0 -1
5 0 3 1 0 2
haar_x2
-2.868783e-002 0 -1
2.051025e-001 -8.920341e-002 
1
3
0 4 2 4 0 -1
0 4 1 2 0 2
1 6 1 2 0 2
haar_x2_y2
-1.302817e-002 0 -1
1.728555e-001 -1.026437e-001 
1
2
2 2 1 2 0 -1
2 2 1 1 0 2
tilted_haar_y2
4.672093e-002 0 -1
4.546351e-002 -4.303811e-001 
1
2
6 1 2 1 0 -1
7 1 1 1 0 2
haar_x2
-2.125947e-002 0 -1
-5.940775e-001 2.508239e-002 
1
2
0 0 6 1 0 -1
3 0 3 1 0 2
haar_x2
2.623816e-002 0 -1
-8.479305e-002 1.903188e-001 
1
2
0 4 3 2 0 -1
1 4 1 2 0 3
haar_x3
-8.771862e-003 0 -1
1.796757e-001 -8.556256e-002 
1
2
0 3 3 4 0 -1
1 3 1 4 0 3
haar_x3
5.171151e-002 0 -1
-9.402782e-002 1.951853e-001 
1
2
3 0 3 1 0 -1
4 0 1 1 0 3
haar_x3
1.843147e-002 0 -1
3.118039e-002 -5.366594e-001 
1
2
1 0 3 1 0 -1
2 0 1 1 0 3
haar_x3
1.697745e-002 0 -1
2.826112e-002 -4.482068e-001 
1
2
6 0 1 8 0 -1
6 4 1 4 0 2
haar_y2
-7.744788e-002 0 -1
-5.145995e-001 2.382270e-002 
1
2
2 2 3 3 0 -1
3 3 1 1 0 9
haar_point
-1.889246e-001 0 -1
1.995227e-001 -7.252579e-002 
1
2
2 0 3 1 0 -1
3 0 1 1 0 3
haar_x3
1.955508e-002 0 -1
2.705086e-002 -4.799123e-001 
1
2
0 4 4 4 0 -1
0 5 4 2 0 2
haar_y4
-1.298713e-001 0 -1
-5.515260e-001 2.021740e-002 
1
2
5 2 3 2 0 -1
6 3 1 2 0 3
tilted_haar_x3
-1.721089e-001 0 -1
2.423452e-001 -5.923668e-002 
1
2
1 0 5 4 0 -1
1 1 5 2 0 2
haar_y4
-8.585721e-002 0 -1
2.406242e-001 -6.757049e-002 
1
2
0 2 2 2 0 -1
0 3 2 1 0 2
haar_y2
-2.275714e-002 0 -1
1.579655e-001 -9.041172e-002 
1
2
5 4 3 2 0 -1
6 4 1 2 0 3
haar_x3
-1.211261e-002 0 -1
1.750434e-001 -7.642609e-002 
1
3
6 4 2 4 0 -1
6 4 1 2 0 2
7 6 1 2 0 2
haar_x2_y2
7.051701e-003 0 -1
-1.217109e-001 1.827786e-001 
1
2
5 6 3 2 0 -1
6 6 1 2 0 3
haar_x3
-3.426772e-002 0 -1
-4.079373e-001 3.097515e-002 
1
2
6 1 2 4 0 -1
7 1 1 4 0 2
haar_x2
3.116109e-001 0 -1
-1.876622e-002 8.022791e-001 
1
2
0 2 4 3 0 -1
0 3 4 1 0 3
haar_y3
-2.601624e-001 0 -1
-4.781812e-001 2.682414e-002 
1
2
2 0 5 2 0 -1
2 1 5 1 0 2
haar_y2
1.468138e-002 0 -1
-9.361251e-002 1.375440e-001 
1
2
4 6 3 2 0 -1
5 6 1 2 0 3
haar_x3
-2.810670e-002 0 -1
-3.665366e-001 3.426696e-002 
1
2
4 4 3 2 0 -1
5 4 1 2 0 3
haar_x3
-1.427006e-002 0 -1
1.484944e-001 -8.946247e-002 
1
2
3 2 3 3 0 -1
4 3 1 1 0 9
haar_point
-1.022744e-001 0 -1
1.031571e-001 -1.221237e-001 
1
2
0 3 2 2 0 -1
0 4 2 1 0 2
haar_y2
2.363576e-002 0 -1
-1.004439e-001 1.221045e-001 
1
2
1 2 6 6 0 -1
1 4 6 2 0 3
haar_y3
3.162016e-001 0 -1
3.342326e-002 -4.237648e-001 
1
2
2 1 3 3 0 -1
3 2 1 1 0 9
haar_point
-1.243151e-001 0 -1
2.078283e-001 -6.535134e-002 
1
2
7 0 1 3 0 -1
7 1 1 1 0 3
haar_y3
5.064886e-002 0 -1
3.217975e-002 -3.956855e-001 
1
2
6 0 2 1 0 -1
6 0 1 1 0 2
tilted_haar_x2
9.174263e-002 0 -1
1.123504e-002 -8.008050e-001 
1
3
0 0 8 6 0 -1
0 0 4 3 0 2
4 3 4 3 0 2
haar_x2_y2
2.035340e-001 0 -1
-6.252973e-002 1.741448e-001 
1
2
7 0 1 8 0 -1
7 2 1 4 0 2
haar_y4
-5.724115e-002 0 -1
1.082743e-001 -1.154251e-001 
1
2
2 5 1 3 0 -1
2 6 1 1 0 3
haar_y3
-4.053747e-003 0 -1
1.342725e-001 -8.419330e-002 
1
3
1 6 2 2 0 -1
1 6 1 1 0 2
2 7 1 1 0 2
haar_x2_y2
-7.359836e-004 0 -1
1.412787e-001 -1.024633e-001 
1
2
0 6 1 2 0 -1
0 7 1 1 0 2
haar_y2
2.385502e-002 0 -1
3.770052e-002 -3.103156e-001 
1
2
3 0 1 3 0 -1
3 1 1 1 0 3
haar_y3
-1.368790e-002 0 -1
2.071523e-001 -5.322800e-002 
1
2
2 0 1 2 0 -1
2 0 1 1 0 2
tilted_haar_y2
7.225451e-002 0 -1
1.734257e-002 -6.221310e-001 
1
2
0 1 8 1 0 -1
2 1 4 1 0 2
haar_x4
2.140841e-002 0 -1
-6.744959e-002 1.506464e-001 
1
2
0 0 8 2 0 -1
2 0 4 2 0 2
haar_x4
-5.184529e-002 0 -1
1.614384e-001 -8.001178e-002 
1
2
2 1 3 1 0 -1
3 1 1 1 0 3
haar_x3
-1.301144e-002 0 -1
-3.046436e-001 3.938767e-002 
1
2
1 1 3 1 0 -1
2 1 1 1 0 3
haar_x3
-2.532601e-002 0 -1
-3.978884e-001 2.339855e-002 
1
2
1 4 3 2 0 -1
2 4 1 2 0 3
haar_x3
-2.343711e-002 0 -1
1.729654e-001 -5.971153e-002 
1
2
3 1 3 3 0 -1
2 2 3 1 0 3
tilted_haar_y3
2.197801e-001 0 -1
-2.668993e-002 4.503999e-001 
1
2
2 3 3 3 0 -1
3 4 1 1 0 9
haar_point
-9.467751e-002 0 -1
1.123757e-001 -1.039839e-001 
1
2
2 6 3 1 0 -1
3 6 1 1 0 3
haar_x3
2.825779e-002 0 -1
1.359859e-002 -8.206187e-001 
1
2
3 2 3 1 0 -1
4 2 1 1 0 3
haar_x3
-1.113471e-003 0 -1
8.113120e-002 -1.255233e-001 
1
3
3 3 2 2 0 -1
3 3 1 1 0 2
4 4 1 1 0 2
haar_x2_y2
-1.801128e-002 0 -1
2.261731e-001 -5.132315e-002 
1
3
0 3 8 2 0 -1
0 3 4 1 0 2
4 4 4 1 0 2
haar_x2_y2
-1.772491e-001 0 -1
-6.757224e-001 1.581445e-002 
1
3
5 4 2 2 0 -1
5 4 1 1 0 2
6 5 1 1 0 2
haar_x2_y2
1.272475e-002 0 -1
-5.215326e-002 2.175760e-001 
1
3
5 2 2 2 0 -1
5 2 1 1 0 2
6 3 1 1 0 2
haar_x2_y2
1.214513e-002 0 -1
-6.851083e-002 1.379327e-001 
1
2
4 2 3 1 0 -1
5 2 1 1 0 3
haar_x3
-9.546247e-004 0 -1
8.808750e-002 -1.181764e-001 
1
2
5 0 2 4 0 -1
6 0 1 4 0 2
haar_x2
5.668142e-002 0 -1
4.762659e-002 -2.842655e-001 
1
2
4 0 3 3 0 -1
3 1 3 1 0 3
tilted_haar_y3
-1.181493e-001 0 -1
1.040285e-001 -1.158472e-001 
1
2
0 2 4 2 0 -1
1 2 2 2 0 2
haar_x4
1.739612e-002 0 -1
7.919686e-002 -1.564034e-001 
1
2
1 0 6 2 0 -1
3 0 2 2 0 3
haar_x3
-1.027198e-002 0 -1
1.123340e-001 -9.658560e-002 
1
2
0 1 2 3 0 -1
1 1 1 3 0 2
haar_x2
-4.058295e-002 0 -1
-2.146645e-001 5.675978e-002 
1
2
0 2 3 3 0 -1
1 2 1 3 0 3
haar_x3
-2.130008e-002 0 -1
1.667698e-001 -7.096386e-002 
1
2
2 4 3 1 0 -1
3 5 1 1 0 3
tilted_haar_x3
3.806621e-002 0 -1
5.078052e-002 -2.451866e-001 
1
2
2 7 2 1 0 -1
3 7 1 1 0 2
haar_x2
1.474398e-002 0 -1
1.911081e-002 -5.294667e-001 
1
2
0 1 1 6 0 -1
0 4 1 3 0 2
haar_y2
1.368694e-001 0 -1
2.943034e-002 -3.457909e-001 
1
2
7 4 1 2 0 -1
7 5 1 1 0 2
haar_y2
5.094710e-002 0 -1
1.988627e-002 -4.818044e-001 
1
3
6 4 2 2 0 -1
6 4 1 1 0 2
7 5 1 1 0 2
haar_x2_y2
5.188642e-003 0 -1
-8.166025e-002 1.499365e-001 
1
2
0 2 1 6 0 -1
0 5 1 3 0 2
haar_y2
2.775276e-002 0 -1
-1.734402e-001 6.217218e-002 
1
2
2 1 6 6 0 -1
5 1 3 6 0 2
haar_x2
-1.755560e-001 0 -1
2.457948e-001 -4.279017e-002 
1
2
0 4 4 1 0 -1
2 4 2 1 0 2
haar_x2
3.926645e-002 0 -1
2.855743e-002 -4.208481e-001 
1
2
6 5 1 2 0 -1
6 5 1 1 0 2
tilted_haar_y2
-6.670049e-002 0 -1
-5.006860e-001 2.159331e-002 
1
3
6 2 2 2 0 -1
6 2 1 1 0 2
7 3 1 1 0 2
haar_x2_y2
1.170665e-002 0 -1
-6.471730e-002 1.626750e-001 
1
2
6 2 1 3 0 -1
6 3 1 1 0 3
haar_y3
-9.583047e-002 0 -1
-6.134219e-001 1.867436e-002 
1
2
0 5 8 3 0 -1
2 5 4 3 0 2
haar_x4
1.823267e-001 0 -1
-1.962804e-002 5.164499e-001 
1
2
3 5 3 3 0 -1
4 5 1 3 0 3
haar_x3
2.878515e-002 0 -1
2.428018e-002 -3.920783e-001 
1
3
0 3 2 2 0 -1
0 3 1 1 0 2
1 4 1 1 0 2
haar_x2_y2
-1.452090e-002 0 -1
2.080771e-001 -4.518573e-002 
1
2
7 2 1 2 0 -1
7 3 1 1 0 2
haar_y2
1.277340e-002 0 -1
4.867662e-002 -1.904279e-001 
1
2
4 2 4 6 0 -1
4 4 4 2 0 3
haar_y3
-1.206503e-001 0 -1
-1.239859e-001 8.975698e-002 
1
2
5 1 3 4 0 -1
4 2 3 2 0 2
tilted_haar_y4
-1.586799e-001 0 -1
8.240921e-002 -1.211959e-001 
1
3
0 0 6 6 0 -1
0 0 3 3 0 2
3 3 3 3 0 2
haar_x2_y2
3.062127e-001 0 -1
-1.939196e-002 4.728976e-001 
1
2
3 0 3 2 0 -1
4 0 1 2 0 3
haar_x3
-2.644353e-002 0 -1
-3.463427e-001 2.841248e-002 
1
3
0 0 4 2 0 -1
0 0 2 1 0 2
2 1 2 1 0 2
haar_x2_y2
-2.319392e-002 0 -1
1.651917e-001 -5.404261e-002 
1
2
0 1 1 2 0 -1
0 2 1 1 0 2
haar_y2
-3.145253e-002 0 -1
-2.831745e-001 3.314858e-002 
1
2
0 6 3 1 0 -1
1 6 1 1 0 3
haar_x3
2.369751e-002 0 -1
2.464060e-002 -3.404118e-001 
1
3
1 4 2 2 0 -1
1 4 1 1 0 2
2 5 1 1 0 2
haar_x2_y2
-1.010286e-002 0 -1
1.788199e-001 -5.438848e-002 
1
3
1 5 2 2 0 -1
1 5 1 1 0 2
2 6 1 1 0 2
haar_x2_y2
-3.051819e-003 0 -1
1.365477e-001 -7.052702e-002 
1
2
5 3 3 1 0 -1
6 3 1 1 0 3
haar_x3
-8.615098e-004 0 -1
1.029970e-001 -9.011178e-002 
1
2
0 0 3 3 0 -1
1 0 1 3 0 3
haar_x3
-4.593565e-002 0 -1
-2.959282e-001 3.291984e-002 
1
2
1 3 1 2 0 -1
1 4 1 1 0 2
haar_y2
2.739436e-003 0 -1
-1.359825e-001 6.771335e-002 
1
2
0 2 6 4 0 -1
0 4 6 2 0 2
haar_y2
-2.533209e-001 0 -1
3.958070e-001 -2.849349e-002 
1
3
1 2 2 2 0 -1
1 2 1 1 0 2
2 3 1 1 0 2
haar_x2_y2
-1.767771e-002 0 -1
1.683902e-001 -5.349651e-002 
1
2
3 3 3 3 0 -1
4 4 1 1 0 9
haar_point
-4.073519e-001 0 -1
-7.140383e-001 1.242301e-002 
1
2
0 0 8 5 0 -1
2 0 4 5 0 2
haar_x4
-6.013792e-001 0 -1
2.716559e-001 -3.292618e-002 
1
2
6 1 2 3 0 -1
7 1 1 3 0 2
haar_x2
4.180599e-002 0 -1
4.964518e-002 -2.039026e-001 
1
2
2 1 6 3 0 -1
4 2 2 1 0 9
haar_point
-2.973137e-001 0 -1
1.583084e-001 -5.863877e-002 
1
2
3 6 3 2 0 -1
3 7 3 1 0 2
haar_y2
-2.219989e-002 0 -1
2.563474e-001 -3.561335e-002 
1
2
6 5 1 2 0 -1
6 5 1 1 0 2
tilted_haar_y2
-1.725713e-003 0 -1
6.113828e-002 -1.756275e-001 
1
2
1 1 6 6 0 -1
4 1 3 6 0 2
haar_x2
3.522326e-001 0 -1
-3.906377e-002 2.863258e-001 
1
2
0 0 8 2 0 -1
4 0 4 2 0 2
haar_x2
3.519447e-001 0 -1
1.604785e-002 -6.626270e-001 
1
3
6 3 2 2 0 -1
6 3 1 1 0 2
7 4 1 1 0 2
haar_x2_y2
-1.496829e-002 0 -1
1.683717e-001 -6.090555e-002 
1
3
6 3 2 2 0 -1
6 3 1 1 0 2
7 4 1 1 0 2
haar_x2_y2
1.343227e-002 0 -1
-5.413293e-002 2.219071e-001 
1
2
5 0 3 3 0 -1
6 0 1 3 0 3
haar_x3
2.081081e-002 0 -1
4.497123e-002 -2.106181e-001 
-9.432220e-001

14
-1
