6
1
2
5 0 1 4 0 -1
4 1 1 2 0 2
tilted_haar_y4
-1.462901e-001 0 -1
5.728680e-001 -7.844989e-001 
1
2
3 2 3 4 0 -1
3 4 3 2 0 2
haar_y2
3.786636e-001 0 -1
-6.515731e-001 5.024278e-001 
1
2
3 1 1 2 0 -1
3 2 1 1 0 2
haar_y2
-2.403982e-003 0 -1
3.555685e-001 -6.283749e-001 
1
2
0 0 1 6 0 -1
0 3 1 3 0 2
haar_y2
3.289334e-003 0 -1
-7.232294e-001 2.964271e-001 
1
2
4 3 2 1 0 -1
4 3 1 1 0 2
tilted_haar_x2
-2.696230e-002 0 -1
1.542581e-001 -7.252600e-001 
1
2
3 5 3 1 0 -1
4 5 1 1 0 3
haar_x3
5.692320e-002 0 -1
8.405013e-002 -9.367542e-001 
-1.565425e+000

0
-1
