10
1
2
2 2 2 4 0 -1
2 4 2 2 0 2
haar_y2
2.432985e-001 0 -1
-7.984464e-001 7.337017e-001 
1
2
4 2 2 1 0 -1
4 2 1 1 0 2
tilted_haar_x2
-4.304262e-002 0 -1
4.193951e-001 -8.045670e-001 
1
2
0 2 1 4 0 -1
0 4 1 2 0 2
haar_y2
7.598931e-003 0 -1
-6.928028e-001 2.873756e-001 
1
2
5 4 1 2 0 -1
5 5 1 1 0 2
haar_y2
1.869248e-003 0 -1
-6.678278e-001 3.216383e-001 
1
2
2 0 2 1 0 -1
2 0 1 1 0 2
tilted_haar_x2
7.372304e-003 0 -1
-6.553062e-001 3.682696e-001 
1
2
0 2 6 4 0 -1
0 3 6 2 0 2
haar_y4
7.696435e-004 0 -1
-6.738102e-001 4.650467e-001 
1
2
2 4 4 2 0 -1
2 5 4 1 0 2
haar_y2
1.062348e-003 0 -1
-8.492992e-001 3.458411e-001 
1
2
0 2 4 4 0 -1
2 2 2 4 0 2
haar_x2
-3.215082e-003 0 -1
2.968236e-001 -8.264332e-001 
1
2
3 0 2 2 0 -1
3 0 2 1 0 2
tilted_haar_y2
3.837897e-002 0 -1
-6.184196e-001 6.176297e-001 
1
2
4 0 1 6 0 -1
4 3 1 3 0 2
haar_y2
1.918261e-003 0 -1
-8.833287e-001 3.756141e-001 
-2.143024e+000

-1
-1
