61
1
2
1 2 3 3 0 -1
1 3 3 1 0 3
haar_y3
-4.724630e-001 0 -1
4.206052e-001 -4.611892e-001 
1
2
1 0 3 1 0 -1
2 0 1 1 0 3
haar_x3
8.854838e-002 0 -1
-4.893554e-001 2.871043e-001 
1
2
2 2 1 2 0 -1
2 3 1 1 0 2
haar_y2
-1.822418e-001 0 -1
2.799524e-001 -2.917603e-001 
1
2
2 0 1 2 0 -1
2 1 1 1 0 2
haar_y2
-5.086576e-002 0 -1
-5.324659e-001 1.270174e-001 
1
2
2 0 1 2 0 -1
2 1 1 1 0 2
haar_y2
8.187691e-002 0 -1
4.104691e-002 -5.734964e-001 
1
2
2 1 3 3 0 -1
3 1 1 3 0 3
haar_x3
-2.048176e-001 0 -1
3.201222e-001 -2.433629e-001 
1
3
0 0 4 4 0 -1
0 0 2 2 0 2
2 2 2 2 0 2
haar_x2_y2
-6.520957e-001 0 -1
-5.538093e-001 1.148252e-001 
1
2
2 1 3 3 0 -1
3 1 1 3 0 3
haar_x3
-9.441999e-001 0 -1
2.752664e-001 -2.365409e-002 
1
2
0 1 3 1 0 -1
1 1 1 1 0 3
haar_x3
-4.123583e-002 0 -1
1.869025e-001 -2.218662e-001 
1
3
1 1 4 4 0 -1
3 1 2 2 0 2
1 3 2 2 0 2
haar_x2_y2
-5.877222e-001 0 -1
-4.198663e-001 6.321746e-002 
1
2
1 0 1 2 0 -1
1 1 1 1 0 2
haar_y2
-3.818981e-002 0 -1
-3.835050e-001 8.959004e-002 
1
2
1 4 4 1 0 -1
2 4 2 1 0 2
haar_x4
2.099507e-001 0 -1
3.014061e-002 -5.013908e-001 
1
2
0 4 4 1 0 -1
1 4 2 1 0 2
haar_x4
1.480330e-001 0 -1
5.925794e-002 -4.691991e-001 
1
2
3 0 2 2 0 -1
3 0 1 2 0 2
tilted_haar_y2
6.697358e-001 0 -1
2.785050e-002 -5.860868e-001 
1
2
0 1 5 3 0 -1
0 2 5 1 0 3
haar_y3
-7.490330e-001 0 -1
5.052995e-001 -7.071175e-002 
1
2
4 1 1 4 0 -1
4 3 1 2 0 2
haar_y2
-4.559028e-001 0 -1
-5.427486e-001 7.947148e-002 
1
2
0 1 1 4 0 -1
0 3 1 2 0 2
haar_y2
5.043926e-002 0 -1
7.423867e-002 -3.820515e-001 
1
2
1 2 3 3 0 -1
1 3 3 1 0 3
haar_y3
-8.782845e-001 0 -1
3.474679e-001 -7.722248e-002 
1
2
2 0 2 2 0 -1
2 0 2 1 0 2
tilted_haar_y2
5.555535e-001 0 -1
5.693492e-002 -4.402215e-001 
1
2
2 0 3 4 0 -1
2 1 3 2 0 2
haar_y4
3.698964e-001 0 -1
-1.251023e-001 8.393729e-002 
1
2
0 0 3 4 0 -1
0 1 3 2 0 2
haar_y4
8.652594e-001 0 -1
4.460051e-002 -6.058122e-001 
1
3
1 3 4 2 0 -1
3 3 2 1 0 2
1 4 2 1 0 2
haar_x2_y2
4.326477e-001 0 -1
2.545490e-002 -4.746956e-001 
1
3
0 3 4 2 0 -1
0 3 2 1 0 2
2 4 2 1 0 2
haar_x2_y2
4.408056e-001 0 -1
3.328216e-002 -6.534692e-001 
1
2
0 2 5 3 0 -1
0 3 5 1 0 3
haar_y3
2.875303e-001 0 -1
-5.162407e-002 4.235365e-001 
1
2
0 2 3 3 0 -1
1 3 1 1 0 9
haar_point
-7.555032e-001 0 -1
1.907000e-001 -1.047410e-001 
1
2
4 0 1 4 0 -1
4 2 1 2 0 2
haar_y2
-3.328499e-001 0 -1
-2.906446e-001 4.807696e-002 
1
2
0 0 2 1 0 -1
1 0 1 1 0 2
haar_x2
3.565527e-003 0 -1
-1.296726e-001 1.445368e-001 
1
2
1 0 4 1 0 -1
2 0 2 1 0 2
haar_x4
-4.144657e-001 0 -1
6.509596e-001 -3.367830e-002 
1
2
2 0 1 3 0 -1
2 1 1 1 0 3
haar_y3
6.015077e-002 0 -1
1.370292e-001 -1.241205e-001 
1
3
1 0 4 4 0 -1
3 0 2 2 0 2
1 2 2 2 0 2
haar_x2_y2
-6.343933e-001 0 -1
-4.780250e-001 5.835865e-002 
1
2
0 1 5 3 0 -1
0 2 5 1 0 3
haar_y3
-2.626306e-001 0 -1
2.634853e-001 -7.414783e-002 
1
3
2 1 2 2 0 -1
3 1 1 1 0 2
2 2 1 1 0 2
haar_x2_y2
1.610245e-001 0 -1
2.907187e-002 -6.346550e-001 
1
2
1 4 2 1 0 -1
2 4 1 1 0 2
haar_x2
-5.862910e-002 0 -1
-2.058069e-001 6.953830e-002 
1
2
1 0 4 4 0 -1
1 0 2 4 0 2
haar_x2
-1.063308e+000 0 -1
-2.673641e-001 1.701706e-002 
1
2
0 0 4 1 0 -1
1 0 2 1 0 2
haar_x4
-4.344458e-001 0 -1
5.863737e-001 -2.931025e-002 
1
2
4 0 1 4 0 -1
4 2 1 2 0 2
haar_y2
-5.033216e-001 0 -1
-3.670816e-001 2.124020e-002 
1
2
0 0 1 4 0 -1
0 2 1 2 0 2
haar_y2
-3.104538e-001 0 -1
-3.283523e-001 6.303141e-002 
1
3
1 1 4 4 0 -1
3 1 2 2 0 2
1 3 2 2 0 2
haar_x2_y2
1.699055e+000 0 -1
-3.861518e-003 -9.990470e-001 
1
3
0 1 4 4 0 -1
0 1 2 2 0 2
2 3 2 2 0 2
haar_x2_y2
1.826737e-001 0 -1
4.666866e-002 -2.769128e-001 
1
2
1 2 4 1 0 -1
1 2 2 1 0 2
haar_x2
5.761068e-001 0 -1
6.980467e-003 -7.991673e-001 
1
2
0 2 4 1 0 -1
2 2 2 1 0 2
haar_x2
4.504423e-001 0 -1
1.593269e-002 -7.392452e-001 
1
2
1 0 3 1 0 -1
2 0 1 1 0 3
haar_x3
2.027857e-001 0 -1
-7.856067e-002 1.672441e-001 
1
2
1 0 3 3 0 -1
2 1 1 1 0 9
haar_point
-7.752182e-002 0 -1
2.904747e-001 -3.957335e-002 
1
2
0 1 5 3 0 -1
0 2 5 1 0 3
haar_y3
1.197331e+000 0 -1
2.474914e-002 -5.451154e-001 
1
2
2 1 2 2 0 -1
2 1 2 1 0 2
tilted_haar_y2
7.603999e-001 0 -1
-3.706443e-002 4.311863e-001 
1
2
3 0 2 3 0 -1
3 0 1 3 0 2
tilted_haar_y2
1.966122e-001 0 -1
-1.669675e-001 5.843347e-002 
1
2
1 1 2 1 0 -1
2 1 1 1 0 2
haar_x2
3.534020e-003 0 -1
-1.769083e-001 7.783666e-002 
1
3
2 1 2 2 0 -1
3 1 1 1 0 2
2 2 1 1 0 2
haar_x2_y2
-8.121824e-002 0 -1
-1.875044e-001 4.379266e-002 
1
3
0 1 4 2 0 -1
0 1 2 1 0 2
2 2 2 1 0 2
haar_x2_y2
-5.923129e-002 0 -1
-1.623326e-001 1.033556e-001 
1
2
3 0 2 3 0 -1
3 0 1 3 0 2
tilted_haar_y2
8.108881e-001 0 -1
2.858277e-002 -1.939276e-001 
1
2
2 0 3 2 0 -1
2 0 3 1 0 2
tilted_haar_y2
9.383516e-001 0 -1
2.703121e-002 -6.295650e-001 
1
2
2 4 3 1 0 -1
3 4 1 1 0 3
haar_x3
1.260338e-001 0 -1
3.184104e-002 -3.427696e-001 
1
2
0 4 4 1 0 -1
1 4 2 1 0 2
haar_x4
-4.147983e-001 0 -1
4.405917e-001 -3.295112e-002 
1
2
3 3 2 2 0 -1
3 3 1 2 0 2
haar_x2
-9.282609e-001 0 -1
5.225613e-001 -1.259281e-002 
1
2
0 3 2 2 0 -1
1 3 1 2 0 2
haar_x2
-2.644213e-001 0 -1
-2.952976e-001 5.490607e-002 
1
2
0 3 5 2 0 -1
0 4 5 1 0 2
haar_y2
1.417333e+000 0 -1
1.057194e-002 -8.803568e-001 
1
3
0 1 2 2 0 -1
0 1 1 1 0 2
1 2 1 1 0 2
haar_x2_y2
-1.595529e-001 0 -1
3.708887e-001 -3.365073e-002 
1
3
2 1 2 2 0 -1
3 1 1 1 0 2
2 2 1 1 0 2
haar_x2_y2
5.341521e-002 0 -1
5.056047e-002 -2.077740e-001 
1
2
1 0 1 3 0 -1
1 1 1 1 0 3
haar_y3
7.713822e-002 0 -1
9.232061e-002 -1.154408e-001 
1
2
3 0 1 2 0 -1
3 1 1 1 0 2
haar_y2
-6.587534e-002 0 -1
-3.907798e-001 4.279599e-002 
1
3
1 0 2 2 0 -1
1 0 1 1 0 2
2 1 1 1 0 2
haar_x2_y2
5.231889e-002 0 -1
5.569499e-002 -2.080161e-001 
-1.364946e+000

3
-1
