9
1
2
2 0 4 8 0 -1
2 4 4 4 0 2
haar_y2
-3.924197e-001 0 -1
5.821688e-001 -5.549321e-001 
1
2
2 0 4 3 0 -1
2 1 4 1 0 3
haar_y3
6.539419e-002 0 -1
2.444340e-001 -8.623997e-001 
1
2
1 0 6 8 0 -1
3 0 2 8 0 3
haar_x3
3.013563e-001 0 -1
-3.856347e-001 3.762479e-001 
1
2
2 6 5 2 0 -1
2 7 5 1 0 2
haar_y2
9.643771e-003 0 -1
-2.907807e-001 3.685701e-001 
1
2
0 3 1 3 0 -1
0 4 1 1 0 3
haar_y3
3.178648e-002 0 -1
1.313940e-001 -6.939731e-001 
1
2
7 4 1 2 0 -1
7 4 1 1 0 2
tilted_haar_x2
-3.297519e-002 0 -1
-2.898204e-001 5.395988e-002 
1
2
3 1 1 3 0 -1
2 2 1 1 0 3
tilted_haar_y3
5.525114e-002 0 -1
1.190056e-001 -7.175383e-001 
1
2
6 3 2 2 0 -1
6 3 2 1 0 2
tilted_haar_x2
2.178576e-001 0 -1
-2.370281e-002 -7.814629e-001 
1
2
0 4 8 2 0 -1
2 4 4 2 0 2
haar_x4
-9.430392e-002 0 -1
3.157728e-001 -2.056900e-001 
-1.256898e+000

6
-1
