150
1
2
5 3 3 3 0 -1
6 3 1 3 0 3
haar_x3
7.386002e-002 0 -1
-9.845684e-002 3.260551e-001 
1
2
3 0 1 3 0 -1
3 1 1 1 0 3
haar_y3
4.786177e-002 0 -1
-8.925255e-002 3.209744e-001 
1
3
0 4 2 4 0 -1
0 4 1 2 0 2
1 6 1 2 0 2
haar_x2_y2
-1.085868e-002 0 -1
1.931154e-001 -1.313468e-001 
1
3
2 4 2 2 0 -1
2 4 1 1 0 2
3 5 1 1 0 2
haar_x2_y2
3.179237e-002 0 -1
-5.109229e-002 2.994962e-001 
1
2
4 3 3 3 0 -1
5 3 1 3 0 3
haar_x3
3.426833e-002 0 -1
-7.208295e-002 1.845922e-001 
1
2
0 1 3 2 0 -1
1 1 1 2 0 3
haar_x3
1.984303e-002 0 -1
5.122305e-002 -2.574596e-001 
1
2
4 5 1 2 0 -1
4 5 1 1 0 2
tilted_haar_y2
-1.793611e-002 0 -1
1.055936e-001 -1.363052e-001 
1
3
0 2 6 6 0 -1
0 2 3 3 0 2
3 5 3 3 0 2
haar_x2_y2
-2.255229e-002 0 -1
-1.951298e-001 9.182449e-002 
1
2
1 4 3 1 0 -1
2 4 1 1 0 3
haar_x3
-1.964225e-002 0 -1
1.953593e-001 -6.974725e-002 
1
2
0 3 3 2 0 -1
1 3 1 2 0 3
haar_x3
-2.463631e-002 0 -1
1.902644e-001 -7.832390e-002 
1
2
0 1 2 3 0 -1
1 1 1 3 0 2
haar_x2
-2.806042e-002 0 -1
-2.012957e-001 1.054203e-001 
1
2
1 0 3 3 0 -1
2 0 1 3 0 3
haar_x3
1.577578e-002 0 -1
6.122097e-002 -2.217427e-001 
1
2
3 1 3 7 0 -1
4 1 1 7 0 3
haar_x3
-2.245167e-001 0 -1
-8.602588e-001 -3.167511e-004 
1
2
3 3 3 2 0 -1
4 4 1 2 0 3
tilted_haar_x3
-2.143605e-001 0 -1
-7.017073e-001 1.621301e-002 
1
2
1 0 6 1 0 -1
1 0 3 1 0 2
tilted_haar_x2
-7.249922e-002 0 -1
-2.136944e-001 5.452866e-002 
1
2
1 2 1 4 0 -1
1 4 1 2 0 2
haar_y2
1.379145e-002 0 -1
-1.630653e-001 9.015460e-002 
1
2
5 6 3 1 0 -1
6 6 1 1 0 3
haar_x3
1.033708e-002 0 -1
4.480887e-002 -2.252787e-001 
1
2
3 0 3 1 0 -1
4 0 1 1 0 3
haar_x3
2.229341e-002 0 -1
1.617467e-002 -5.422405e-001 
1
2
0 0 8 1 0 -1
2 0 4 1 0 2
haar_x4
4.275864e-002 0 -1
-4.781788e-002 2.172986e-001 
1
2
2 0 3 2 0 -1
3 0 1 2 0 3
haar_x3
1.274124e-002 0 -1
4.662619e-002 -1.977182e-001 
1
2
2 0 5 2 0 -1
2 1 5 1 0 2
haar_y2
2.425290e-002 0 -1
-7.053696e-002 1.261725e-001 
1
2
4 0 4 2 0 -1
4 1 4 1 0 2
haar_y2
-4.952515e-002 0 -1
1.943897e-001 -7.554521e-002 
1
2
7 5 1 2 0 -1
7 5 1 1 0 2
tilted_haar_y2
-4.901063e-002 0 -1
-3.100505e-001 2.934829e-002 
1
2
6 5 2 1 0 -1
6 5 1 1 0 2
tilted_haar_x2
-1.088983e-002 0 -1
6.817909e-002 -1.441830e-001 
1
2
5 5 2 1 0 -1
6 5 1 1 0 2
haar_x2
-1.056168e-003 0 -1
1.488716e-001 -7.656004e-002 
1
3
6 4 2 2 0 -1
6 4 1 1 0 2
7 5 1 1 0 2
haar_x2_y2
1.029698e-002 0 -1
-6.110715e-002 1.655594e-001 
1
2
7 2 1 6 0 -1
7 5 1 3 0 2
haar_y2
1.421593e-001 0 -1
4.766346e-002 -2.401722e-001 
1
2
5 3 3 2 0 -1
6 3 1 2 0 3
haar_x3
-3.558884e-002 0 -1
2.109452e-001 -5.200981e-002 
1
2
5 1 3 3 0 -1
6 2 1 3 0 3
tilted_haar_x3
-1.653099e-001 0 -1
1.028242e-001 -1.015995e-001 
1
2
3 3 3 1 0 -1
4 3 1 1 0 3
haar_x3
4.689278e-002 0 -1
-2.472564e-002 4.155630e-001 
1
2
2 1 1 2 0 -1
2 1 1 1 0 2
tilted_haar_y2
5.069756e-002 0 -1
3.203381e-002 -3.069263e-001 
1
2
1 5 2 1 0 -1
2 5 1 1 0 2
haar_x2
1.602422e-003 0 -1
-7.080600e-002 1.245834e-001 
1
2
0 5 1 2 0 -1
0 6 1 1 0 2
haar_y2
4.313312e-002 0 -1
2.004754e-002 -4.716699e-001 
1
3
4 1 4 6 0 -1
4 1 2 3 0 2
6 4 2 3 0 2
haar_x2_y2
-1.106615e-001 0 -1
-2.597897e-001 3.253123e-002 
1
2
5 2 2 3 0 -1
4 3 2 1 0 3
tilted_haar_y3
-2.891940e-001 0 -1
-5.983635e-001 1.387269e-002 
1
2
6 0 2 1 0 -1
6 0 1 1 0 2
tilted_haar_x2
5.646393e-002 0 -1
3.043327e-002 -2.668072e-001 
1
2
3 1 3 3 0 -1
4 2 1 1 0 9
haar_point
-9.000032e-002 0 -1
1.406182e-001 -6.994431e-002 
1
2
1 1 7 3 0 -1
1 2 7 1 0 3
haar_y3
8.892936e-002 0 -1
-7.638108e-002 1.790810e-001 
1
2
1 3 6 3 0 -1
1 4 6 1 0 3
haar_y3
-1.971201e-001 0 -1
-2.537152e-001 4.047565e-002 
1
2
7 6 1 2 0 -1
7 7 1 1 0 2
haar_y2
1.872818e-003 0 -1
-1.325367e-001 6.869356e-002 
1
2
3 5 3 3 0 -1
3 6 3 1 0 3
haar_y3
7.921355e-002 0 -1
-4.956504e-002 1.947637e-001 
1
2
3 6 3 1 0 -1
4 6 1 1 0 3
haar_x3
1.943024e-002 0 -1
1.647502e-002 -5.697554e-001 
1
3
2 0 2 2 0 -1
2 0 1 1 0 2
3 1 1 1 0 2
haar_x2_y2
2.168844e-002 0 -1
1.814664e-002 -3.801441e-001 
1
3
5 3 2 2 0 -1
5 3 1 1 0 2
6 4 1 1 0 2
haar_x2_y2
-2.331416e-002 0 -1
2.339045e-001 -3.631633e-002 
1
3
5 3 2 2 0 -1
5 3 1 1 0 2
6 4 1 1 0 2
haar_x2_y2
1.197217e-002 0 -1
-6.447271e-002 1.482290e-001 
1
2
0 1 4 1 0 -1
1 1 2 1 0 2
haar_x4
-6.966284e-003 0 -1
1.230598e-001 -6.808900e-002 
1
2
1 1 6 2 0 -1
1 2 6 1 0 2
haar_y2
-4.412881e-002 0 -1
7.109766e-002 -1.299385e-001 
1
2
4 7 2 1 0 -1
5 7 1 1 0 2
haar_x2
1.580158e-002 0 -1
1.955239e-002 -4.309649e-001 
1
2
5 3 3 2 0 -1
6 4 1 2 0 3
tilted_haar_x3
-1.727167e-001 0 -1
4.385595e-001 -2.177576e-002 
1
2
2 2 4 6 0 -1
4 2 2 6 0 2
haar_x2
3.594084e-001 0 -1
-1.275499e-002 6.573821e-001 
1
2
4 3 4 1 0 -1
6 3 2 1 0 2
haar_x2
1.011676e-003 0 -1
-2.083038e-001 4.655835e-002 
1
2
4 2 4 2 0 -1
6 2 2 2 0 2
haar_x2
9.724911e-002 0 -1
6.467356e-002 -1.840394e-001 
1
2
6 0 2 6 0 -1
7 0 1 6 0 2
haar_x2
2.510917e-001 0 -1
-1.811247e-002 5.538893e-001 
1
3
3 5 2 2 0 -1
3 5 1 1 0 2
4 6 1 1 0 2
haar_x2_y2
-1.430520e-002 0 -1
-2.822192e-001 3.191333e-002 
1
2
0 0 1 8 0 -1
0 2 1 4 0 2
haar_y4
1.481441e-001 0 -1
-1.433039e-002 6.251860e-001 
1
2
0 2 1 6 0 -1
0 5 1 3 0 2
haar_y2
2.673721e-002 0 -1
-1.792031e-001 5.776570e-002 
1
3
4 2 2 2 0 -1
4 2 1 1 0 2
5 3 1 1 0 2
haar_x2_y2
1.777379e-002 0 -1
-6.075442e-002 1.435139e-001 
1
2
3 1 1 2 0 -1
3 1 1 1 0 2
tilted_haar_y2
7.897084e-002 0 -1
1.374902e-002 -6.069006e-001 
1
2
4 0 3 1 0 -1
5 0 1 1 0 3
haar_x3
7.549410e-003 0 -1
3.746312e-002 -2.135337e-001 
1
2
3 7 2 1 0 -1
4 7 1 1 0 2
haar_x2
1.859047e-002 0 -1
9.400704e-003 -7.407057e-001 
1
2
2 3 3 3 0 -1
3 4 1 1 0 9
haar_point
-1.540535e-001 0 -1
1.355202e-001 -5.938787e-002 
1
2
4 3 3 1 0 -1
5 3 1 1 0 3
haar_x3
-9.983649e-003 0 -1
1.166117e-001 -6.837038e-002 
1
2
2 1 4 2 0 -1
3 1 2 2 0 2
haar_x4
-4.170363e-003 0 -1
8.733048e-002 -1.023623e-001 
1
2
2 0 4 2 0 -1
2 0 4 1 0 2
tilted_haar_y2
1.330060e-001 0 -1
-2.173653e-002 3.713757e-001 
1
2
3 2 3 3 0 -1
4 3 1 1 0 9
haar_point
-1.376152e-001 0 -1
1.018535e-001 -7.719175e-002 
1
2
4 1 3 2 0 -1
5 1 1 2 0 3
haar_x3
1.855087e-002 0 -1
3.495383e-002 -2.159604e-001 
1
2
4 0 3 5 0 -1
5 0 1 5 0 3
haar_x3
3.087251e-002 0 -1
-5.270900e-002 1.438406e-001 
1
2
0 4 8 3 0 -1
0 5 8 1 0 3
haar_y3
-2.742024e-001 0 -1
-8.455482e-001 9.003635e-003 
1
2
4 1 4 4 0 -1
4 3 4 2 0 2
haar_y2
3.111191e-001 0 -1
7.103373e-003 -7.230788e-001 
1
2
0 2 7 2 0 -1
0 3 7 1 0 2
haar_y2
4.543935e-002 0 -1
-5.038821e-002 1.879891e-001 
1
2
1 1 6 1 0 -1
3 3 2 1 0 3
tilted_haar_x3
-4.935768e-002 0 -1
4.316070e-002 -1.761453e-001 
1
2
1 4 4 1 0 -1
2 4 2 1 0 2
haar_x4
3.692092e-002 0 -1
-3.689440e-002 2.490354e-001 
1
2
5 1 3 2 0 -1
6 2 1 2 0 3
tilted_haar_x3
-3.104457e-001 0 -1
-6.271455e-001 1.191379e-002 
1
2
1 5 4 3 0 -1
1 6 4 1 0 3
haar_y3
-4.253337e-002 0 -1
1.675971e-001 -4.278225e-002 
1
2
6 2 2 1 0 -1
6 2 1 1 0 2
tilted_haar_x2
-1.260506e-001 0 -1
4.833629e-001 -1.336136e-002 
1
2
5 0 2 3 0 -1
6 0 1 3 0 2
haar_x2
3.903556e-002 0 -1
2.841647e-002 -2.745749e-001 
1
2
6 5 1 3 0 -1
6 6 1 1 0 3
haar_y3
-4.528653e-002 0 -1
-4.258927e-001 1.495429e-002 
1
2
2 5 3 3 0 -1
3 5 1 3 0 3
haar_x3
-7.383982e-004 0 -1
6.292778e-002 -1.118894e-001 
1
2
2 6 3 2 0 -1
3 6 1 2 0 3
haar_x3
-1.632775e-002 0 -1
-1.855722e-001 3.575088e-002 
1
2
3 0 2 1 0 -1
3 0 1 1 0 2
tilted_haar_x2
-2.131729e-002 0 -1
1.982346e-001 -3.425241e-002 
1
2
1 0 6 2 0 -1
4 0 3 2 0 2
haar_x2
-6.364974e-002 0 -1
1.190826e-001 -5.685181e-002 
1
2
1 0 6 2 0 -1
4 0 3 2 0 2
haar_x2
3.377654e-002 0 -1
-7.709260e-002 1.363507e-001 
1
2
3 0 3 1 0 -1
4 0 1 1 0 3
haar_x3
1.240763e-002 0 -1
2.487674e-002 -2.686580e-001 
1
2
4 0 4 1 0 -1
6 0 2 1 0 2
haar_x2
-1.037364e-002 0 -1
1.307459e-001 -6.888584e-002 
1
2
4 0 4 2 0 -1
6 0 2 2 0 2
haar_x2
8.162222e-003 0 -1
-7.451697e-002 9.320465e-002 
1
2
5 1 3 1 0 -1
6 1 1 1 0 3
haar_x3
-1.453272e-003 0 -1
8.570500e-002 -8.372730e-002 
1
2
5 1 3 1 0 -1
6 1 1 1 0 3
haar_x3
-7.815288e-003 0 -1
-1.482398e-001 5.291191e-002 
1
2
1 0 6 1 0 -1
1 0 3 1 0 2
tilted_haar_x2
-1.696202e-001 0 -1
-3.524544e-001 1.842432e-002 
1
2
2 2 6 6 0 -1
2 4 6 2 0 3
haar_y3
-2.736949e-001 0 -1
-1.182254e-001 6.193128e-002 
1
2
4 0 4 4 0 -1
4 0 4 2 0 2
tilted_haar_y2
-6.575836e-001 0 -1
-4.552072e-001 1.684886e-002 
1
2
3 0 3 6 0 -1
3 3 3 3 0 2
haar_y2
-5.348049e-001 0 -1
4.358619e-001 -1.782279e-002 
1
3
5 2 2 2 0 -1
5 2 1 1 0 2
6 3 1 1 0 2
haar_x2_y2
-8.145370e-003 0 -1
1.550164e-001 -4.522216e-002 
1
2
5 2 3 2 0 -1
6 3 1 2 0 3
tilted_haar_x3
-8.440870e-002 0 -1
8.809076e-002 -8.261114e-002 
1
3
2 5 2 2 0 -1
2 5 1 1 0 2
3 6 1 1 0 2
haar_x2_y2
-5.694797e-004 0 -1
1.300587e-001 -5.955403e-002 
1
2
0 3 6 1 0 -1
3 3 3 1 0 2
haar_x2
-2.365023e-001 0 -1
5.639175e-001 -1.341277e-002 
1
2
5 1 2 3 0 -1
4 2 2 1 0 3
tilted_haar_y3
-2.739411e-001 0 -1
-4.289785e-001 1.879112e-002 
1
2
0 6 8 1 0 -1
2 6 4 1 0 2
haar_x4
1.091876e-002 0 -1
-5.930904e-002 1.288196e-001 
1
2
1 6 6 2 0 -1
3 6 2 2 0 3
haar_x3
-6.136336e-003 0 -1
8.084365e-002 -9.947155e-002 
1
2
2 6 4 1 0 -1
3 6 2 1 0 2
haar_x4
-1.229975e-002 0 -1
-1.625351e-001 4.804698e-002 
1
2
6 2 2 2 0 -1
6 2 2 1 0 2
tilted_haar_y2
-6.200249e-002 0 -1
-2.495948e-001 3.186525e-002 
1
2
3 0 3 5 0 -1
4 0 1 5 0 3
haar_x3
3.069345e-002 0 -1
-3.579701e-002 2.337785e-001 
1
2
2 1 4 2 0 -1
3 1 2 2 0 2
haar_x4
3.231850e-002 0 -1
2.934814e-002 -3.132457e-001 
1
2
3 2 3 2 0 -1
4 3 1 2 0 3
tilted_haar_x3
-2.431721e-001 0 -1
-4.942637e-001 1.335369e-002 
1
3
2 2 2 2 0 -1
2 2 1 1 0 2
3 3 1 1 0 2
haar_x2_y2
-1.685514e-002 0 -1
1.344394e-001 -5.573582e-002 
1
2
4 3 3 3 0 -1
5 4 1 1 0 9
haar_point
-3.819202e-001 0 -1
-7.773030e-001 9.801157e-003 
1
2
1 0 6 8 0 -1
1 2 6 4 0 2
haar_y4
2.341688e-001 0 -1
7.783266e-003 -6.992199e-001 
1
2
3 3 2 2 0 -1
3 3 2 1 0 2
tilted_haar_y2
-2.164028e-001 0 -1
3.702902e-001 -2.071727e-002 
1
3
0 6 8 2 0 -1
0 6 4 1 0 2
4 7 4 1 0 2
haar_x2_y2
-1.556830e-001 0 -1
-8.662958e-001 8.480008e-003 
1
2
0 6 1 2 0 -1
0 7 1 1 0 2
haar_y2
1.650160e-003 0 -1
-1.133117e-001 5.809968e-002 
1
2
2 5 2 1 0 -1
2 5 1 1 0 2
tilted_haar_x2
-3.349953e-002 0 -1
-1.695023e-001 4.156820e-002 
1
2
0 7 4 1 0 -1
2 7 2 1 0 2
haar_x2
3.981646e-003 0 -1
-7.141891e-002 1.179817e-001 
1
2
3 3 2 3 0 -1
2 4 2 1 0 3
tilted_haar_y3
-1.278341e-002 0 -1
1.480025e-001 -5.035748e-002 
1
2
1 0 5 8 0 -1
1 4 5 4 0 2
haar_y2
-5.355998e-001 0 -1
-7.280321e-001 1.138653e-002 
1
2
1 0 3 2 0 -1
2 0 1 2 0 3
haar_x3
-2.149226e-002 0 -1
-2.163553e-001 2.981662e-002 
1
2
3 2 2 3 0 -1
3 2 1 3 0 2
tilted_haar_x2
-1.552662e-001 0 -1
-4.396317e-001 1.419805e-002 
1
2
5 2 1 2 0 -1
5 2 1 1 0 2
tilted_haar_y2
-9.945865e-002 0 -1
5.359709e-001 -1.392819e-002 
1
2
3 0 1 3 0 -1
2 1 1 1 0 3
tilted_haar_y3
-4.485730e-002 0 -1
-1.875437e-001 3.872012e-002 
1
3
0 2 2 6 0 -1
0 2 1 3 0 2
1 5 1 3 0 2
haar_x2_y2
1.201891e-001 0 -1
-1.619045e-002 4.552394e-001 
1
2
7 2 1 2 0 -1
7 3 1 1 0 2
haar_y2
-4.142361e-002 0 -1
-2.731075e-001 2.458994e-002 
1
2
0 0 3 1 0 -1
1 0 1 1 0 3
haar_x3
3.626453e-002 0 -1
9.649530e-003 -5.949169e-001 
1
3
6 0 2 6 0 -1
6 0 1 3 0 2
7 3 1 3 0 2
haar_x2_y2
1.419484e-002 0 -1
6.319585e-002 -1.013944e-001 
1
2
5 4 3 1 0 -1
6 4 1 1 0 3
haar_x3
-1.039117e-002 0 -1
1.484642e-001 -6.207960e-002 
1
2
2 1 2 1 0 -1
3 1 1 1 0 2
haar_x2
2.200485e-003 0 -1
-6.720615e-002 9.974071e-002 
1
2
5 1 1 2 0 -1
5 1 1 1 0 2
tilted_haar_y2
9.842217e-002 0 -1
1.603433e-002 -4.501757e-001 
1
2
0 6 2 1 0 -1
1 6 1 1 0 2
haar_x2
1.805256e-002 0 -1
1.758719e-002 -3.382683e-001 
1
2
0 5 8 3 0 -1
2 5 4 3 0 2
haar_x4
1.593536e-001 0 -1
-1.912004e-002 3.769260e-001 
1
2
6 6 2 1 0 -1
7 6 1 1 0 2
haar_x2
-1.879478e-002 0 -1
-4.077685e-001 2.041427e-002 
1
2
2 4 2 3 0 -1
3 4 1 3 0 2
haar_x2
7.403255e-003 0 -1
3.286964e-002 -2.217539e-001 
1
2
0 3 8 1 0 -1
2 3 4 1 0 2
haar_x4
1.707280e-002 0 -1
2.219364e-002 -2.990228e-001 
1
2
5 1 3 3 0 -1
6 2 1 3 0 3
tilted_haar_x3
9.577221e-002 0 -1
-1.779784e-002 4.593300e-001 
1
2
5 3 3 2 0 -1
5 4 3 1 0 2
haar_y2
1.030130e-002 0 -1
-1.214659e-001 5.695201e-002 
1
2
6 0 1 8 0 -1
6 4 1 4 0 2
haar_y2
1.843792e-001 0 -1
3.239204e-002 -2.461054e-001 
1
2
5 1 1 4 0 -1
5 2 1 2 0 2
haar_y4
-8.477096e-002 0 -1
-3.519622e-001 1.871365e-002 
1
2
4 1 3 3 0 -1
3 2 3 1 0 3
tilted_haar_y3
-3.951616e-001 0 -1
-7.386994e-001 8.076083e-003 
1
3
4 3 2 2 0 -1
4 3 1 1 0 2
5 4 1 1 0 2
haar_x2_y2
2.149482e-002 0 -1
-4.381806e-002 1.688993e-001 
1
2
0 0 5 3 0 -1
0 1 5 1 0 3
haar_y3
5.576677e-002 0 -1
-8.115374e-002 8.008416e-002 
1
3
0 1 4 2 0 -1
0 1 2 1 0 2
2 2 2 1 0 2
haar_x2_y2
2.150737e-002 0 -1
-3.983869e-002 2.148892e-001 
1
2
4 4 3 4 0 -1
5 4 1 4 0 3
haar_x3
-7.250129e-003 0 -1
8.342133e-002 -7.336657e-002 
1
2
4 3 2 1 0 -1
5 3 1 1 0 2
haar_x2
1.143380e-003 0 -1
-1.361984e-001 6.511307e-002 
1
2
4 4 4 1 0 -1
6 4 2 1 0 2
haar_x2
6.845489e-002 0 -1
5.648996e-002 -1.402711e-001 
1
2
4 3 3 1 0 -1
5 4 1 1 0 3
tilted_haar_x3
-2.838922e-002 0 -1
8.874686e-002 -9.875822e-002 
1
2
4 2 2 2 0 -1
4 2 1 2 0 2
tilted_haar_x2
7.735874e-002 0 -1
3.953303e-002 -1.754369e-001 
1
2
0 0 3 3 0 -1
1 1 1 1 0 9
haar_point
-3.490744e-002 0 -1
1.261569e-001 -4.856905e-002 
1
2
5 1 2 1 0 -1
6 1 1 1 0 2
haar_x2
-1.213626e-003 0 -1
9.262700e-002 -7.492683e-002 
1
2
4 1 3 1 0 -1
5 1 1 1 0 3
haar_x3
1.580343e-002 0 -1
2.466743e-002 -3.085184e-001 
1
2
7 2 1 6 0 -1
7 5 1 3 0 2
haar_y2
-1.730083e-001 0 -1
8.451048e-001 -9.384422e-003 
1
2
7 3 1 4 0 -1
7 3 1 2 0 2
tilted_haar_y2
-1.888881e-001 0 -1
-2.297133e-001 2.989604e-002 
1
2
4 5 2 1 0 -1
5 5 1 1 0 2
haar_x2
1.584903e-002 0 -1
4.527635e-002 -1.465814e-001 
1
2
5 2 3 2 0 -1
6 3 1 2 0 3
tilted_haar_x3
-1.772100e-001 0 -1
1.855631e-001 -4.129092e-002 
1
3
5 5 2 2 0 -1
5 5 1 1 0 2
6 6 1 1 0 2
haar_x2_y2
1.643262e-003 0 -1
-6.816183e-002 1.175797e-001 
-8.802613e-001

16
-1
