30
1
2
3 2 2 6 0 -1
3 5 2 3 0 2
haar_y2
2.298072e-001 0 -1
-4.931834e-001 4.653018e-001 
1
2
4 2 3 3 0 -1
3 3 3 1 0 3
tilted_haar_x3
-1.025409e-001 0 -1
2.602705e-001 -1.037419e-001 
1
3
0 0 6 4 0 -1
0 0 3 2 0 2
3 2 3 2 0 2
haar_x2_y2
-8.255644e-002 0 -1
3.026360e-001 -3.234061e-001 
1
2
3 6 3 2 0 -1
4 6 1 2 0 3
haar_x3
-3.118645e-002 0 -1
-6.823605e-001 9.700139e-002 
1
2
2 4 4 4 0 -1
3 4 2 4 0 2
haar_x4
-1.950973e-002 0 -1
2.153362e-001 -3.394493e-001 
1
2
7 6 1 2 0 -1
7 7 1 1 0 2
haar_y2
1.197768e-003 0 -1
-3.838723e-001 1.669494e-001 
1
2
1 0 3 2 0 -1
2 0 1 2 0 3
haar_x3
1.846221e-002 0 -1
1.217851e-001 -6.188383e-001 
1
2
5 1 2 1 0 -1
5 1 1 1 0 2
tilted_haar_y2
9.514987e-003 0 -1
-2.345498e-001 1.488013e-001 
1
2
1 0 3 3 0 -1
2 0 1 3 0 3
haar_x3
-3.993417e-002 0 -1
-5.785804e-001 1.047298e-001 
1
2
7 6 1 2 0 -1
7 7 1 1 0 2
haar_y2
4.157126e-002 0 -1
2.356162e-002 -7.401887e-001 
1
2
0 6 1 2 0 -1
0 7 1 1 0 2
haar_y2
9.289343e-004 0 -1
-3.114515e-001 1.872556e-001 
1
3
5 4 2 2 0 -1
6 4 1 1 0 2
5 5 1 1 0 2
haar_x2_y2
-8.337102e-003 0 -1
2.915569e-001 -7.874351e-002 
1
3
1 4 2 2 0 -1
1 4 1 1 0 2
2 5 1 1 0 2
haar_x2_y2
-6.221256e-003 0 -1
3.363782e-001 -1.313311e-001 
1
2
4 6 2 2 0 -1
4 6 1 2 0 2
haar_x2
2.228624e-002 0 -1
6.883048e-002 -8.125672e-001 
1
2
3 0 1 3 0 -1
2 1 1 1 0 3
tilted_haar_y3
3.153543e-002 0 -1
6.630734e-002 -5.469989e-001 
1
2
4 6 2 2 0 -1
4 6 1 2 0 2
haar_x2
-2.083099e-002 0 -1
-2.883130e-001 4.693544e-002 
1
2
2 1 1 2 0 -1
2 1 1 1 0 2
tilted_haar_y2
-4.292345e-002 0 -1
-4.381289e-001 9.951780e-002 
1
2
6 5 1 2 0 -1
6 5 1 1 0 2
tilted_haar_x2
-3.868618e-002 0 -1
-1.872312e-001 4.631152e-002 
1
3
0 6 2 2 0 -1
0 6 1 1 0 2
1 7 1 1 0 2
haar_x2_y2
6.857009e-004 0 -1
-1.929239e-001 2.080806e-001 
1
2
4 1 3 3 0 -1
5 2 1 3 0 3
tilted_haar_y3
9.637275e-002 0 -1
-4.281786e-002 5.085448e-001 
1
2
4 1 3 3 0 -1
3 2 3 1 0 3
tilted_haar_y3
-1.427518e-001 0 -1
2.358475e-001 -1.856479e-001 
1
2
4 0 2 2 0 -1
4 0 1 2 0 2
haar_x2
-7.704708e-004 0 -1
1.775349e-001 -2.414093e-001 
1
2
1 4 3 1 0 -1
2 4 1 1 0 3
haar_x3
-1.067052e-002 0 -1
3.266067e-001 -1.442581e-001 
1
3
2 3 6 4 0 -1
5 3 3 2 0 2
2 5 3 2 0 2
haar_x2_y2
-1.677488e-002 0 -1
1.363305e-001 -7.383949e-002 
1
3
0 3 6 4 0 -1
0 3 3 2 0 2
3 5 3 2 0 2
haar_x2_y2
1.002014e-002 0 -1
-3.334080e-001 1.432107e-001 
1
2
4 7 3 1 0 -1
5 7 1 1 0 3
haar_x3
9.528317e-003 0 -1
9.298802e-002 -5.428398e-001 
1
2
2 5 2 1 0 -1
2 5 1 1 0 2
tilted_haar_x2
-5.566086e-002 0 -1
-7.682164e-001 4.532583e-002 
1
2
5 3 3 3 0 -1
6 3 1 3 0 3
haar_x3
7.689509e-002 0 -1
-8.044853e-002 3.010516e-001 
1
2
0 2 3 3 0 -1
1 3 1 1 0 9
haar_point
-4.371837e-002 0 -1
2.181343e-001 -1.937938e-001 
1
2
5 7 3 1 0 -1
6 7 1 1 0 3
haar_x3
1.002812e-002 0 -1
1.145297e-001 -4.415968e-001 
-1.507106e+000

7
-1
