21
1
3
0 6 4 4 0 -1
0 6 2 2 0 2
2 8 2 2 0 2
haar_x2_y2
1.571990e-002 0 -1
-5.122246e-001 3.313735e-001 
1
2
2 0 6 3 0 -1
4 1 2 1 0 9
haar_point
4.084848e-002 0 -1
-6.688284e-001 1.794305e-001 
1
2
0 2 10 6 0 -1
0 5 10 3 0 2
haar_y2
-4.586855e-001 0 -1
2.465815e-001 -5.725600e-001 
1
2
3 5 4 2 0 -1
4 5 2 2 0 2
haar_x4
6.827512e-003 0 -1
-3.982168e-001 2.467235e-001 
1
3
0 0 8 10 0 -1
0 0 4 5 0 2
4 5 4 5 0 2
haar_x2_y2
2.219009e-002 0 -1
1.182517e-001 -7.161718e-001 
1
2
4 0 2 4 0 -1
4 1 2 2 0 2
haar_y4
8.028422e-003 0 -1
1.345754e-001 -6.188707e-001 
1
3
0 0 10 10 0 -1
0 0 5 5 0 2
5 5 5 5 0 2
haar_x2_y2
-1.766502e-001 0 -1
-6.905465e-001 1.044066e-001 
1
2
8 1 2 9 0 -1
8 1 1 9 0 2
haar_x2
-1.183153e-002 0 -1
1.476677e-001 -3.652703e-001 
1
2
2 0 1 2 0 -1
2 0 1 1 0 2
tilted_haar_y2
-5.084593e-004 0 -1
1.436318e-001 -5.636438e-001 
1
2
6 0 3 4 0 -1
7 1 1 4 0 3
tilted_haar_y3
-1.786707e-002 0 -1
-6.627771e-001 4.090936e-002 
1
2
4 0 4 3 0 -1
3 1 4 1 0 3
tilted_haar_y3
-7.702591e-003 0 -1
-8.723691e-001 8.133496e-002 
1
3
8 0 2 4 0 -1
9 0 1 2 0 2
8 2 1 2 0 2
haar_x2_y2
-4.518392e-003 0 -1
2.207578e-001 -2.647673e-001 
1
2
4 0 1 3 0 -1
3 1 1 1 0 3
tilted_haar_y3
1.380992e-002 0 -1
1.103533e-001 -6.997548e-001 
1
2
6 0 3 1 0 -1
7 1 1 1 0 3
tilted_haar_y3
8.766389e-003 0 -1
8.537297e-002 -4.594768e-001 
1
2
4 1 2 3 0 -1
4 2 2 1 0 3
haar_y3
-1.684043e-002 0 -1
-7.393525e-001 9.696373e-002 
1
2
7 0 3 10 0 -1
7 5 3 5 0 2
haar_y2
-2.848881e-001 0 -1
-4.500262e-001 1.132580e-001 
1
3
4 2 2 6 0 -1
4 2 1 3 0 2
5 5 1 3 0 2
haar_x2_y2
1.821538e-002 0 -1
1.170385e-001 -6.246808e-001 
1
3
8 0 2 4 0 -1
9 0 1 2 0 2
8 2 1 2 0 2
haar_x2_y2
-3.825329e-002 0 -1
-7.601478e-001 6.274740e-003 
1
2
0 4 10 3 0 -1
5 4 5 3 0 2
haar_x2
-1.415755e-001 0 -1
-7.263349e-001 1.002799e-001 
1
2
7 0 3 10 0 -1
7 5 3 5 0 2
haar_y2
-4.428528e-002 0 -1
4.962260e-002 -5.064103e-001 
1
2
0 0 3 10 0 -1
0 5 3 5 0 2
haar_y2
-3.343591e-001 0 -1
-7.249001e-001 1.081821e-001 
-1.335345e+000

6
-1
