134
1
2
1 2 4 2 0 -1
2 2 2 2 0 2
haar_x4
-1.515053e-001 0 -1
2.501188e-001 -2.536047e-001 
1
2
2 2 2 4 0 -1
2 4 2 2 0 2
haar_y2
3.660341e-001 0 -1
-2.817462e-001 1.059633e-001 
1
3
4 3 2 2 0 -1
4 3 1 1 0 2
5 4 1 1 0 2
haar_x2_y2
2.338911e-002 0 -1
-1.120806e-001 2.260420e-001 
1
2
1 2 3 2 0 -1
2 2 1 2 0 3
haar_x3
5.438997e-002 0 -1
-1.943356e-002 4.383909e-001 
1
2
0 3 3 1 0 -1
1 3 1 1 0 3
haar_x3
3.627840e-002 0 -1
-1.467657e-001 1.505647e-001 
1
2
5 3 1 3 0 -1
5 4 1 1 0 3
haar_y3
1.150824e-001 0 -1
4.681758e-002 -5.563944e-001 
1
2
5 4 1 2 0 -1
5 5 1 1 0 2
haar_y2
1.000179e-001 0 -1
3.380189e-002 -5.336839e-001 
1
2
0 2 2 4 0 -1
0 4 2 2 0 2
haar_y2
1.973272e-001 0 -1
-2.300321e-001 7.049137e-002 
1
2
2 2 3 2 0 -1
3 2 1 2 0 3
haar_x3
8.464664e-002 0 -1
-3.784075e-002 4.047627e-001 
1
2
0 0 3 1 0 -1
1 0 1 1 0 3
haar_x3
4.349568e-002 0 -1
3.992399e-002 -3.834818e-001 
1
2
3 0 3 1 0 -1
4 0 1 1 0 3
haar_x3
5.592835e-002 0 -1
2.361145e-002 -4.991499e-001 
1
3
4 2 2 2 0 -1
4 2 1 1 0 2
5 3 1 1 0 2
haar_x2_y2
-4.852027e-002 0 -1
2.037345e-001 -6.529015e-002 
1
2
5 1 1 3 0 -1
5 2 1 1 0 3
haar_y3
-1.801353e-003 0 -1
5.810313e-002 -2.158632e-001 
1
2
2 5 3 1 0 -1
3 5 1 1 0 3
haar_x3
2.607118e-002 0 -1
3.590858e-002 -3.414705e-001 
1
2
0 5 2 1 0 -1
1 5 1 1 0 2
haar_x2
4.984470e-002 0 -1
9.811128e-003 -7.850878e-001 
1
2
2 3 3 1 0 -1
3 3 1 1 0 3
haar_x3
-1.004144e-001 0 -1
1.993748e-001 -6.443869e-002 
1
3
3 2 2 2 0 -1
3 2 1 1 0 2
4 3 1 1 0 2
haar_x2_y2
-4.265959e-002 0 -1
3.132347e-001 -5.644073e-002 
1
2
3 5 3 1 0 -1
4 5 1 1 0 3
haar_x3
2.567587e-002 0 -1
4.812149e-002 -2.759265e-001 
1
2
5 0 1 2 0 -1
5 1 1 1 0 2
haar_y2
1.217746e-001 0 -1
9.541667e-003 -7.651396e-001 
1
2
1 5 3 1 0 -1
2 5 1 1 0 3
haar_x3
-1.760729e-003 0 -1
1.026688e-001 -1.028369e-001 
1
2
1 5 3 1 0 -1
2 5 1 1 0 3
haar_x3
-4.668487e-002 0 -1
-4.133204e-001 3.213589e-002 
1
2
4 1 1 4 0 -1
4 3 1 2 0 2
haar_y2
2.695211e-001 0 -1
2.027039e-002 -4.840023e-001 
1
2
5 0 1 4 0 -1
5 2 1 2 0 2
haar_y2
-1.802250e-001 0 -1
-3.057734e-001 2.989306e-002 
1
2
2 2 4 1 0 -1
4 2 2 1 0 2
haar_x2
1.886481e-001 0 -1
4.105590e-002 -2.444848e-001 
1
2
1 4 4 2 0 -1
3 4 2 2 0 2
haar_x2
1.597813e-002 0 -1
-8.986226e-002 1.223085e-001 
1
2
4 0 2 3 0 -1
3 1 2 1 0 3
tilted_haar_y3
-3.471038e-001 0 -1
1.215069e-001 -9.095550e-002 
1
3
1 2 2 2 0 -1
1 2 1 1 0 2
2 3 1 1 0 2
haar_x2_y2
-2.289042e-002 0 -1
1.438851e-001 -7.302566e-002 
1
2
2 0 3 1 0 -1
3 0 1 1 0 3
haar_x3
3.644277e-002 0 -1
3.693124e-002 -2.974987e-001 
1
2
0 3 3 1 0 -1
1 3 1 1 0 3
haar_x3
-1.329212e-001 0 -1
5.063881e-001 -2.198971e-002 
1
2
2 1 3 2 0 -1
2 1 3 1 0 2
tilted_haar_y2
-4.975193e-001 0 -1
-2.635264e-001 4.471669e-002 
1
2
4 4 2 2 0 -1
5 4 1 2 0 2
haar_x2
9.538799e-002 0 -1
2.305344e-002 -3.536606e-001 
1
2
1 1 4 1 0 -1
1 1 2 1 0 2
tilted_haar_x2
-4.001430e-001 0 -1
-2.913995e-001 3.187945e-002 
1
2
4 1 2 2 0 -1
5 1 1 2 0 2
haar_x2
1.624532e-003 0 -1
-1.469896e-001 6.151889e-002 
1
2
2 0 4 3 0 -1
3 0 2 3 0 2
haar_x4
-1.384874e-001 0 -1
-2.087616e-001 4.948441e-002 
1
2
3 3 3 3 0 -1
3 4 3 1 0 3
haar_y3
5.265780e-002 0 -1
1.061356e-001 -9.850147e-002 
1
2
0 3 6 2 0 -1
0 4 6 1 0 2
haar_y2
-1.672314e-001 0 -1
-7.074685e-001 1.527559e-002 
1
2
1 0 3 2 0 -1
2 0 1 2 0 3
haar_x3
-8.043072e-002 0 -1
-3.327478e-001 2.812875e-002 
1
2
0 1 6 2 0 -1
0 2 6 1 0 2
haar_y2
-7.580380e-001 0 -1
-6.841792e-001 1.127321e-002 
1
2
0 0 1 2 0 -1
0 1 1 1 0 2
haar_y2
-1.682466e-001 0 -1
-8.050303e-001 9.522866e-003 
1
2
1 3 3 3 0 -1
2 4 1 1 0 9
haar_point
5.884387e-001 0 -1
6.954594e-003 -8.702683e-001 
1
2
2 2 3 1 0 -1
3 3 1 1 0 3
tilted_haar_x3
-3.299760e-001 0 -1
-4.964660e-001 1.337165e-002 
1
2
1 1 1 4 0 -1
1 3 1 2 0 2
haar_y2
2.099666e-001 0 -1
4.056232e-002 -1.942406e-001 
1
2
2 0 2 2 0 -1
3 0 1 2 0 2
haar_x2
3.056234e-002 0 -1
-5.284066e-002 1.756130e-001 
1
2
0 0 6 1 0 -1
3 0 3 1 0 2
haar_x2
-6.835891e-002 0 -1
1.323280e-001 -9.361056e-002 
1
2
2 1 3 1 0 -1
3 1 1 1 0 3
haar_x3
3.973447e-002 0 -1
2.791859e-002 -3.058691e-001 
1
2
2 1 2 4 0 -1
2 2 2 2 0 2
haar_y4
-5.139476e-001 0 -1
4.277613e-001 -2.138241e-002 
1
2
0 2 2 2 0 -1
0 3 2 1 0 2
haar_y2
1.016287e-001 0 -1
-9.426313e-002 1.119965e-001 
1
2
0 2 3 4 0 -1
0 3 3 2 0 2
haar_y4
2.200420e-001 0 -1
4.122474e-002 -2.349757e-001 
1
2
3 0 3 6 0 -1
3 3 3 3 0 2
haar_y2
1.113719e+000 0 -1
2.636217e-002 -3.505173e-001 
1
2
3 1 3 1 0 -1
4 1 1 1 0 3
haar_x3
-1.673010e-003 0 -1
8.693805e-002 -1.100464e-001 
1
2
0 2 4 2 0 -1
0 3 4 1 0 2
haar_y2
3.608916e-001 0 -1
-4.145182e-002 2.383275e-001 
1
3
4 0 2 2 0 -1
4 0 1 1 0 2
5 1 1 1 0 2
haar_x2_y2
-1.945408e-003 0 -1
1.250611e-001 -7.575411e-002 
1
3
4 0 2 2 0 -1
4 0 1 1 0 2
5 1 1 1 0 2
haar_x2_y2
1.616443e-003 0 -1
-1.068199e-001 8.462551e-002 
1
2
1 0 3 2 0 -1
2 0 1 2 0 3
haar_x3
1.403139e-001 0 -1
1.332767e-002 -5.946904e-001 
1
2
3 3 3 1 0 -1
4 3 1 1 0 3
haar_x3
-6.655190e-002 0 -1
2.885352e-001 -3.187979e-002 
1
2
3 1 3 5 0 -1
4 1 1 5 0 3
haar_x3
6.149489e-002 0 -1
-9.601132e-002 1.206433e-001 
1
2
3 5 3 1 0 -1
4 5 1 1 0 3
haar_x3
-1.660885e-003 0 -1
9.628482e-002 -9.563105e-002 
1
2
4 4 2 1 0 -1
5 4 1 1 0 2
haar_x2
-5.319735e-002 0 -1
-4.583727e-001 1.712069e-002 
1
2
5 0 1 4 0 -1
4 1 1 2 0 2
tilted_haar_y4
-3.327481e-002 0 -1
-2.505838e-002 3.444251e-001 
1
2
0 1 1 4 0 -1
0 2 1 2 0 2
haar_y4
-2.708369e-001 0 -1
-7.086601e-001 1.098623e-002 
1
2
0 3 3 1 0 -1
1 3 1 1 0 3
haar_x3
1.262272e-001 0 -1
-3.221222e-002 2.265198e-001 
1
2
1 5 2 1 0 -1
2 5 1 1 0 2
haar_x2
4.801447e-002 0 -1
9.774541e-003 -7.947547e-001 
1
2
2 1 4 3 0 -1
4 1 2 3 0 2
haar_x2
-1.129399e-001 0 -1
-2.721399e-001 2.378706e-002 
1
2
4 1 1 2 0 -1
4 1 1 1 0 2
tilted_haar_y2
-1.967883e-001 0 -1
3.889792e-001 -2.170179e-002 
1
2
2 1 3 5 0 -1
3 1 1 5 0 3
haar_x3
-4.087591e-001 0 -1
-5.481296e-001 1.967330e-002 
1
2
5 1 1 3 0 -1
5 2 1 1 0 3
haar_y3
4.723125e-002 0 -1
2.262947e-002 -2.877889e-001 
1
2
0 3 2 3 0 -1
0 4 2 1 0 3
haar_y3
-1.922067e-001 0 -1
-3.891582e-001 1.676735e-002 
1
3
0 3 2 2 0 -1
0 3 1 1 0 2
1 4 1 1 0 2
haar_x2_y2
1.133844e-001 0 -1
-1.532550e-002 4.333815e-001 
1
2
0 0 3 2 0 -1
1 0 1 2 0 3
haar_x3
1.353543e-001 0 -1
1.184504e-002 -5.828472e-001 
1
2
4 3 2 1 0 -1
5 3 1 1 0 2
haar_x2
1.785629e-001 0 -1
-1.044142e-002 6.702270e-001 
1
2
0 3 3 3 0 -1
1 4 1 1 0 9
haar_point
-2.116253e-001 0 -1
2.094621e-001 -2.772706e-002 
1
2
4 3 2 2 0 -1
5 3 1 2 0 2
haar_x2
4.970625e-002 0 -1
4.373650e-002 -1.485796e-001 
1
2
0 4 4 1 0 -1
2 4 2 1 0 2
haar_x2
1.074708e-001 0 -1
1.579363e-002 -4.270967e-001 
1
2
0 4 6 2 0 -1
2 4 2 2 0 3
haar_x3
2.251776e-001 0 -1
-1.663574e-002 4.798400e-001 
1
2
3 4 2 2 0 -1
4 4 1 2 0 2
haar_x2
-6.124032e-002 0 -1
-4.954420e-001 1.641752e-002 
1
3
4 1 2 2 0 -1
4 1 1 1 0 2
5 2 1 1 0 2
haar_x2_y2
3.481672e-002 0 -1
-5.464160e-002 1.391701e-001 
1
3
1 1 4 2 0 -1
1 1 2 1 0 2
3 2 2 1 0 2
haar_x2_y2
1.357660e-001 0 -1
-3.528262e-002 1.917006e-001 
1
2
0 1 3 3 0 -1
0 2 3 1 0 3
haar_y3
-5.492501e-001 0 -1
-3.138823e-001 2.246807e-002 
1
2
3 0 3 3 0 -1
4 1 1 3 0 3
tilted_haar_x3
-6.896239e-001 0 -1
-2.719188e-001 2.795870e-002 
1
2
0 2 1 2 0 -1
0 3 1 1 0 2
haar_y2
-5.067509e-002 0 -1
2.225047e-001 -3.290949e-002 
1
2
3 1 3 1 0 -1
4 1 1 1 0 3
haar_x3
6.020463e-002 0 -1
2.004073e-002 -3.213643e-001 
1
2
4 1 2 1 0 -1
4 1 1 1 0 2
tilted_haar_x2
-2.485060e-001 0 -1
3.761191e-001 -2.060334e-002 
1
2
4 0 2 4 0 -1
4 2 2 2 0 2
haar_y2
4.215007e-001 0 -1
1.575483e-002 -5.854225e-001 
1
3
4 0 2 4 0 -1
4 0 1 2 0 2
5 2 1 2 0 2
haar_x2_y2
-2.243484e-001 0 -1
-6.689630e-001 7.998213e-003 
1
2
0 0 6 1 0 -1
2 0 2 1 0 3
haar_x3
-1.509368e-001 0 -1
1.912920e-001 -3.284675e-002 
1
2
2 0 4 1 0 -1
4 0 2 1 0 2
haar_x2
-5.534489e-002 0 -1
1.173726e-001 -5.571004e-002 
1
2
3 0 3 2 0 -1
4 0 1 2 0 3
haar_x3
-6.711154e-002 0 -1
-1.872198e-001 3.259074e-002 
1
2
3 0 3 1 0 -1
4 0 1 1 0 3
haar_x3
-1.639629e-003 0 -1
7.721437e-002 -9.379451e-002 
1
2
2 0 4 1 0 -1
3 0 2 1 0 2
haar_x4
3.250245e-002 0 -1
-4.227050e-002 1.830705e-001 
1
2
2 0 3 1 0 -1
3 0 1 1 0 3
haar_x3
-1.466949e-003 0 -1
8.658530e-002 -8.550391e-002 
1
2
0 0 2 3 0 -1
1 0 1 3 0 2
haar_x2
-9.161776e-002 0 -1
-1.499998e-001 4.555472e-002 
1
2
3 0 2 3 0 -1
2 1 2 1 0 3
tilted_haar_y3
-3.001141e-001 0 -1
1.037794e-001 -8.361738e-002 
1
2
1 0 3 1 0 -1
2 0 1 1 0 3
haar_x3
3.114373e-002 0 -1
3.848137e-002 -2.046079e-001 
1
2
1 3 1 3 0 -1
1 4 1 1 0 3
haar_y3
-1.756069e-003 0 -1
1.087774e-001 -6.478178e-002 
1
2
2 2 3 4 0 -1
2 3 3 2 0 2
haar_y4
-1.346928e-001 0 -1
-1.712023e-001 3.830309e-002 
1
2
3 2 1 3 0 -1
3 3 1 1 0 3
haar_y3
-1.427454e-001 0 -1
2.217197e-001 -4.003613e-002 
1
2
2 4 2 1 0 -1
3 4 1 1 0 2
haar_x2
4.438883e-002 0 -1
2.040163e-002 -3.209306e-001 
1
2
2 3 4 2 0 -1
3 3 2 2 0 2
haar_x4
2.956539e-001 0 -1
-1.072442e-002 7.462636e-001 
1
3
0 0 4 2 0 -1
0 0 2 1 0 2
2 1 2 1 0 2
haar_x2_y2
-1.149207e-001 0 -1
1.757865e-001 -3.582832e-002 
1
2
3 0 3 1 0 -1
4 0 1 1 0 3
haar_x3
2.001727e-002 0 -1
4.236332e-002 -1.693564e-001 
1
2
2 0 3 1 0 -1
3 0 1 1 0 3
haar_x3
4.914432e-002 0 -1
1.880336e-002 -3.486478e-001 
1
2
0 0 4 1 0 -1
1 0 2 1 0 2
haar_x4
-4.892962e-002 0 -1
1.898793e-001 -4.428174e-002 
1
3
0 0 2 2 0 -1
0 0 1 1 0 2
1 1 1 1 0 2
haar_x2_y2
4.960027e-002 0 -1
2.418480e-002 -2.994035e-001 
1
2
1 0 3 3 0 -1
1 1 3 1 0 3
haar_y3
1.890303e-001 0 -1
-6.311772e-002 1.188203e-001 
1
2
1 0 3 3 0 -1
1 1 3 1 0 3
haar_y3
-1.279965e-001 0 -1
1.431412e-001 -5.397081e-002 
1
2
5 1 1 2 0 -1
5 1 1 1 0 2
tilted_haar_y2
-4.438310e-002 0 -1
-1.873369e-001 4.041421e-002 
1
2
0 4 1 2 0 -1
0 5 1 1 0 2
haar_y2
-2.135786e-002 0 -1
-2.530578e-001 2.705512e-002 
1
2
0 3 1 3 0 -1
0 4 1 1 0 3
haar_y3
-5.938648e-002 0 -1
-2.542073e-001 2.839493e-002 
1
2
3 0 2 2 0 -1
4 0 1 2 0 2
haar_x2
1.003312e-001 0 -1
1.657096e-002 -4.290715e-001 
1
3
0 2 2 2 0 -1
0 2 1 1 0 2
1 3 1 1 0 2
haar_x2_y2
-3.129033e-002 0 -1
1.768559e-001 -4.003011e-002 
1
3
2 0 4 4 0 -1
2 0 2 2 0 2
4 2 2 2 0 2
haar_x2_y2
-1.202890e-001 0 -1
2.309584e-001 -3.037346e-002 
1
2
1 0 2 4 0 -1
1 2 2 2 0 2
haar_y2
4.013196e-001 0 -1
1.054850e-002 -6.362175e-001 
1
2
2 5 2 1 0 -1
3 5 1 1 0 2
haar_x2
-4.307300e-002 0 -1
-4.662605e-001 1.148937e-002 
1
2
1 1 5 4 0 -1
1 2 5 2 0 2
haar_y4
-1.051803e+000 0 -1
-5.231051e-001 1.096282e-002 
1
2
1 1 5 3 0 -1
1 2 5 1 0 3
haar_y3
-6.170297e-001 0 -1
1.469463e-001 -5.004815e-002 
1
2
3 2 3 1 0 -1
4 2 1 1 0 3
haar_x3
1.530522e-001 0 -1
-1.994484e-002 3.513361e-001 
1
2
4 0 2 5 0 -1
5 0 1 5 0 2
haar_x2
-2.163482e-001 0 -1
-6.081839e-001 1.131531e-002 
1
2
2 1 3 4 0 -1
3 1 1 4 0 3
haar_x3
2.606840e-001 0 -1
-1.617713e-002 4.519431e-001 
1
2
2 2 3 4 0 -1
3 2 1 4 0 3
haar_x3
-5.673470e-002 0 -1
6.549713e-002 -1.031094e-001 
1
2
0 2 4 1 0 -1
1 2 2 1 0 2
haar_x4
-2.257828e-003 0 -1
6.522084e-002 -1.058143e-001 
1
2
0 2 6 1 0 -1
2 2 2 1 0 3
haar_x3
-2.417084e-001 0 -1
-1.368622e-001 5.887498e-002 
1
3
0 3 6 2 0 -1
0 3 3 1 0 2
3 4 3 1 0 2
haar_x2_y2
-2.158120e-001 0 -1
-2.826876e-001 2.211505e-002 
1
2
5 0 1 4 0 -1
5 1 1 2 0 2
haar_y4
-1.395136e-001 0 -1
-2.059870e-001 2.991063e-002 
1
3
0 2 6 2 0 -1
0 2 3 1 0 2
3 3 3 1 0 2
haar_x2_y2
-7.678844e-002 0 -1
-1.518146e-001 4.876467e-002 
1
3
2 4 4 2 0 -1
2 4 2 1 0 2
4 5 2 1 0 2
haar_x2_y2
4.669233e-002 0 -1
-4.304998e-002 1.713842e-001 
1
2
0 5 6 1 0 -1
3 5 3 1 0 2
haar_x2
-4.719826e-002 0 -1
1.130055e-001 -6.113034e-002 
1
3
4 4 2 2 0 -1
4 4 1 1 0 2
5 5 1 1 0 2
haar_x2_y2
-2.004836e-003 0 -1
8.929164e-002 -7.389963e-002 
1
2
4 0 1 3 0 -1
4 1 1 1 0 3
haar_y3
-4.909280e-002 0 -1
1.270341e-001 -5.504274e-002 
1
3
1 1 2 2 0 -1
1 1 1 1 0 2
2 2 1 1 0 2
haar_x2_y2
-2.729939e-002 0 -1
9.331395e-002 -7.350515e-002 
1
2
1 2 2 1 0 -1
2 2 1 1 0 2
haar_x2
-5.033424e-002 0 -1
-1.378148e-001 5.521647e-002 
1
2
0 0 1 2 0 -1
0 1 1 1 0 2
haar_y2
-8.577234e-002 0 -1
-2.420686e-001 2.599266e-002 
1
3
0 4 4 2 0 -1
0 4 2 1 0 2
2 5 2 1 0 2
haar_x2_y2
2.400778e-001 0 -1
-1.184742e-002 5.448056e-001 
1
2
0 1 2 3 0 -1
1 1 1 3 0 2
haar_x2
1.687807e-003 0 -1
-5.395459e-002 1.193403e-001 
1
2
3 0 3 3 0 -1
4 1 1 3 0 3
tilted_haar_x3
-2.323948e-001 0 -1
6.388981e-002 -1.200513e-001 
-9.027231e-001

12
-1
