110
1
2
4 0 2 3 0 -1
3 1 2 1 0 3
tilted_haar_y3
-3.811916e-001 0 -1
2.552898e-001 -2.794578e-001 
1
2
2 0 4 4 0 -1
4 0 2 4 0 2
haar_x2
1.557992e-001 0 -1
-2.518296e-001 1.766350e-001 
1
2
0 1 1 2 0 -1
0 2 1 1 0 2
haar_y2
-7.215486e-002 0 -1
-4.828177e-001 6.542360e-002 
1
2
5 4 1 2 0 -1
5 5 1 1 0 2
haar_y2
1.342722e-002 0 -1
-2.371825e-001 1.574775e-001 
1
2
3 3 3 1 0 -1
4 3 1 1 0 3
haar_x3
5.373757e-002 0 -1
-1.215895e-001 2.058622e-001 
1
2
0 0 1 3 0 -1
0 1 1 1 0 3
haar_y3
-9.289926e-002 0 -1
-4.128980e-001 7.891734e-002 
1
2
0 2 2 2 0 -1
0 3 2 1 0 2
haar_y2
3.997694e-002 0 -1
-2.971047e-001 8.197653e-002 
1
2
0 2 3 4 0 -1
0 3 3 2 0 2
haar_y4
2.248760e-001 0 -1
5.717834e-002 -3.540422e-001 
1
2
1 1 3 1 0 -1
2 1 1 1 0 3
haar_x3
-5.916006e-002 0 -1
-4.474119e-001 5.226349e-002 
1
2
4 3 2 2 0 -1
4 4 2 1 0 2
haar_y2
2.222673e-002 0 -1
-3.192678e-001 5.302519e-002 
1
2
5 0 1 3 0 -1
5 1 1 1 0 3
haar_y3
1.736111e-001 0 -1
3.794733e-002 -4.674242e-001 
1
2
3 4 3 2 0 -1
4 4 1 2 0 3
haar_x3
7.032405e-002 0 -1
4.667275e-002 -3.569282e-001 
1
2
1 3 3 1 0 -1
2 3 1 1 0 3
haar_x3
-8.080268e-002 0 -1
2.126455e-001 -8.763794e-002 
1
2
1 2 3 2 0 -1
2 2 1 2 0 3
haar_x3
8.568156e-002 0 -1
-5.862788e-002 3.716878e-001 
1
2
2 2 2 2 0 -1
2 2 1 2 0 2
tilted_haar_x2
-1.683256e-001 0 -1
-2.329108e-001 6.484133e-002 
1
2
0 0 6 2 0 -1
3 0 3 2 0 2
haar_x2
1.154757e-001 0 -1
-1.262438e-001 1.185675e-001 
1
2
1 0 2 2 0 -1
2 0 1 2 0 2
haar_x2
8.144692e-002 0 -1
3.417028e-002 -5.127205e-001 
1
2
2 5 3 1 0 -1
3 5 1 1 0 3
haar_x3
-3.480440e-002 0 -1
-3.351305e-001 3.678549e-002 
1
2
2 5 3 1 0 -1
3 5 1 1 0 3
haar_x3
3.541655e-002 0 -1
2.555226e-002 -5.598970e-001 
1
2
5 0 1 4 0 -1
5 2 1 2 0 2
haar_y2
-2.584448e-001 0 -1
-3.836691e-001 3.103460e-002 
1
2
3 1 3 3 0 -1
4 2 1 1 0 9
haar_point
-3.534279e-001 0 -1
1.373695e-001 -1.050348e-001 
1
3
4 1 2 2 0 -1
4 1 1 1 0 2
5 2 1 1 0 2
haar_x2_y2
-6.524290e-002 0 -1
3.689666e-001 -3.765486e-002 
1
2
3 0 3 2 0 -1
4 0 1 2 0 3
haar_x3
7.200231e-002 0 -1
3.876273e-002 -3.077572e-001 
1
2
2 2 3 2 0 -1
3 2 1 2 0 3
haar_x3
7.406794e-002 0 -1
-3.294662e-002 3.610112e-001 
1
2
2 2 3 3 0 -1
3 2 1 3 0 3
haar_x3
-7.799794e-002 0 -1
1.088595e-001 -1.424866e-001 
1
2
3 0 3 1 0 -1
4 0 1 1 0 3
haar_x3
-2.624979e-002 0 -1
-2.922924e-001 4.606371e-002 
1
2
1 2 3 3 0 -1
2 2 1 3 0 3
haar_x3
-5.680525e-002 0 -1
9.803928e-002 -1.414551e-001 
1
2
0 2 1 4 0 -1
0 4 1 2 0 2
haar_y2
4.723619e-002 0 -1
-2.274792e-001 6.481400e-002 
1
2
0 3 3 1 0 -1
1 3 1 1 0 3
haar_x3
-1.721006e-002 0 -1
1.884893e-001 -7.109732e-002 
1
3
0 2 2 2 0 -1
0 2 1 1 0 2
1 3 1 1 0 2
haar_x2_y2
2.677451e-002 0 -1
-9.567717e-002 1.756345e-001 
1
2
0 5 3 1 0 -1
1 5 1 1 0 3
haar_x3
-7.694104e-002 0 -1
-5.291476e-001 2.492945e-002 
1
2
0 0 3 1 0 -1
1 0 1 1 0 3
haar_x3
9.047743e-003 0 -1
5.110368e-002 -2.193255e-001 
1
2
1 0 4 3 0 -1
3 0 2 3 0 2
haar_x2
-1.495531e-001 0 -1
2.492297e-001 -5.455466e-002 
1
2
0 0 1 4 0 -1
0 1 1 2 0 2
haar_y4
8.747977e-002 0 -1
2.191742e-002 -4.893971e-001 
1
2
0 3 3 3 0 -1
0 4 3 1 0 3
haar_y3
-4.390727e-001 0 -1
-1.000000e+000 9.151109e-003 
1
2
0 3 3 3 0 -1
1 4 1 1 0 9
haar_point
1.032013e-001 0 -1
8.739591e-002 -1.209062e-001 
1
2
0 1 4 1 0 -1
2 1 2 1 0 2
haar_x2
3.225315e-002 0 -1
-7.259572e-002 1.319488e-001 
1
2
2 1 4 2 0 -1
2 2 4 1 0 2
haar_y2
-6.323884e-001 0 -1
-9.404520e-001 9.704976e-003 
1
2
1 4 3 2 0 -1
2 4 1 2 0 3
haar_x3
-1.531742e-001 0 -1
-5.473909e-001 1.552648e-002 
1
3
1 3 2 2 0 -1
1 3 1 1 0 2
2 4 1 1 0 2
haar_x2_y2
-6.189333e-002 0 -1
4.468004e-001 -2.221752e-002 
1
2
0 3 4 1 0 -1
2 3 2 1 0 2
haar_x2
5.981065e-002 0 -1
1.732344e-002 -5.718622e-001 
1
2
2 1 3 4 0 -1
3 1 1 4 0 3
haar_x3
-4.674500e-001 0 -1
-6.214014e-001 1.219432e-002 
1
2
2 3 4 2 0 -1
4 3 2 2 0 2
haar_x2
7.437423e-001 0 -1
-2.379410e-002 5.741645e-001 
1
2
2 1 3 1 0 -1
3 1 1 1 0 3
haar_x3
4.426294e-002 0 -1
3.335669e-002 -3.029150e-001 
1
2
4 1 1 4 0 -1
4 3 1 2 0 2
haar_y2
2.565486e-001 0 -1
1.857766e-002 -4.701754e-001 
1
2
3 5 3 1 0 -1
4 5 1 1 0 3
haar_x3
-3.451729e-002 0 -1
-2.861879e-001 3.012982e-002 
1
3
4 3 2 2 0 -1
4 3 1 1 0 2
5 4 1 1 0 2
haar_x2_y2
2.270074e-002 0 -1
-6.063606e-002 1.675803e-001 
1
2
0 0 1 3 0 -1
0 1 1 1 0 3
haar_y3
-2.089875e-001 0 -1
-9.107698e-001 1.015397e-002 
1
2
4 4 2 2 0 -1
4 5 2 1 0 2
haar_y2
2.106544e-001 0 -1
1.786114e-002 -4.248360e-001 
1
2
4 5 2 1 0 -1
5 5 1 1 0 2
haar_x2
-5.838792e-002 0 -1
-8.053645e-001 9.231464e-003 
1
2
0 0 1 6 0 -1
0 2 1 2 0 3
haar_y3
3.257527e-001 0 -1
-1.827352e-002 5.344511e-001 
1
3
0 0 2 4 0 -1
0 0 1 2 0 2
1 2 1 2 0 2
haar_x2_y2
2.557003e-002 0 -1
-7.226682e-002 1.291740e-001 
1
2
2 0 2 4 0 -1
2 2 2 2 0 2
haar_y2
-5.573481e-001 0 -1
3.265129e-001 -3.350958e-002 
1
2
4 2 1 4 0 -1
4 4 1 2 0 2
haar_y2
1.418423e-001 0 -1
-1.617228e-001 5.947977e-002 
1
2
2 3 3 1 0 -1
3 3 1 1 0 3
haar_x3
-8.541171e-002 0 -1
1.416512e-001 -6.403471e-002 
1
2
1 3 2 1 0 -1
1 3 1 1 0 2
tilted_haar_x2
-1.734772e-001 0 -1
-4.655738e-001 2.028075e-002 
1
2
0 0 3 2 0 -1
1 0 1 2 0 3
haar_x3
-1.006084e-001 0 -1
-2.891570e-001 2.706807e-002 
1
2
2 0 3 4 0 -1
3 0 1 4 0 3
haar_x3
5.606930e-002 0 -1
-3.780972e-002 2.342589e-001 
1
2
2 0 3 3 0 -1
2 1 3 1 0 3
haar_y3
-2.002814e-001 0 -1
2.176542e-001 -4.080437e-002 
1
2
2 0 3 3 0 -1
3 1 1 1 0 9
haar_point
3.448485e-001 0 -1
-5.633964e-002 1.632803e-001 
1
2
3 0 2 2 0 -1
4 0 1 2 0 2
haar_x2
1.503128e-003 0 -1
-1.464133e-001 6.066724e-002 
1
2
0 0 4 1 0 -1
2 0 2 1 0 2
haar_x2
-2.616844e-001 0 -1
5.983266e-001 -1.379098e-002 
1
2
1 0 3 1 0 -1
2 0 1 1 0 3
haar_x3
-5.724484e-002 0 -1
-3.980512e-001 3.228443e-002 
1
3
3 0 2 4 0 -1
3 0 1 2 0 2
4 2 1 2 0 2
haar_x2_y2
2.723360e-002 0 -1
-1.006567e-001 8.056057e-002 
1
2
0 0 6 1 0 -1
2 0 2 1 0 3
haar_x3
-1.467607e-001 0 -1
2.281245e-001 -4.337225e-002 
1
2
2 0 3 1 0 -1
3 0 1 1 0 3
haar_x3
-2.099853e-002 0 -1
-2.324575e-001 5.351053e-002 
1
2
3 2 2 2 0 -1
4 2 1 2 0 2
haar_x2
1.332193e-001 0 -1
4.123891e-002 -2.183920e-001 
1
2
0 1 2 3 0 -1
0 2 2 1 0 3
haar_y3
-3.068811e-001 0 -1
-3.102467e-001 2.642915e-002 
1
2
5 3 1 3 0 -1
5 4 1 1 0 3
haar_y3
9.156899e-002 0 -1
4.173512e-002 -2.369484e-001 
1
3
1 2 2 2 0 -1
1 2 1 1 0 2
2 3 1 1 0 2
haar_x2_y2
-4.636901e-002 0 -1
1.641872e-001 -5.411369e-002 
1
3
1 3 2 2 0 -1
1 3 1 1 0 2
2 4 1 1 0 2
haar_x2_y2
-1.152552e-002 0 -1
2.081705e-001 -4.851710e-002 
1
2
0 2 6 1 0 -1
2 2 2 1 0 3
haar_x3
-5.308416e-002 0 -1
4.834928e-002 -2.029015e-001 
1
2
0 1 4 2 0 -1
1 1 2 2 0 2
haar_x4
-1.089697e-001 0 -1
-1.957683e-001 4.623712e-002 
1
2
1 5 3 1 0 -1
2 5 1 1 0 3
haar_x3
5.223810e-002 0 -1
1.349540e-002 -5.622000e-001 
1
2
0 1 3 3 0 -1
1 1 1 3 0 3
haar_x3
-8.254761e-002 0 -1
1.809870e-001 -4.715097e-002 
1
2
0 0 6 2 0 -1
0 1 6 1 0 2
haar_y2
-8.438203e-001 0 -1
-7.490000e-001 1.043795e-002 
1
2
0 0 5 4 0 -1
0 2 5 2 0 2
haar_y2
7.485133e-001 0 -1
1.162876e-002 -5.766001e-001 
1
2
4 2 2 2 0 -1
5 2 1 2 0 2
haar_x2
6.417613e-002 0 -1
5.890659e-002 -1.229508e-001 
1
2
3 2 3 2 0 -1
4 2 1 2 0 3
haar_x3
-7.936367e-002 0 -1
1.861159e-001 -5.295107e-002 
1
2
5 2 1 2 0 -1
5 2 1 1 0 2
tilted_haar_y2
-1.688631e-001 0 -1
-2.677771e-001 2.831585e-002 
1
3
0 4 6 2 0 -1
0 4 3 1 0 2
3 5 3 1 0 2
haar_x2_y2
1.599613e-001 0 -1
2.775357e-002 -2.493526e-001 
1
2
2 1 4 5 0 -1
4 1 2 5 0 2
haar_x2
-1.712151e-001 0 -1
2.852716e-001 -3.263088e-002 
1
2
2 3 4 1 0 -1
4 3 2 1 0 2
haar_x2
-1.710312e-001 0 -1
-6.311150e-001 1.320576e-002 
1
2
0 5 3 1 0 -1
1 5 1 1 0 3
haar_x3
-2.524626e-003 0 -1
9.038298e-002 -8.388131e-002 
1
2
1 1 1 4 0 -1
1 3 1 2 0 2
haar_y2
7.853660e-002 0 -1
-1.345122e-001 5.873147e-002 
1
2
5 1 1 2 0 -1
5 2 1 1 0 2
haar_y2
-9.971084e-003 0 -1
5.606188e-002 -1.270373e-001 
1
2
4 2 2 1 0 -1
4 2 1 1 0 2
tilted_haar_x2
-3.536581e-001 0 -1
6.750693e-001 -1.203227e-002 
1
2
1 0 3 1 0 -1
2 0 1 1 0 3
haar_x3
-3.763153e-002 0 -1
-1.973010e-001 3.773932e-002 
1
2
0 0 6 1 0 -1
2 0 2 1 0 3
haar_x3
-3.961289e-002 0 -1
1.064705e-001 -7.470511e-002 
1
2
0 0 4 1 0 -1
2 0 2 1 0 2
haar_x2
3.757430e-002 0 -1
-8.734851e-002 1.096915e-001 
1
3
4 0 2 6 0 -1
4 0 1 3 0 2
5 3 1 3 0 2
haar_x2_y2
6.997406e-001 0 -1
-9.250142e-003 7.578403e-001 
1
3
2 1 4 4 0 -1
2 1 2 2 0 2
4 3 2 2 0 2
haar_x2_y2
1.829452e-001 0 -1
3.434090e-002 -2.518133e-001 
1
3
0 0 6 6 0 -1
0 0 3 3 0 2
3 3 3 3 0 2
haar_x2_y2
-5.859046e-001 0 -1
-2.584176e-001 2.935848e-002 
1
2
4 1 2 3 0 -1
3 2 2 1 0 3
tilted_haar_y3
-2.062225e-001 0 -1
7.286096e-002 -1.058546e-001 
1
3
1 0 2 4 0 -1
1 0 1 2 0 2
2 2 1 2 0 2
haar_x2_y2
8.260613e-002 0 -1
-1.919549e-002 4.144992e-001 
1
2
1 1 2 2 0 -1
2 1 1 2 0 2
haar_x2
8.612353e-002 0 -1
1.239686e-002 -6.967972e-001 
1
2
1 4 2 1 0 -1
2 4 1 1 0 2
haar_x2
4.365980e-002 0 -1
1.220700e-002 -4.580648e-001 
1
2
3 1 2 3 0 -1
2 2 2 1 0 3
tilted_haar_y3
4.744788e-001 0 -1
-1.986366e-002 4.202099e-001 
1
3
4 2 2 2 0 -1
4 2 1 1 0 2
5 3 1 1 0 2
haar_x2_y2
-6.203283e-002 0 -1
1.888781e-001 -3.708766e-002 
1
3
3 2 2 2 0 -1
3 2 1 1 0 2
4 3 1 1 0 2
haar_x2_y2
-5.160642e-002 0 -1
2.361077e-001 -2.997630e-002 
1
2
2 0 3 2 0 -1
3 0 1 2 0 3
haar_x3
-8.129171e-002 0 -1
-3.806932e-001 2.004433e-002 
1
2
2 5 3 1 0 -1
3 5 1 1 0 3
haar_x3
-1.839209e-003 0 -1
7.494323e-002 -9.507208e-002 
1
3
3 4 2 2 0 -1
3 4 1 1 0 2
4 5 1 1 0 2
haar_x2_y2
4.380931e-002 0 -1
1.735911e-002 -4.175069e-001 
1
2
3 4 2 1 0 -1
4 4 1 1 0 2
haar_x2
-1.635461e-003 0 -1
1.189901e-001 -6.247383e-002 
1
2
5 2 1 2 0 -1
5 3 1 1 0 2
haar_y2
7.982717e-002 0 -1
-4.559566e-002 1.649931e-001 
1
2
1 2 5 4 0 -1
1 3 5 2 0 2
haar_y4
3.607427e-001 0 -1
3.940278e-002 -2.543966e-001 
1
2
0 1 3 5 0 -1
1 1 1 5 0 3
haar_x3
6.342337e-001 0 -1
6.062910e-003 -1.000081e+000 
1
3
0 3 6 2 0 -1
0 3 3 1 0 2
3 4 3 1 0 2
haar_x2_y2
-1.559268e-001 0 -1
-3.667941e-001 1.435016e-002 
1
2
5 0 1 6 0 -1
5 2 1 2 0 3
haar_y3
4.018023e-001 0 -1
-1.224506e-002 5.821322e-001 
1
2
4 1 2 2 0 -1
5 1 1 2 0 2
haar_x2
8.356044e-002 0 -1
4.279408e-002 -1.666190e-001 
-9.937840e-001

14
-1
