108
1
2
2 0 3 1 0 -1
3 1 1 1 0 3
tilted_haar_x3
4.888611e-001 0 -1
-2.089160e-001 3.895999e-001 
1
2
1 2 3 2 0 -1
1 3 3 1 0 2
haar_y2
-5.149072e-001 0 -1
2.646638e-001 -2.114260e-001 
1
2
1 0 2 4 0 -1
1 2 2 2 0 2
haar_y2
-5.442011e-001 0 -1
3.381595e-001 -1.863197e-001 
1
2
2 0 2 1 0 -1
2 0 1 1 0 2
haar_x2
2.036113e-002 0 -1
-3.323628e-001 1.577598e-001 
1
2
0 0 3 4 0 -1
1 0 1 4 0 3
haar_x3
-1.736216e-001 0 -1
3.151848e-001 -2.625802e-001 
1
2
1 2 4 2 0 -1
2 2 2 2 0 2
haar_x4
6.040357e-002 0 -1
8.814572e-002 -2.202841e-001 
1
3
0 3 4 2 0 -1
0 3 2 1 0 2
2 4 2 1 0 2
haar_x2_y2
4.184156e-001 0 -1
6.824657e-002 -7.440609e-001 
1
2
1 2 4 1 0 -1
2 2 2 1 0 2
haar_x4
-1.355306e-001 0 -1
-1.811793e-001 -1.459813e-002 
1
2
0 2 4 1 0 -1
1 2 2 1 0 2
haar_x4
-1.580957e-001 0 -1
-4.699000e-001 7.820899e-002 
1
2
4 2 1 2 0 -1
4 3 1 1 0 2
haar_y2
-1.183808e-001 0 -1
-2.248082e-001 8.389891e-002 
1
2
0 3 1 2 0 -1
0 4 1 1 0 2
haar_y2
1.330110e-001 0 -1
6.962132e-002 -3.794520e-001 
1
2
4 1 1 4 0 -1
4 3 1 2 0 2
haar_y2
-5.476133e-003 0 -1
6.863230e-002 -2.513842e-001 
1
2
0 1 1 4 0 -1
0 3 1 2 0 2
haar_y2
-2.489368e-001 0 -1
-2.608539e-001 9.830695e-002 
1
3
1 1 4 4 0 -1
3 1 2 2 0 2
1 3 2 2 0 2
haar_x2_y2
-5.466813e-001 0 -1
-2.530385e-001 3.799236e-002 
1
3
0 1 4 4 0 -1
0 1 2 2 0 2
2 3 2 2 0 2
haar_x2_y2
-5.228053e-001 0 -1
-3.049714e-001 8.353911e-002 
1
2
1 1 3 3 0 -1
1 2 3 1 0 3
haar_y3
4.743745e-001 0 -1
-1.274278e-001 1.712557e-001 
1
2
1 0 3 5 0 -1
2 0 1 5 0 3
haar_x3
-5.557717e-001 0 -1
6.991825e-001 -3.077044e-002 
1
2
4 0 1 2 0 -1
4 1 1 1 0 2
haar_y2
-2.374442e-001 0 -1
6.696932e-001 -1.871342e-002 
1
2
0 0 1 2 0 -1
0 1 1 1 0 2
haar_y2
1.022166e-001 0 -1
-7.325682e-002 2.623582e-001 
1
2
2 0 2 1 0 -1
2 0 1 1 0 2
haar_x2
-1.869323e-002 0 -1
1.254642e-001 -1.269624e-002 
1
2
1 0 2 1 0 -1
2 0 1 1 0 2
haar_x2
1.627321e-002 0 -1
-1.933275e-001 6.514713e-002 
1
2
1 3 4 2 0 -1
1 4 4 1 0 2
haar_y2
3.273277e-002 0 -1
-1.277185e-001 7.138788e-002 
1
2
1 1 1 2 0 -1
1 2 1 1 0 2
haar_y2
9.489822e-002 0 -1
2.427266e-002 -4.430740e-001 
1
3
3 2 2 2 0 -1
4 2 1 1 0 2
3 3 1 1 0 2
haar_x2_y2
-7.302901e-002 0 -1
8.067231e-002 -9.318005e-002 
1
2
0 4 3 1 0 -1
1 4 1 1 0 3
haar_x3
7.457456e-002 0 -1
5.198768e-002 -2.379184e-001 
1
2
1 1 3 4 0 -1
1 3 3 2 0 2
haar_y2
-3.439290e-001 0 -1
-4.194179e-002 2.562613e-001 
1
2
0 2 2 1 0 -1
1 2 1 1 0 2
haar_x2
3.158782e-003 0 -1
-1.156166e-001 1.175270e-001 
1
2
1 4 4 1 0 -1
2 4 2 1 0 2
haar_x4
1.036736e-001 0 -1
3.347694e-002 -2.001631e-001 
1
2
0 4 4 1 0 -1
1 4 2 1 0 2
haar_x4
-1.622502e-001 0 -1
-2.224015e-001 4.515035e-002 
1
2
1 0 4 5 0 -1
1 0 2 5 0 2
haar_x2
1.840286e+000 0 -1
-2.066389e-002 4.443917e-001 
1
3
0 1 2 4 0 -1
0 1 1 2 0 2
1 3 1 2 0 2
haar_x2_y2
-6.392642e-001 0 -1
5.605927e-001 -1.700740e-002 
1
2
4 2 1 2 0 -1
4 2 1 1 0 2
tilted_haar_x2
4.161366e-001 0 -1
-1.180641e-002 2.310661e-001 
1
2
2 0 1 2 0 -1
2 1 1 1 0 2
haar_y2
-5.225866e-002 0 -1
-2.930132e-001 2.928026e-002 
1
2
2 1 3 3 0 -1
3 2 1 1 0 9
haar_point
-5.618178e-002 0 -1
1.045362e-001 -6.327108e-002 
1
2
2 0 1 2 0 -1
2 1 1 1 0 2
haar_y2
6.672057e-002 0 -1
3.683455e-002 -2.718522e-001 
1
2
2 0 1 4 0 -1
2 1 1 2 0 2
haar_y4
1.823392e-001 0 -1
-1.338430e-001 7.773747e-002 
1
2
2 0 2 2 0 -1
2 0 2 1 0 2
tilted_haar_y2
5.750895e-001 0 -1
2.867797e-002 -3.614696e-001 
1
2
1 1 4 4 0 -1
1 1 2 4 0 2
haar_x2
-2.011308e-001 0 -1
8.457273e-002 -5.024579e-002 
1
2
0 1 3 3 0 -1
1 2 1 1 0 9
haar_point
2.182160e+000 0 -1
-1.027808e-002 9.212620e-001 
1
2
3 1 2 2 0 -1
3 2 2 1 0 2
haar_y2
2.697015e-001 0 -1
8.965317e-003 -4.117371e-001 
1
3
0 0 4 4 0 -1
0 0 2 2 0 2
2 2 2 2 0 2
haar_x2_y2
-5.263431e-001 0 -1
-2.511351e-001 3.306309e-002 
1
2
2 2 3 1 0 -1
3 2 1 1 0 3
haar_x3
-3.530292e-003 0 -1
7.424098e-002 -9.263224e-002 
1
2
2 2 1 2 0 -1
2 3 1 1 0 2
haar_y2
-3.136654e-001 0 -1
-5.226945e-001 1.854792e-002 
1
2
2 2 3 1 0 -1
3 2 1 1 0 3
haar_x3
2.327141e-001 0 -1
-2.490784e-002 3.631358e-001 
1
2
0 2 3 1 0 -1
1 2 1 1 0 3
haar_x3
-8.884481e-002 0 -1
1.166420e-001 -7.325222e-002 
1
3
3 2 2 2 0 -1
4 2 1 1 0 2
3 3 1 1 0 2
haar_x2_y2
-3.376914e-001 0 -1
3.319022e-001 -1.267247e-002 
1
3
0 2 2 2 0 -1
0 2 1 1 0 2
1 3 1 1 0 2
haar_x2_y2
-5.606361e-002 0 -1
8.721084e-002 -1.083826e-001 
1
2
1 3 4 2 0 -1
2 3 2 2 0 2
haar_x4
-2.760780e-001 0 -1
-1.174012e-001 3.130636e-002 
1
2
0 3 4 2 0 -1
1 3 2 2 0 2
haar_x4
-2.996479e-001 0 -1
-2.055293e-001 4.155297e-002 
1
2
1 0 4 5 0 -1
1 0 2 5 0 2
haar_x2
-9.066938e+000 0 -1
-1.000000e+000 1.766691e-003 
1
2
0 0 4 5 0 -1
2 0 2 5 0 2
haar_x2
-1.069000e+000 0 -1
2.956069e-001 -3.699000e-002 
1
2
2 0 1 4 0 -1
2 2 1 2 0 2
haar_y2
-2.499401e-001 0 -1
7.438391e-002 -9.317484e-002 
1
2
0 1 4 4 0 -1
2 1 2 4 0 2
haar_x2
9.088119e-001 0 -1
-2.711361e-002 3.202286e-001 
1
2
1 1 4 2 0 -1
1 1 2 2 0 2
haar_x2
4.521758e-001 0 -1
4.657827e-002 -2.016167e-001 
1
2
0 2 4 2 0 -1
2 2 2 2 0 2
haar_x2
3.024810e-001 0 -1
4.249821e-002 -2.198416e-001 
1
3
1 1 4 2 0 -1
3 1 2 1 0 2
1 2 2 1 0 2
haar_x2_y2
8.637886e-002 0 -1
3.267670e-002 -9.010538e-002 
1
2
2 1 1 3 0 -1
2 2 1 1 0 3
haar_y3
1.643315e-001 0 -1
-9.906426e-002 9.808949e-002 
1
2
1 0 4 5 0 -1
2 0 2 5 0 2
haar_x4
-4.444366e-001 0 -1
1.968640e-001 -3.350339e-002 
1
2
0 3 2 1 0 -1
1 3 1 1 0 2
haar_x2
-1.636445e-001 0 -1
-2.151885e-001 3.725646e-002 
1
2
1 0 3 1 0 -1
2 0 1 1 0 3
haar_x3
9.653770e-002 0 -1
-1.159239e-001 6.285103e-002 
1
2
0 1 4 2 0 -1
2 1 2 2 0 2
haar_x2
8.851250e-001 0 -1
7.760007e-003 -9.791164e-001 
1
2
3 2 2 1 0 -1
3 2 1 1 0 2
haar_x2
4.707149e-001 0 -1
2.591082e-005 -9.995812e-001 
1
2
0 2 2 1 0 -1
1 2 1 1 0 2
haar_x2
-3.185832e-001 0 -1
4.031840e-001 -1.856353e-002 
1
2
4 0 1 3 0 -1
3 1 1 1 0 3
tilted_haar_x3
8.792306e-001 0 -1
-1.492990e-002 4.128550e-001 
1
2
1 0 3 1 0 -1
2 1 1 1 0 3
tilted_haar_x3
6.322149e-001 0 -1
-1.750559e-002 4.192873e-001 
1
2
4 1 1 4 0 -1
4 2 1 2 0 2
haar_y4
-2.302977e-001 0 -1
-2.175102e-001 3.771012e-002 
1
2
0 1 1 4 0 -1
0 2 1 2 0 2
haar_y4
2.267346e-001 0 -1
1.892241e-002 -4.745255e-001 
1
2
1 2 3 3 0 -1
1 3 3 1 0 3
haar_y3
5.213614e-001 0 -1
-1.482839e-002 4.954706e-001 
1
2
0 3 4 2 0 -1
0 4 4 1 0 2
haar_y2
5.720764e-001 0 -1
-3.694953e-002 1.916655e-001 
1
2
1 2 4 1 0 -1
1 2 2 1 0 2
haar_x2
-2.318611e-001 0 -1
-2.030762e-001 1.874862e-002 
1
2
0 2 4 1 0 -1
2 2 2 1 0 2
haar_x2
9.493342e-003 0 -1
-9.880546e-002 7.910523e-002 
1
2
4 2 1 2 0 -1
4 2 1 1 0 2
tilted_haar_x2
7.729399e-001 0 -1
2.655091e-003 -9.998572e-001 
1
2
1 2 2 1 0 -1
1 2 1 1 0 2
tilted_haar_x2
-2.806026e-002 0 -1
-2.164440e-001 3.145902e-002 
1
2
0 1 5 3 0 -1
0 2 5 1 0 3
haar_y3
-8.642328e-001 0 -1
3.611645e-001 -2.110017e-002 
1
2
0 0 4 5 0 -1
1 0 2 5 0 2
haar_x4
1.287948e+000 0 -1
-7.540074e-003 6.353670e-001 
1
2
1 0 3 4 0 -1
2 0 1 4 0 3
haar_x3
-2.164141e-001 0 -1
2.693822e-001 -2.082505e-002 
1
3
1 0 2 2 0 -1
1 0 1 1 0 2
2 1 1 1 0 2
haar_x2_y2
1.111026e-001 0 -1
1.628709e-002 -3.992269e-001 
1
3
1 0 4 2 0 -1
3 0 2 1 0 2
1 1 2 1 0 2
haar_x2_y2
-5.997513e-002 0 -1
9.975205e-002 -5.736523e-002 
1
2
1 2 2 1 0 -1
1 2 1 1 0 2
tilted_haar_x2
-2.521606e-001 0 -1
-7.680002e-001 8.467119e-003 
1
2
2 0 1 2 0 -1
2 1 1 1 0 2
haar_y2
-2.020904e-002 0 -1
-1.379951e-001 3.804949e-002 
1
2
0 0 3 4 0 -1
0 1 3 2 0 2
haar_y4
8.435249e-001 0 -1
1.486940e-002 -3.341537e-001 
1
2
3 0 1 2 0 -1
3 1 1 1 0 2
haar_y2
6.273849e-002 0 -1
2.651972e-002 -7.681304e-002 
1
2
0 0 1 2 0 -1
0 1 1 1 0 2
haar_y2
1.921754e-001 0 -1
-2.480366e-002 2.566312e-001 
1
2
3 1 2 3 0 -1
3 1 1 3 0 2
haar_x2
-8.900484e-002 0 -1
4.169902e-002 -2.987780e-002 
1
3
0 0 4 2 0 -1
0 0 2 1 0 2
2 1 2 1 0 2
haar_x2_y2
3.923285e-002 0 -1
-5.658201e-002 1.028027e-001 
1
2
3 0 1 2 0 -1
3 1 1 1 0 2
haar_y2
1.018601e-001 0 -1
1.741994e-002 -8.481333e-002 
1
2
1 0 1 2 0 -1
1 1 1 1 0 2
haar_y2
3.727920e-003 0 -1
-1.188394e-001 6.931636e-002 
1
2
4 2 1 2 0 -1
4 3 1 1 0 2
haar_y2
-2.713235e-001 0 -1
-5.806077e-001 8.825413e-003 
1
2
0 2 1 2 0 -1
0 3 1 1 0 2
haar_y2
1.436444e-001 0 -1
1.225477e-002 -4.053143e-001 
1
2
4 0 1 4 0 -1
4 1 1 2 0 2
haar_y4
5.644125e-002 0 -1
-6.618126e-002 4.191827e-002 
1
2
0 0 5 2 0 -1
0 1 5 1 0 2
haar_y2
-1.667482e-001 0 -1
2.876427e-001 -2.639449e-002 
1
2
1 3 3 1 0 -1
2 3 1 1 0 3
haar_x3
2.754760e-003 0 -1
-6.580455e-002 7.852926e-002 
1
3
1 1 2 4 0 -1
1 1 1 2 0 2
2 3 1 2 0 2
haar_x2_y2
-1.264474e-002 0 -1
4.194541e-002 -1.448115e-001 
1
3
3 2 2 2 0 -1
4 2 1 1 0 2
3 3 1 1 0 2
haar_x2_y2
-5.491318e-002 0 -1
5.718707e-002 -8.597784e-002 
1
2
1 2 1 2 0 -1
1 3 1 1 0 2
haar_y2
-1.896783e-001 0 -1
1.388489e-001 -5.771534e-002 
1
2
0 1 5 4 0 -1
0 3 5 2 0 2
haar_y2
-7.915885e-001 0 -1
-5.693082e-002 1.361582e-001 
1
2
2 0 3 1 0 -1
3 1 1 1 0 3
tilted_haar_x3
4.867885e-001 0 -1
5.670296e-002 -1.110460e-001 
1
2
1 0 4 5 0 -1
1 0 2 5 0 2
haar_x2
1.334242e+000 0 -1
-2.417627e-002 2.318991e-001 
1
2
0 4 4 1 0 -1
2 4 2 1 0 2
haar_x2
1.689492e-001 0 -1
-3.324554e-002 1.905650e-001 
1
3
1 1 4 4 0 -1
3 1 2 2 0 2
1 3 2 2 0 2
haar_x2_y2
-4.619970e-001 0 -1
-1.199374e-001 2.985210e-002 
1
2
2 1 1 4 0 -1
2 3 1 2 0 2
haar_y2
-3.396231e-001 0 -1
6.979843e-002 -9.202759e-002 
1
2
2 4 3 1 0 -1
3 4 1 1 0 3
haar_x3
-9.180896e-002 0 -1
-1.625680e-001 5.273599e-002 
1
2
1 1 1 4 0 -1
1 3 1 2 0 2
haar_y2
-1.944835e-001 0 -1
-6.136575e-002 8.838950e-002 
1
2
2 4 3 1 0 -1
3 4 1 1 0 3
haar_x3
8.273612e-002 0 -1
4.665072e-002 -2.677039e-001 
1
2
0 4 3 1 0 -1
1 4 1 1 0 3
haar_x3
2.381767e-001 0 -1
9.780579e-003 -5.585324e-001 
1
2
1 4 4 1 0 -1
1 4 2 1 0 2
haar_x2
-6.827412e-001 0 -1
4.459394e-001 -1.679843e-002 
1
3
0 1 2 2 0 -1
0 1 1 1 0 2
1 2 1 1 0 2
haar_x2_y2
1.015071e-001 0 -1
-2.991719e-002 1.660086e-001 
1
2
1 2 3 2 0 -1
2 2 1 2 0 3
haar_x3
-4.112266e-001 0 -1
-6.462561e-001 9.041770e-003 
-1.034539e+000

9
-1
