7
1
2
1 0 6 6 0 -1
1 2 6 2 0 3
haar_y3
-1.377826e-001 0 -1
8.409847e-001 -5.765698e-001 
1
2
4 3 7 2 0 -1
4 4 7 1 0 2
haar_y2
6.815049e-002 0 -1
-2.999540e-001 8.855205e-001 
1
2
6 6 3 1 0 -1
7 6 1 1 0 3
haar_x3
5.474805e-003 0 -1
3.529242e-001 -8.387378e-001 
1
2
11 0 2 8 0 -1
11 2 2 4 0 2
haar_y4
-3.361206e-002 0 -1
5.892558e-001 -4.857852e-001 
1
2
4 2 6 2 0 -1
4 3 6 1 0 2
haar_y2
6.264059e-002 0 -1
-2.835791e-001 9.074632e-001 
1
2
4 4 8 3 0 -1
4 5 8 1 0 3
haar_y3
6.008450e-002 0 -1
-2.469642e-001 8.354589e-001 
1
2
1 0 2 1 0 -1
1 0 1 1 0 2
tilted_haar_x2
2.949807e-003 0 -1
-4.482142e-001 5.236266e-001 
-1.022489e+000

0
-1
