29
1
2
3 3 9 3 0 -1
6 4 3 1 0 9
haar_point
2.972068e-001 0 -1
-1.829540e-001 4.737647e-001 
1
2
4 1 7 2 0 -1
4 2 7 1 0 2
haar_y2
-1.172586e-001 0 -1
4.471266e-001 -1.337369e-001 
1
3
3 0 8 2 0 -1
3 0 4 1 0 2
7 1 4 1 0 2
haar_x2_y2
-3.336877e-002 0 -1
-7.477208e-001 8.859704e-002 
1
2
7 1 4 3 0 -1
7 2 4 1 0 3
haar_y3
8.867186e-002 0 -1
-6.653450e-002 4.348333e-001 
1
2
0 3 2 1 0 -1
1 3 1 1 0 2
haar_x2
-5.855953e-004 0 -1
1.737560e-001 -3.568516e-001 
1
2
7 7 4 1 0 -1
8 7 2 1 0 2
haar_x4
-1.054183e-002 0 -1
-9.126542e-001 5.613035e-002 
1
2
6 6 2 2 0 -1
6 7 2 1 0 2
haar_y2
3.368637e-002 0 -1
-9.599546e-002 6.930734e-001 
1
2
7 3 4 4 0 -1
8 3 2 4 0 2
haar_x4
-2.391227e-002 0 -1
-9.843856e-001 5.358896e-002 
1
2
4 3 4 4 0 -1
5 3 2 4 0 2
haar_x4
-8.926371e-003 0 -1
-4.190787e-001 1.276808e-001 
1
2
13 2 2 2 0 -1
13 2 2 1 0 2
tilted_haar_x2
-3.667227e-002 0 -1
1.584832e-001 -8.361903e-002 
1
3
0 3 14 4 0 -1
0 3 7 2 0 2
7 5 7 2 0 2
haar_x2_y2
-1.003101e-001 0 -1
-4.891503e-001 1.212201e-001 
1
2
6 5 8 1 0 -1
6 5 4 1 0 2
haar_x2
-6.725125e-002 0 -1
4.576835e-001 -5.529394e-002 
1
2
7 1 6 1 0 -1
7 1 3 1 0 2
tilted_haar_x2
-1.167796e-001 0 -1
-6.665730e-001 8.784398e-002 
1
2
11 4 1 4 0 -1
11 5 1 2 0 2
haar_y4
-1.586025e-002 0 -1
-7.162613e-001 2.319230e-002 
1
2
2 7 3 1 0 -1
3 7 1 1 0 3
haar_x3
-5.405058e-003 0 -1
-6.713240e-001 7.534578e-002 
1
3
10 6 2 2 0 -1
11 6 1 1 0 2
10 7 1 1 0 2
haar_x2_y2
4.790017e-004 0 -1
-2.124299e-001 1.519440e-001 
1
2
0 7 15 1 0 -1
5 7 5 1 0 3
haar_x3
-4.800974e-002 0 -1
3.549300e-001 -1.642983e-001 
1
2
7 6 6 1 0 -1
7 6 3 1 0 2
haar_x2
-4.224410e-002 0 -1
-2.522094e-001 4.898680e-002 
1
3
0 6 12 2 0 -1
0 6 6 1 0 2
6 7 6 1 0 2
haar_x2_y2
9.397668e-003 0 -1
-2.585739e-001 2.617347e-001 
1
2
7 6 6 1 0 -1
7 6 3 1 0 2
haar_x2
2.572954e-002 0 -1
-3.572657e-002 3.264574e-001 
1
2
2 6 6 1 0 -1
5 6 3 1 0 2
haar_x2
2.599606e-002 0 -1
-6.902286e-002 8.303740e-001 
1
2
11 0 2 3 0 -1
11 0 1 3 0 2
tilted_haar_y2
6.664222e-002 0 -1
7.900971e-002 -4.975891e-001 
1
2
0 5 1 2 0 -1
0 6 1 1 0 2
haar_y2
-9.666554e-003 0 -1
-7.451855e-001 8.367946e-002 
1
2
13 6 2 1 0 -1
13 6 1 1 0 2
haar_x2
3.616979e-004 0 -1
-1.996834e-001 1.368706e-001 
1
2
0 5 2 3 0 -1
0 6 2 1 0 3
haar_y3
1.404802e-002 0 -1
1.231326e-001 -4.870299e-001 
1
2
11 3 1 3 0 -1
11 4 1 1 0 3
haar_y3
1.061389e-002 0 -1
-1.477375e-001 2.351668e-001 
1
2
3 3 1 3 0 -1
3 4 1 1 0 3
haar_y3
-3.120293e-002 0 -1
8.247160e-001 -8.796054e-002 
1
2
13 2 2 2 0 -1
13 2 2 1 0 2
tilted_haar_x2
-6.906021e-002 0 -1
-4.269504e-001 5.508446e-002 
1
2
2 2 2 2 0 -1
2 2 1 2 0 2
tilted_haar_x2
-5.769780e-002 0 -1
8.321922e-001 -7.720894e-002 
-8.492883e-001

11
-1
