46
1
2
1 0 7 3 0 -1
1 1 7 1 0 3
haar_y3
1.704938e-001 0 -1
-1.842897e-001 5.295930e-001 
1
2
0 3 1 4 0 -1
0 5 1 2 0 2
haar_y2
4.518006e-004 0 -1
-4.444612e-001 1.591447e-001 
1
2
0 2 8 3 0 -1
0 3 8 1 0 3
haar_y3
-2.077128e-001 0 -1
3.635404e-001 -1.451522e-001 
1
2
0 1 7 3 0 -1
0 2 7 1 0 3
haar_y3
-1.812708e-001 0 -1
5.273365e-001 -1.178518e-001 
1
2
3 3 3 3 0 -1
4 4 1 1 0 9
haar_point
-1.130265e-001 0 -1
2.499161e-001 -2.088356e-001 
1
2
7 6 1 2 0 -1
7 7 1 1 0 2
haar_y2
5.715099e-004 0 -1
-2.355287e-001 1.798754e-001 
1
2
2 4 3 2 0 -1
3 4 1 2 0 3
haar_x3
-5.888799e-003 0 -1
1.628415e-001 -2.568303e-001 
1
2
2 0 5 3 0 -1
2 1 5 1 0 3
haar_y3
-1.210429e-001 0 -1
6.202257e-001 -6.213387e-002 
1
2
2 0 1 2 0 -1
2 0 1 1 0 2
tilted_haar_y2
5.871926e-002 0 -1
5.984074e-002 -6.559592e-001 
1
2
3 5 2 2 0 -1
4 5 1 2 0 2
haar_x2
2.306594e-002 0 -1
4.511805e-002 -5.164922e-001 
1
2
3 1 3 1 0 -1
4 1 1 1 0 3
haar_x3
2.427304e-002 0 -1
6.054212e-002 -6.444710e-001 
1
2
5 2 3 6 0 -1
5 5 3 3 0 2
haar_y2
6.038887e-002 0 -1
-4.069201e-001 7.118732e-002 
1
2
5 4 3 1 0 -1
6 4 1 1 0 3
haar_x3
5.252006e-002 0 -1
-7.385712e-002 4.861011e-001 
1
2
5 4 3 1 0 -1
6 4 1 1 0 3
haar_x3
-1.038670e-002 0 -1
3.099724e-001 -1.035711e-001 
1
2
7 6 1 2 0 -1
7 7 1 1 0 2
haar_y2
2.376892e-002 0 -1
6.894915e-002 -4.882731e-001 
1
2
1 1 7 3 0 -1
1 2 7 1 0 3
haar_y3
1.410377e-001 0 -1
-8.836855e-002 4.042291e-001 
1
2
3 1 3 3 0 -1
3 2 3 1 0 3
haar_y3
-5.080714e-002 0 -1
2.785298e-001 -1.290119e-001 
1
2
4 0 3 1 0 -1
5 0 1 1 0 3
haar_x3
-1.989124e-002 0 -1
-5.694776e-001 5.909949e-002 
1
2
4 0 3 2 0 -1
5 0 1 2 0 3
haar_x3
3.048297e-002 0 -1
4.052810e-002 -6.865117e-001 
1
2
6 4 2 1 0 -1
7 4 1 1 0 2
haar_x2
-4.965798e-003 0 -1
2.571037e-001 -1.332681e-001 
1
2
4 0 1 6 0 -1
4 3 1 3 0 2
haar_y2
4.059367e-002 0 -1
6.566675e-002 -4.202679e-001 
1
2
2 0 3 2 0 -1
3 0 1 2 0 3
haar_x3
2.484308e-002 0 -1
5.084828e-002 -5.085405e-001 
1
2
0 6 1 2 0 -1
0 7 1 1 0 2
haar_y2
5.998076e-004 0 -1
-2.217335e-001 1.230447e-001 
1
2
1 3 3 2 0 -1
2 3 1 2 0 3
haar_x3
-4.554264e-002 0 -1
3.912758e-001 -8.232260e-002 
1
2
2 2 3 3 0 -1
3 3 1 1 0 9
haar_point
-1.868311e-001 0 -1
3.138718e-001 -8.675049e-002 
1
2
6 0 2 2 0 -1
7 0 1 2 0 2
haar_x2
-2.010864e-002 0 -1
-4.534181e-001 6.239657e-002 
1
2
7 0 1 4 0 -1
7 2 1 2 0 2
haar_y2
-1.003148e-001 0 -1
-5.687231e-001 4.139613e-002 
1
2
2 0 2 2 0 -1
3 0 1 2 0 2
haar_x2
-2.051622e-002 0 -1
-3.665099e-001 7.193872e-002 
1
2
3 4 2 2 0 -1
3 4 1 2 0 2
tilted_haar_x2
-1.016444e-001 0 -1
-5.076115e-001 4.930786e-002 
1
2
6 5 1 2 0 -1
6 5 1 1 0 2
tilted_haar_y2
-6.544717e-004 0 -1
9.383148e-002 -2.498838e-001 
1
2
4 4 1 4 0 -1
4 5 1 2 0 2
haar_y4
1.195458e-003 0 -1
-2.362903e-001 1.095447e-001 
1
2
2 5 3 3 0 -1
2 6 3 1 0 3
haar_y3
-2.455097e-002 0 -1
3.162053e-001 -8.942257e-002 
1
3
2 0 6 8 0 -1
2 0 3 4 0 2
5 4 3 4 0 2
haar_x2_y2
-3.402410e-001 0 -1
-6.287966e-001 4.238788e-002 
1
2
1 6 2 1 0 -1
2 6 1 1 0 2
haar_x2
3.626823e-004 0 -1
-1.297524e-001 2.000427e-001 
1
3
1 4 2 2 0 -1
1 4 1 1 0 2
2 5 1 1 0 2
haar_x2_y2
-7.418606e-003 0 -1
2.875350e-001 -1.010268e-001 
1
2
2 6 4 1 0 -1
3 6 2 1 0 2
haar_x4
2.182257e-002 0 -1
4.110859e-002 -7.033470e-001 
1
2
1 0 4 1 0 -1
1 0 2 1 0 2
tilted_haar_x2
2.666542e-003 0 -1
-3.477644e-001 7.265815e-002 
1
2
0 4 3 1 0 -1
1 4 1 1 0 3
haar_x3
4.147592e-002 0 -1
-6.797990e-002 3.508466e-001 
1
2
0 3 3 3 0 -1
1 3 1 3 0 3
haar_x3
-3.381455e-002 0 -1
3.000085e-001 -8.926746e-002 
1
2
0 7 3 1 0 -1
1 7 1 1 0 3
haar_x3
-1.217015e-002 0 -1
-3.575069e-001 7.210573e-002 
1
2
0 7 3 1 0 -1
1 7 1 1 0 3
haar_x3
2.297297e-002 0 -1
3.006213e-002 -6.332513e-001 
1
3
0 0 4 8 0 -1
0 0 2 4 0 2
2 4 2 4 0 2
haar_x2_y2
1.380413e-001 0 -1
6.260458e-002 -3.350172e-001 
1
2
4 6 2 1 0 -1
5 6 1 1 0 2
haar_x2
-6.145189e-004 0 -1
1.920179e-001 -1.186488e-001 
1
2
4 3 4 3 0 -1
6 3 2 3 0 2
haar_x2
4.006071e-001 0 -1
-3.951558e-002 6.433443e-001 
1
2
4 2 3 4 0 -1
5 2 1 4 0 3
haar_x3
8.846788e-002 0 -1
-5.064297e-002 3.984306e-001 
1
3
4 2 2 2 0 -1
4 2 1 1 0 2
5 3 1 1 0 2
haar_x2_y2
-5.219418e-004 0 -1
2.277862e-001 -1.045675e-001 
-1.212381e+000

9
-1
