25
1
2
4 1 7 4 0 -1
4 2 7 2 0 2
haar_y4
-1.595547e-001 0 -1
7.166272e-001 -2.733632e-001 
1
2
14 0 1 6 0 -1
12 2 1 2 0 3
tilted_haar_x3
-5.444795e-002 0 -1
2.381466e-001 -1.542884e-001 
1
2
3 0 4 3 0 -1
4 1 2 3 0 2
tilted_haar_x4
-3.158517e-003 0 -1
1.868389e-001 -4.209872e-001 
1
2
0 5 15 3 0 -1
5 6 5 1 0 9
haar_point
-2.356868e-001 0 -1
3.810878e-001 -1.865412e-001 
1
2
5 6 3 2 0 -1
6 6 1 2 0 3
haar_x3
-1.640182e-002 0 -1
-7.842923e-001 1.350351e-001 
1
2
5 2 5 3 0 -1
5 3 5 1 0 3
haar_y3
8.599801e-002 0 -1
-1.556802e-001 6.009897e-001 
1
2
3 1 8 3 0 -1
3 2 8 1 0 3
haar_y3
5.504583e-002 0 -1
-1.009042e-001 5.232328e-001 
1
2
4 0 7 8 0 -1
4 4 7 4 0 2
haar_y2
-3.290033e-001 0 -1
-8.504535e-001 8.564998e-002 
1
2
0 0 3 2 0 -1
0 1 3 1 0 2
haar_y2
1.679983e-002 0 -1
7.304943e-002 -7.550285e-001 
1
2
8 5 3 3 0 -1
9 5 1 3 0 3
haar_x3
2.874653e-002 0 -1
3.776724e-002 -8.688512e-001 
1
2
4 5 3 3 0 -1
5 5 1 3 0 3
haar_x3
-1.847630e-002 0 -1
-6.930705e-001 7.602646e-002 
1
2
6 1 4 3 0 -1
7 1 2 3 0 2
haar_x4
1.830124e-004 0 -1
-2.908481e-001 2.034629e-001 
1
2
4 1 3 7 0 -1
5 1 1 7 0 3
haar_x3
3.483473e-002 0 -1
7.371403e-002 -7.097752e-001 
1
2
5 0 7 3 0 -1
5 1 7 1 0 3
haar_y3
2.779685e-002 0 -1
-1.977960e-001 2.486748e-001 
1
3
3 0 8 6 0 -1
3 0 4 3 0 2
7 3 4 3 0 2
haar_x2_y2
-1.138747e-001 0 -1
-6.454191e-001 7.395256e-002 
1
2
11 0 4 3 0 -1
11 0 2 3 0 2
haar_x2
-6.821929e-002 0 -1
1.751397e-001 -4.423766e-002 
1
3
0 0 4 8 0 -1
0 0 2 4 0 2
2 4 2 4 0 2
haar_x2_y2
6.333388e-002 0 -1
-1.299722e-001 3.657024e-001 
1
2
13 5 1 2 0 -1
13 5 1 1 0 2
tilted_haar_x2
-1.293439e-002 0 -1
-4.936911e-001 9.268010e-002 
1
2
4 4 4 1 0 -1
5 4 2 1 0 2
haar_x4
3.949568e-004 0 -1
-2.146104e-001 2.036986e-001 
1
2
7 4 3 4 0 -1
8 4 1 4 0 3
haar_x3
2.419564e-002 0 -1
7.542948e-002 -6.867609e-001 
1
2
0 5 15 3 0 -1
5 6 5 1 0 9
haar_point
4.176091e-001 0 -1
-9.181026e-002 5.925148e-001 
1
2
7 4 3 4 0 -1
8 4 1 4 0 3
haar_x3
-2.679633e-002 0 -1
-8.102068e-001 6.098693e-002 
1
2
0 6 10 2 0 -1
5 6 5 2 0 2
haar_x2
-5.458237e-002 0 -1
3.094572e-001 -1.522544e-001 
1
2
14 0 1 3 0 -1
14 1 1 1 0 3
haar_y3
1.027761e-002 0 -1
1.094292e-001 -5.897478e-001 
1
2
3 6 3 2 0 -1
4 6 1 2 0 3
haar_x3
-1.764009e-002 0 -1
-6.595317e-001 4.527778e-002 
-1.241431e+000

1
-1
