16
1
2
1 1 6 6 0 -1
3 3 2 2 0 9
haar_point
-7.438949e-001 0 -1
4.987367e-001 -5.816901e-001 
1
2
1 1 6 4 0 -1
1 2 6 2 0 2
haar_y4
-1.318175e-001 0 -1
3.554207e-001 -2.993617e-001 
1
2
2 7 3 1 0 -1
3 7 1 1 0 3
haar_x3
1.422401e-002 0 -1
1.241011e-001 -7.516556e-001 
1
2
2 7 3 1 0 -1
3 7 1 1 0 3
haar_x3
-1.188987e-002 0 -1
-6.794510e-001 1.692735e-001 
1
2
5 2 3 2 0 -1
6 3 1 2 0 3
tilted_haar_x3
-1.121516e-001 0 -1
4.512221e-001 -2.292060e-001 
1
2
4 0 3 2 0 -1
5 0 1 2 0 3
haar_x3
3.051851e-002 0 -1
1.162864e-001 -7.888492e-001 
1
2
4 0 3 2 0 -1
5 0 1 2 0 3
haar_x3
-3.344910e-002 0 -1
-6.993589e-001 9.734198e-002 
1
2
0 6 6 2 0 -1
3 6 3 2 0 2
haar_x2
1.376587e-001 0 -1
7.209191e-002 -7.755192e-001 
1
2
7 2 1 6 0 -1
7 5 1 3 0 2
haar_y2
6.922369e-004 0 -1
-5.177482e-001 1.244833e-001 
1
2
0 1 6 6 0 -1
2 3 2 2 0 9
haar_point
-9.814396e-001 0 -1
4.234199e-001 -1.523635e-001 
1
2
3 2 3 3 0 -1
4 2 1 3 0 3
haar_x3
-4.205994e-002 0 -1
2.979382e-001 -2.013472e-001 
1
2
4 6 2 2 0 -1
5 6 1 2 0 2
haar_x2
-2.201565e-002 0 -1
-6.888515e-001 9.976318e-002 
1
2
3 6 3 2 0 -1
4 6 1 2 0 3
haar_x3
-1.953372e-002 0 -1
-5.187175e-001 1.140350e-001 
1
2
0 0 2 2 0 -1
1 0 1 2 0 2
haar_x2
2.553547e-002 0 -1
8.414146e-002 -6.087467e-001 
1
2
1 1 5 3 0 -1
1 2 5 1 0 3
haar_y3
-1.292684e-001 0 -1
4.565168e-001 -1.315228e-001 
1
2
1 1 7 3 0 -1
1 2 7 1 0 3
haar_y3
9.354410e-002 0 -1
-1.186965e-001 4.458643e-001 
-1.345422e+000

2
-1
