75
1
2
0 1 5 3 0 -1
0 2 5 1 0 3
haar_y3
-4.546968e-001 0 -1
3.536007e-001 -2.336680e-001 
1
3
3 3 2 2 0 -1
3 3 1 1 0 2
4 4 1 1 0 2
haar_x2_y2
-5.879506e-002 0 -1
3.652545e-001 -1.493948e-001 
1
2
5 2 1 4 0 -1
5 4 1 2 0 2
haar_y2
2.474457e-002 0 -1
-4.337082e-001 8.207858e-002 
1
2
0 5 6 1 0 -1
3 5 3 1 0 2
haar_x2
1.601704e-001 0 -1
9.430418e-002 -5.978784e-001 
1
2
3 0 3 2 0 -1
4 0 1 2 0 3
haar_x3
-9.921740e-002 0 -1
-5.720795e-001 4.376664e-002 
1
3
1 3 2 2 0 -1
1 3 1 1 0 2
2 4 1 1 0 2
haar_x2_y2
3.999240e-002 0 -1
-1.378396e-001 2.193308e-001 
1
3
1 0 4 6 0 -1
1 0 2 3 0 2
3 3 2 3 0 2
haar_x2_y2
-3.499628e-001 0 -1
-5.466638e-001 6.638334e-002 
1
2
2 0 3 2 0 -1
3 0 1 2 0 3
haar_x3
-8.556303e-002 0 -1
-5.359294e-001 5.381401e-002 
1
2
1 0 4 3 0 -1
1 1 4 1 0 3
haar_y3
-4.156218e-001 0 -1
5.567917e-001 -6.412208e-002 
1
2
4 0 2 2 0 -1
5 0 1 2 0 2
haar_x2
-7.089848e-002 0 -1
-6.101580e-001 5.658472e-002 
1
2
0 0 5 3 0 -1
0 1 5 1 0 3
haar_y3
4.376151e-001 0 -1
-8.770624e-002 4.048368e-001 
1
3
0 2 4 4 0 -1
0 2 2 2 0 2
2 4 2 2 0 2
haar_x2_y2
3.382403e-001 0 -1
5.627121e-002 -4.225336e-001 
1
2
2 0 3 4 0 -1
3 0 1 4 0 3
haar_x3
-1.405583e-001 0 -1
2.070480e-001 -1.306518e-001 
1
2
2 5 3 1 0 -1
3 5 1 1 0 3
haar_x3
-4.967358e-002 0 -1
-6.054871e-001 4.850415e-002 
1
2
2 5 3 1 0 -1
3 5 1 1 0 3
haar_x3
4.820755e-002 0 -1
2.195591e-002 -7.951632e-001 
1
2
4 1 1 3 0 -1
3 2 1 1 0 3
tilted_haar_y3
-1.876641e-001 0 -1
1.675601e-001 -1.558800e-001 
1
2
3 2 1 3 0 -1
3 3 1 1 0 3
haar_y3
6.782357e-002 0 -1
-7.177527e-002 3.582174e-001 
1
2
1 0 3 2 0 -1
2 0 1 2 0 3
haar_x3
6.774170e-002 0 -1
5.571595e-002 -4.249761e-001 
1
2
2 2 3 3 0 -1
3 3 1 1 0 9
haar_point
-3.141500e-001 0 -1
1.864432e-001 -1.135084e-001 
1
3
0 4 6 2 0 -1
0 4 3 1 0 2
3 5 3 1 0 2
haar_x2_y2
-1.596776e-001 0 -1
-4.502427e-001 3.971535e-002 
1
2
0 0 3 2 0 -1
1 0 1 2 0 3
haar_x3
7.336646e-002 0 -1
4.092660e-002 -3.858561e-001 
1
2
2 0 3 2 0 -1
3 0 1 2 0 3
haar_x3
5.282054e-002 0 -1
4.858451e-002 -3.638631e-001 
1
3
0 3 2 2 0 -1
0 3 1 1 0 2
1 4 1 1 0 2
haar_x2_y2
-2.180473e-002 0 -1
2.076217e-001 -8.816759e-002 
1
2
1 5 3 1 0 -1
2 5 1 1 0 3
haar_x3
-3.093708e-002 0 -1
-2.955483e-001 6.331056e-002 
1
2
1 5 3 1 0 -1
2 5 1 1 0 3
haar_x3
2.573822e-002 0 -1
4.857869e-002 -3.993031e-001 
1
2
1 1 4 1 0 -1
1 1 2 1 0 2
tilted_haar_x2
-4.178289e-001 0 -1
-4.173907e-001 4.125611e-002 
1
2
0 3 3 1 0 -1
1 3 1 1 0 3
haar_x3
-7.010689e-002 0 -1
3.825824e-001 -4.757564e-002 
1
2
1 3 2 1 0 -1
1 3 1 1 0 2
tilted_haar_x2
-5.345118e-003 0 -1
8.005714e-002 -2.310563e-001 
1
2
0 2 2 3 0 -1
0 3 2 1 0 3
haar_y3
3.330214e-002 0 -1
-1.090255e-001 1.559070e-001 
1
2
2 1 3 1 0 -1
3 2 1 1 0 3
tilted_haar_x3
-1.168764e-001 0 -1
1.223543e-001 -2.082887e-001 
1
2
1 2 3 2 0 -1
2 2 1 2 0 3
haar_x3
5.957884e-002 0 -1
-6.406704e-002 3.486629e-001 
1
2
3 4 3 2 0 -1
4 4 1 2 0 3
haar_x3
-7.857957e-002 0 -1
-4.020706e-001 3.991150e-002 
1
3
4 3 2 2 0 -1
4 3 1 1 0 2
5 4 1 1 0 2
haar_x2_y2
1.716770e-003 0 -1
-1.257312e-001 1.357810e-001 
1
2
3 3 3 1 0 -1
4 3 1 1 0 3
haar_x3
-6.652549e-002 0 -1
4.796006e-001 -5.033229e-002 
1
2
0 5 3 1 0 -1
1 5 1 1 0 3
haar_x3
6.135000e-002 0 -1
3.243845e-002 -5.470698e-001 
1
2
1 0 3 1 0 -1
2 0 1 1 0 3
haar_x3
-7.236654e-002 0 -1
-6.339507e-001 1.945091e-002 
1
2
0 0 2 5 0 -1
1 0 1 5 0 2
haar_x2
-5.805484e-001 0 -1
6.772751e-001 -2.651590e-002 
1
2
0 1 2 2 0 -1
1 1 1 2 0 2
haar_x2
-9.518573e-002 0 -1
-2.650622e-001 6.812842e-002 
1
2
2 0 4 6 0 -1
2 3 4 3 0 2
haar_y2
-6.535201e-001 0 -1
-9.789563e-001 1.404824e-002 
1
2
1 0 5 4 0 -1
1 2 5 2 0 2
haar_y2
4.826301e-001 0 -1
3.405757e-002 -3.619300e-001 
1
2
3 5 3 1 0 -1
4 5 1 1 0 3
haar_x3
1.498895e-002 0 -1
7.005798e-002 -1.907661e-001 
1
2
4 3 2 2 0 -1
5 3 1 2 0 2
haar_x2
5.649017e-002 0 -1
6.338932e-002 -2.052818e-001 
1
3
4 2 2 2 0 -1
4 2 1 1 0 2
5 3 1 1 0 2
haar_x2_y2
4.352127e-002 0 -1
-5.342182e-002 3.380893e-001 
1
2
3 1 3 1 0 -1
4 1 1 1 0 3
haar_x3
3.603875e-002 0 -1
5.487649e-002 -3.032925e-001 
1
2
1 1 4 5 0 -1
2 1 2 5 0 2
haar_x4
-9.000456e-002 0 -1
7.469769e-002 -2.210114e-001 
1
2
0 1 3 3 0 -1
1 2 1 1 0 9
haar_point
-2.036669e-001 0 -1
1.128361e-001 -1.196242e-001 
1
2
1 2 2 4 0 -1
1 3 2 2 0 2
haar_y4
1.770209e-001 0 -1
4.325831e-002 -3.403719e-001 
1
2
0 2 6 3 0 -1
0 3 6 1 0 3
haar_y3
1.211308e-001 0 -1
-8.739574e-002 1.790234e-001 
1
2
0 2 2 2 0 -1
0 3 2 1 0 2
haar_y2
-1.408624e-001 0 -1
5.396792e-001 -2.936199e-002 
1
2
0 0 1 4 0 -1
0 2 1 2 0 2
haar_y2
-2.530982e-001 0 -1
-4.541697e-001 3.322512e-002 
1
2
3 2 3 4 0 -1
3 3 3 2 0 2
haar_y4
2.201794e-001 0 -1
4.609473e-002 -3.023438e-001 
1
2
4 0 2 4 0 -1
4 0 1 4 0 2
tilted_haar_x2
4.753764e-001 0 -1
2.503973e-002 -5.515158e-001 
1
2
4 4 2 2 0 -1
4 5 2 1 0 2
haar_y2
1.555325e-001 0 -1
3.807101e-002 -3.456006e-001 
1
3
3 4 2 2 0 -1
3 4 1 1 0 2
4 5 1 1 0 2
haar_x2_y2
-2.596479e-002 0 -1
-2.046163e-001 6.832283e-002 
1
2
0 1 6 4 0 -1
0 2 6 2 0 2
haar_y4
-6.732905e-001 0 -1
1.722307e-001 -8.151788e-002 
1
2
3 1 1 2 0 -1
3 1 1 1 0 2
tilted_haar_y2
-2.392216e-001 0 -1
4.647047e-001 -2.972969e-002 
1
2
0 1 3 1 0 -1
1 1 1 1 0 3
haar_x3
1.119242e-002 0 -1
8.184560e-002 -1.629929e-001 
1
2
2 1 4 2 0 -1
4 1 2 2 0 2
haar_x2
2.916889e-001 0 -1
4.625574e-002 -2.846845e-001 
1
2
2 1 3 4 0 -1
3 1 1 4 0 3
haar_x3
-7.941405e-002 0 -1
1.135132e-001 -1.466880e-001 
1
2
1 2 4 4 0 -1
3 2 2 4 0 2
haar_x2
6.653545e-001 0 -1
-2.031553e-002 6.622530e-001 
1
2
1 0 2 3 0 -1
2 0 1 3 0 2
haar_x2
5.775232e-002 0 -1
3.900395e-002 -3.309194e-001 
1
3
0 2 4 4 0 -1
0 2 2 2 0 2
2 4 2 2 0 2
haar_x2_y2
2.343418e-001 0 -1
6.226753e-002 -2.157041e-001 
1
2
4 3 2 1 0 -1
5 3 1 1 0 2
haar_x2
1.797584e-001 0 -1
-1.414138e-002 8.673210e-001 
1
2
0 2 6 4 0 -1
0 4 6 2 0 2
haar_y2
7.439446e-002 0 -1
4.947979e-001 -1.983183e-002 
1
2
2 0 3 1 0 -1
3 0 1 1 0 3
haar_x3
-6.300670e-002 0 -1
-4.726033e-001 2.613173e-002 
1
2
4 1 1 3 0 -1
3 2 1 1 0 3
tilted_haar_y3
-3.079913e-001 0 -1
2.244572e-001 -5.590644e-002 
1
3
0 4 2 2 0 -1
0 4 1 1 0 2
1 5 1 1 0 2
haar_x2_y2
-6.524804e-002 0 -1
-4.612013e-001 2.437090e-002 
1
2
0 5 3 1 0 -1
1 5 1 1 0 3
haar_x3
1.473275e-002 0 -1
6.944669e-002 -1.812011e-001 
1
3
0 2 2 2 0 -1
0 2 1 1 0 2
1 3 1 1 0 2
haar_x2_y2
3.944510e-002 0 -1
-6.952126e-002 1.813857e-001 
1
3
1 2 4 2 0 -1
1 2 2 1 0 2
3 3 2 1 0 2
haar_x2_y2
-2.334696e-001 0 -1
-8.078895e-001 1.356202e-002 
1
2
1 2 3 4 0 -1
1 4 3 2 0 2
haar_y2
1.043611e+000 0 -1
1.011051e-002 -8.125741e-001 
1
2
0 2 5 2 0 -1
0 3 5 1 0 2
haar_y2
3.954003e-001 0 -1
-4.988737e-002 1.928684e-001 
1
2
1 2 2 4 0 -1
1 3 2 2 0 2
haar_y4
9.729636e-002 0 -1
8.248737e-002 -1.781616e-001 
1
2
5 0 1 4 0 -1
5 1 1 2 0 2
haar_y4
-1.395302e-001 0 -1
-2.534029e-001 3.615897e-002 
1
2
1 4 4 1 0 -1
2 4 2 1 0 2
haar_x4
8.218265e-002 0 -1
1.079430e-002 -7.322903e-001 
-1.099962e+000

9
-1
