14
1
2
2 2 1 2 0 -1
2 3 1 1 0 2
haar_y2
-9.775460e-002 0 -1
6.872736e-001 -7.758940e-001 
1
2
1 0 3 1 0 -1
2 0 1 1 0 3
haar_x3
2.214023e-002 0 -1
-7.648786e-001 4.388610e-001 
1
2
1 0 2 4 0 -1
1 2 2 2 0 2
haar_y2
-7.996311e-003 0 -1
2.399000e-001 -8.070678e-001 
1
2
2 0 3 4 0 -1
2 1 3 2 0 2
haar_y4
3.322666e-002 0 -1
-5.196584e-001 2.029084e-001 
1
2
0 0 1 3 0 -1
0 1 1 1 0 3
haar_y3
2.275295e-003 0 -1
-4.361699e-001 2.856287e-001 
1
2
3 3 2 1 0 -1
3 3 1 1 0 2
haar_x2
-1.323099e-002 0 -1
3.923607e-001 -5.380842e-001 
1
2
1 1 2 1 0 -1
2 1 1 1 0 2
haar_x2
3.525816e-003 0 -1
-3.893287e-001 2.521432e-001 
1
2
1 3 3 2 0 -1
1 4 3 1 0 2
haar_y2
8.796683e-003 0 -1
-3.935009e-001 2.622732e-001 
1
2
1 1 2 1 0 -1
1 1 1 1 0 2
tilted_haar_x2
4.876661e-003 0 -1
-4.993109e-001 1.848852e-001 
1
3
1 0 4 4 0 -1
3 0 2 2 0 2
1 2 2 2 0 2
haar_x2_y2
-4.573165e-001 0 -1
-5.405175e-001 3.173963e-002 
1
2
0 1 4 1 0 -1
1 1 2 1 0 2
haar_x4
2.159225e-002 0 -1
-3.078754e-001 3.541602e-001 
1
2
3 3 2 2 0 -1
3 3 1 2 0 2
haar_x2
1.076403e-002 0 -1
-2.426391e-001 2.020256e-001 
1
2
2 0 1 4 0 -1
2 2 1 2 0 2
haar_y2
-4.420798e-003 0 -1
2.183654e-001 -6.214897e-001 
1
2
1 3 3 2 0 -1
2 3 1 2 0 3
haar_x3
3.095502e-003 0 -1
-3.247727e-001 3.702931e-001 
-1.750929e+000

-1
-1
