29
1
2
2 0 3 8 0 -1
2 2 3 4 0 2
haar_y4
-8.786978e-002 0 -1
2.803422e-001 -3.495570e-001 
1
3
3 0 10 2 0 -1
8 0 5 1 0 2
3 1 5 1 0 2
haar_x2_y2
5.614356e-002 0 -1
7.006919e-002 -6.367024e-001 
1
3
0 0 8 2 0 -1
0 0 4 1 0 2
4 1 4 1 0 2
haar_x2_y2
1.957631e-002 0 -1
-2.220746e-001 3.635425e-001 
1
3
4 6 10 2 0 -1
9 6 5 1 0 2
4 7 5 1 0 2
haar_x2_y2
7.488566e-003 0 -1
-1.934205e-001 1.076811e-001 
1
2
1 0 3 3 0 -1
2 0 1 3 0 3
haar_x3
2.203297e-002 0 -1
5.777379e-002 -8.280443e-001 
1
3
9 2 4 2 0 -1
11 2 2 1 0 2
9 3 2 1 0 2
haar_x2_y2
1.729665e-002 0 -1
-1.137140e-001 4.377241e-001 
1
2
3 1 1 3 0 -1
3 2 1 1 0 3
haar_y3
6.876411e-003 0 -1
-1.776492e-001 3.506255e-001 
1
2
11 2 1 3 0 -1
11 3 1 1 0 3
haar_y3
-3.542844e-002 0 -1
4.377964e-001 -6.087571e-002 
1
2
3 2 1 3 0 -1
3 3 1 1 0 3
haar_y3
6.151466e-003 0 -1
-1.464917e-001 5.193678e-001 
1
2
12 0 2 4 0 -1
11 1 2 2 0 2
tilted_haar_x4
-5.063315e-002 0 -1
1.328728e-001 -1.285026e-001 
1
3
1 6 12 2 0 -1
1 6 6 1 0 2
7 7 6 1 0 2
haar_x2_y2
-1.517947e-002 0 -1
-3.882072e-001 1.587491e-001 
1
2
9 0 2 6 0 -1
9 0 1 6 0 2
tilted_haar_y2
-1.099843e-002 0 -1
-9.305164e-002 6.537903e-002 
1
2
6 0 6 2 0 -1
6 0 6 1 0 2
tilted_haar_y2
7.738464e-002 0 -1
8.539061e-002 -6.841626e-001 
1
2
14 3 1 3 0 -1
14 4 1 1 0 3
haar_y3
1.011442e-002 0 -1
7.854141e-002 -3.363431e-001 
1
2
3 3 1 3 0 -1
3 4 1 1 0 3
haar_y3
7.615112e-003 0 -1
-2.003242e-001 2.787528e-001 
1
2
14 3 1 3 0 -1
14 4 1 1 0 3
haar_y3
2.890689e-002 0 -1
2.566690e-002 -8.018908e-001 
1
2
0 3 1 3 0 -1
0 4 1 1 0 3
haar_y3
8.744625e-003 0 -1
1.247351e-001 -4.788118e-001 
1
2
10 0 3 8 0 -1
11 0 1 8 0 3
haar_x3
-2.950286e-002 0 -1
-4.745151e-001 6.704814e-002 
1
2
1 0 1 2 0 -1
1 1 1 1 0 2
haar_y2
-4.203763e-004 0 -1
1.570289e-001 -3.613143e-001 
1
2
13 2 2 3 0 -1
13 3 2 1 0 3
haar_y3
5.906054e-002 0 -1
1.887709e-002 -8.548228e-001 
1
2
0 2 2 3 0 -1
0 3 2 1 0 3
haar_y3
3.482986e-002 0 -1
4.864293e-002 -9.065429e-001 
1
2
8 5 1 2 0 -1
8 5 1 1 0 2
tilted_haar_x2
2.288499e-002 0 -1
-7.841776e-002 4.522919e-001 
1
2
7 5 2 1 0 -1
7 5 1 1 0 2
tilted_haar_x2
-2.594802e-002 0 -1
6.779048e-001 -7.549464e-002 
1
2
7 6 2 2 0 -1
7 6 1 2 0 2
haar_x2
-1.074936e-002 0 -1
-6.438038e-001 1.147938e-001 
1
3
2 2 6 6 0 -1
2 2 3 3 0 2
5 5 3 3 0 2
haar_x2_y2
-7.267850e-002 0 -1
2.579571e-001 -2.380739e-001 
1
2
9 4 6 1 0 -1
9 4 3 1 0 2
haar_x2
-3.719790e-003 0 -1
1.834801e-001 -1.658905e-001 
1
2
4 3 6 2 0 -1
6 3 2 2 0 3
haar_x3
5.980667e-002 0 -1
8.434729e-002 -6.746665e-001 
1
2
10 0 4 4 0 -1
9 1 4 2 0 2
tilted_haar_x4
5.045496e-002 0 -1
-1.083886e-001 2.222398e-001 
1
2
5 0 4 4 0 -1
6 1 2 4 0 2
tilted_haar_x4
-1.268790e-001 0 -1
7.642913e-001 -8.993275e-002 
-9.773776e-001

10
-1
