10
1
2
4 0 2 3 0 -1
3 1 2 1 0 3
tilted_haar_y3
-2.412603e-001 0 -1
4.516351e-001 -6.430453e-001 
1
2
2 2 4 4 0 -1
2 4 4 2 0 2
haar_y2
5.755247e-001 0 -1
-5.671572e-001 3.715981e-001 
1
2
5 0 1 2 0 -1
5 0 1 1 0 2
tilted_haar_y2
1.154826e-003 0 -1
-6.735808e-001 2.167580e-001 
1
2
2 5 3 1 0 -1
3 5 1 1 0 3
haar_x3
4.574087e-002 0 -1
1.140657e-001 -8.768430e-001 
1
2
2 5 3 1 0 -1
3 5 1 1 0 3
haar_x3
-4.859315e-002 0 -1
-7.425725e-001 1.981901e-001 
1
3
3 0 2 6 0 -1
3 0 1 3 0 2
4 3 1 3 0 2
haar_x2_y2
-1.150657e-001 0 -1
-7.612603e-001 1.564040e-001 
1
2
0 2 1 4 0 -1
0 4 1 2 0 2
haar_y2
6.747446e-003 0 -1
-5.446658e-001 1.688060e-001 
1
2
0 3 4 1 0 -1
2 3 2 1 0 2
haar_x2
-1.736047e-003 0 -1
1.700146e-001 -5.907337e-001 
1
2
1 5 3 1 0 -1
2 5 1 1 0 3
haar_x3
-5.784603e-002 0 -1
-7.402097e-001 1.016177e-001 
1
2
1 5 3 1 0 -1
2 5 1 1 0 3
haar_x3
3.820768e-002 0 -1
1.391960e-001 -7.294745e-001 
-1.548961e+000

1
-1
