15
1
2
7 0 1 6 0 -1
5 2 1 2 0 3
tilted_haar_y3
-1.025673e-001 0 -1
5.425013e-001 -2.686203e-001 
1
2
12 6 1 2 0 -1
12 7 1 1 0 2
haar_y2
6.491028e-003 0 -1
1.835386e-001 -6.979926e-001 
1
2
2 5 1 3 0 -1
2 6 1 1 0 3
haar_y3
-1.099454e-002 0 -1
-8.232353e-001 9.869505e-002 
1
2
4 2 8 3 0 -1
4 3 8 1 0 3
haar_y3
-1.688291e-001 0 -1
4.750387e-001 -2.044137e-001 
1
2
1 3 12 1 0 -1
4 3 6 1 0 2
haar_x4
5.305766e-002 0 -1
-2.008093e-001 5.160108e-001 
1
2
12 0 3 2 0 -1
12 1 3 1 0 2
haar_y2
1.670611e-002 0 -1
1.583799e-001 -9.593549e-001 
1
2
1 6 2 2 0 -1
1 7 2 1 0 2
haar_y2
-1.621809e-002 0 -1
-7.485937e-001 7.790721e-002 
1
3
1 6 14 2 0 -1
8 6 7 1 0 2
1 7 7 1 0 2
haar_x2_y2
5.162817e-002 0 -1
6.926834e-002 -5.510070e-001 
1
2
4 0 7 3 0 -1
4 1 7 1 0 3
haar_y3
1.069543e-001 0 -1
-1.642500e-001 4.868719e-001 
1
2
12 0 3 2 0 -1
12 1 3 1 0 2
haar_y2
-2.553729e-003 0 -1
1.588961e-001 -3.564233e-001 
1
3
3 0 8 2 0 -1
3 0 4 1 0 2
7 1 4 1 0 2
haar_x2_y2
-3.344104e-002 0 -1
-8.451877e-001 1.026361e-001 
1
2
12 0 3 2 0 -1
12 1 3 1 0 2
haar_y2
-7.693367e-002 0 -1
-1.000000e+000 2.642813e-003 
1
2
0 0 3 2 0 -1
0 1 3 1 0 2
haar_y2
1.365414e-002 0 -1
8.040657e-002 -7.817875e-001 
1
2
13 0 2 1 0 -1
13 0 1 1 0 2
tilted_haar_y2
-1.012271e-003 0 -1
-3.426429e-001 9.613150e-002 
1
2
2 0 1 2 0 -1
2 0 1 1 0 2
tilted_haar_y2
2.465677e-002 0 -1
1.022727e-001 -7.450336e-001 
-1.104169e+000

4
-1
