16
1
2
1 0 6 6 0 -1
3 2 2 2 0 9
haar_point
9.006740e-001 0 -1
-3.728296e-001 6.818952e-001 
1
2
7 5 1 2 0 -1
7 5 1 1 0 2
tilted_haar_x2
-6.757165e-002 0 -1
-5.898782e-001 1.279191e-001 
1
2
1 5 2 1 0 -1
1 5 1 1 0 2
tilted_haar_x2
-3.705161e-002 0 -1
-7.289119e-001 2.090084e-001 
1
2
2 2 4 4 0 -1
2 3 4 2 0 2
haar_y4
1.398705e-001 0 -1
-2.630234e-001 4.329732e-001 
1
2
0 0 6 6 0 -1
0 2 6 2 0 3
haar_y3
4.874797e-001 0 -1
-2.065793e-001 5.364478e-001 
1
3
6 0 2 4 0 -1
7 0 1 2 0 2
6 2 1 2 0 2
haar_x2_y2
-1.631312e-002 0 -1
4.889036e-001 -1.503710e-001 
1
2
0 2 1 6 0 -1
0 5 1 3 0 2
haar_y2
4.478589e-002 0 -1
1.329567e-001 -6.349063e-001 
1
2
7 3 1 4 0 -1
7 5 1 2 0 2
haar_y2
-6.008375e-002 0 -1
-5.335339e-001 1.467568e-001 
1
2
0 4 4 3 0 -1
2 4 2 3 0 2
haar_x2
-4.829748e-002 0 -1
3.231857e-001 -2.400982e-001 
1
2
5 0 3 4 0 -1
6 0 1 4 0 3
haar_x3
-6.972094e-003 0 -1
2.825233e-001 -3.578463e-001 
1
2
0 0 3 4 0 -1
1 0 1 4 0 3
haar_x3
-4.513329e-003 0 -1
2.631455e-001 -3.619127e-001 
1
2
5 0 3 1 0 -1
6 1 1 1 0 3
tilted_haar_y3
2.686606e-002 0 -1
1.075093e-001 -5.641721e-001 
1
2
3 0 1 3 0 -1
2 1 1 1 0 3
tilted_haar_y3
-5.715033e-002 0 -1
-6.846706e-001 9.684207e-002 
1
3
1 0 6 8 0 -1
4 0 3 4 0 2
1 4 3 4 0 2
haar_x2_y2
-2.629663e-001 0 -1
-6.661791e-001 7.299661e-002 
1
2
0 5 8 2 0 -1
0 6 8 1 0 2
haar_y2
3.901027e-001 0 -1
5.157717e-002 -9.701878e-001 
1
2
7 3 1 4 0 -1
7 4 1 2 0 2
haar_y4
-5.330301e-002 0 -1
-5.337590e-001 8.246908e-002 
-1.339183e+000

8
-1
