190
1
2
3 3 3 1 0 -1
4 3 1 1 0 3
haar_x3
4.949180e-002 0 -1
-1.513468e-001 2.656744e-001 
1
3
0 3 2 2 0 -1
0 3 1 1 0 2
1 4 1 1 0 2
haar_x2_y2
-2.105893e-002 0 -1
2.384098e-001 -1.255307e-001 
1
2
1 0 4 2 0 -1
3 0 2 2 0 2
haar_x2
7.182023e-002 0 -1
-1.566850e-001 1.283214e-001 
1
2
2 1 3 4 0 -1
2 2 3 2 0 2
haar_y4
-5.891363e-001 0 -1
2.376563e-001 -6.709390e-002 
1
2
0 2 4 1 0 -1
2 2 2 1 0 2
haar_x2
-1.484201e-002 0 -1
5.231559e-002 -2.495739e-001 
1
2
0 1 1 3 0 -1
0 2 1 1 0 3
haar_y3
-2.079920e-002 0 -1
1.037816e-001 -1.358884e-001 
1
2
1 0 5 6 0 -1
1 3 5 3 0 2
haar_y2
1.970136e-001 0 -1
-2.032362e-001 7.776432e-002 
1
2
0 2 4 4 0 -1
0 3 4 2 0 2
haar_y4
2.520491e-001 0 -1
4.604084e-002 -2.311146e-001 
1
2
3 5 2 1 0 -1
4 5 1 1 0 2
haar_x2
5.379462e-002 0 -1
1.097096e-003 -4.941724e-001 
1
2
2 5 4 1 0 -1
4 5 2 1 0 2
haar_x2
2.676788e-002 0 -1
-8.656757e-002 1.347326e-001 
1
2
3 1 2 2 0 -1
3 1 2 1 0 2
tilted_haar_y2
-3.196509e-001 0 -1
1.573317e-001 -5.391089e-002 
1
2
4 1 1 3 0 -1
3 2 1 1 0 3
tilted_haar_y3
-3.212053e-001 0 -1
2.046290e-001 -5.797955e-002 
1
2
3 2 1 3 0 -1
3 3 1 1 0 3
haar_y3
3.986146e-002 0 -1
-5.574409e-002 2.129758e-001 
1
2
2 2 3 3 0 -1
3 3 1 1 0 9
haar_point
-3.775445e-001 0 -1
1.223073e-001 -7.341444e-002 
1
2
2 2 4 2 0 -1
4 2 2 2 0 2
haar_x2
2.761008e-001 0 -1
4.818817e-002 -2.011761e-001 
1
2
2 1 4 3 0 -1
4 1 2 3 0 2
haar_x2
1.477664e-001 0 -1
-1.158287e-001 8.436991e-002 
1
2
1 2 4 2 0 -1
2 2 2 2 0 2
haar_x4
6.747216e-002 0 -1
-2.302029e-002 4.831081e-001 
1
2
1 0 3 2 0 -1
2 0 1 2 0 3
haar_x3
-9.088326e-002 0 -1
-3.547313e-001 2.605855e-002 
1
2
0 1 2 4 0 -1
0 3 2 2 0 2
haar_y2
5.313390e-001 0 -1
1.662852e-002 -4.209020e-001 
1
2
2 3 2 1 0 -1
2 3 1 1 0 2
tilted_haar_x2
-1.643217e-001 0 -1
-4.367552e-001 1.661850e-002 
1
2
0 3 3 1 0 -1
1 3 1 1 0 3
haar_x3
-5.376019e-002 0 -1
2.345866e-001 -3.943550e-002 
1
2
0 0 3 2 0 -1
1 0 1 2 0 3
haar_x3
-9.962188e-002 0 -1
-2.962861e-001 2.661051e-002 
1
2
0 0 3 1 0 -1
1 0 1 1 0 3
haar_x3
-7.321670e-003 0 -1
8.863588e-002 -1.416555e-001 
1
2
1 3 3 1 0 -1
2 3 1 1 0 3
haar_x3
-4.243442e-002 0 -1
9.435708e-002 -8.924239e-002 
1
2
0 3 3 3 0 -1
1 4 1 1 0 9
haar_point
1.071886e-001 0 -1
7.562467e-002 -1.063112e-001 
1
2
3 0 3 2 0 -1
4 0 1 2 0 3
haar_x3
1.011287e-001 0 -1
1.838716e-002 -4.385304e-001 
1
2
1 3 2 1 0 -1
1 3 1 1 0 2
tilted_haar_x2
-1.171674e-002 0 -1
6.260070e-002 -1.304204e-001 
1
3
4 1 2 2 0 -1
4 1 1 1 0 2
5 2 1 1 0 2
haar_x2_y2
1.755500e-002 0 -1
-8.633626e-002 9.643207e-002 
1
2
3 0 2 3 0 -1
3 1 2 1 0 3
haar_y3
-1.998284e-001 0 -1
2.630687e-001 -3.261393e-002 
1
2
0 0 6 1 0 -1
2 0 2 1 0 3
haar_x3
-1.598525e-001 0 -1
2.292258e-001 -3.715897e-002 
1
2
5 1 1 2 0 -1
5 2 1 1 0 2
haar_y2
-1.151294e-002 0 -1
6.244174e-002 -1.557506e-001 
1
2
2 2 3 2 0 -1
3 2 1 2 0 3
haar_x3
-1.424707e-001 0 -1
1.257657e-001 -6.566130e-002 
1
2
3 3 2 2 0 -1
4 3 1 2 0 2
haar_x2
9.163192e-002 0 -1
5.167706e-002 -1.615466e-001 
1
2
0 3 6 1 0 -1
2 3 2 1 0 3
haar_x3
1.101699e-001 0 -1
1.880377e-002 -4.527857e-001 
1
2
2 0 3 2 0 -1
3 0 1 2 0 3
haar_x3
-1.397226e-001 0 -1
-7.305709e-001 8.126987e-003 
1
2
3 4 2 1 0 -1
4 4 1 1 0 2
haar_x2
1.834743e-001 0 -1
-1.176664e-002 7.016300e-001 
1
2
1 2 1 2 0 -1
1 3 1 1 0 2
haar_y2
6.543563e-002 0 -1
-7.704767e-002 9.699965e-002 
1
2
1 5 3 1 0 -1
2 5 1 1 0 3
haar_x3
-4.970507e-002 0 -1
-3.109890e-001 2.146114e-002 
1
2
1 4 3 2 0 -1
2 4 1 2 0 3
haar_x3
-1.244053e-003 0 -1
6.740475e-002 -1.164710e-001 
1
2
4 1 1 4 0 -1
4 3 1 2 0 2
haar_y2
2.111215e-001 0 -1
3.421297e-002 -2.171158e-001 
1
2
4 2 1 4 0 -1
4 3 1 2 0 2
haar_y4
1.793406e-003 0 -1
-9.716474e-002 6.853084e-002 
1
2
0 1 6 3 0 -1
0 2 6 1 0 3
haar_y3
-1.144050e+000 0 -1
-5.108361e-001 1.568291e-002 
1
2
1 1 2 4 0 -1
1 3 2 2 0 2
haar_y2
4.764826e-001 0 -1
1.828159e-002 -3.552043e-001 
1
2
2 4 3 2 0 -1
3 4 1 2 0 3
haar_x3
-1.470746e-003 0 -1
6.573809e-002 -1.082180e-001 
1
2
0 4 6 2 0 -1
2 4 2 2 0 3
haar_x3
1.796230e-001 0 -1
-2.256955e-002 4.052815e-001 
1
2
0 3 3 1 0 -1
1 3 1 1 0 3
haar_x3
-1.628772e-002 0 -1
1.458611e-001 -5.266984e-002 
1
2
3 5 3 1 0 -1
4 5 1 1 0 3
haar_x3
-4.003705e-002 0 -1
-2.787884e-001 2.209030e-002 
1
2
4 2 1 4 0 -1
4 4 1 2 0 2
haar_y2
2.707327e-001 0 -1
4.199833e-002 -1.593189e-001 
1
2
3 2 3 2 0 -1
4 2 1 2 0 3
haar_x3
-7.377424e-002 0 -1
1.869764e-001 -5.277398e-002 
1
3
4 3 2 2 0 -1
4 3 1 1 0 2
5 4 1 1 0 2
haar_x2_y2
1.571102e-003 0 -1
-8.093573e-002 9.579182e-002 
1
3
4 0 2 6 0 -1
4 0 1 3 0 2
5 3 1 3 0 2
haar_x2_y2
-1.417364e-001 0 -1
-2.809393e-001 2.802957e-002 
1
2
2 0 2 6 0 -1
2 3 2 3 0 2
haar_y2
-4.364370e-001 0 -1
-8.282962e-001 6.620253e-003 
1
2
0 3 4 1 0 -1
2 3 2 1 0 2
haar_x2
1.114949e-001 0 -1
4.993665e-003 -8.908560e-001 
1
2
2 0 1 2 0 -1
2 0 1 1 0 2
tilted_haar_y2
-9.762934e-002 0 -1
-1.975139e-001 3.009377e-002 
1
2
4 1 2 1 0 -1
5 1 1 1 0 2
haar_x2
1.925524e-003 0 -1
-1.017053e-001 5.951733e-002 
1
2
2 0 2 2 0 -1
2 1 2 1 0 2
haar_y2
2.114813e-002 0 -1
-5.340207e-002 1.415308e-001 
1
2
0 0 6 3 0 -1
0 1 6 1 0 3
haar_y3
1.090517e+000 0 -1
8.621178e-003 -7.968040e-001 
1
2
0 1 4 2 0 -1
1 1 2 2 0 2
haar_x4
-1.248859e-002 0 -1
5.765502e-002 -9.810256e-002 
1
2
3 0 1 3 0 -1
2 1 1 1 0 3
tilted_haar_y3
-1.821521e-001 0 -1
-1.262205e-001 5.026239e-002 
1
2
0 0 6 1 0 -1
2 0 2 1 0 3
haar_x3
6.208289e-002 0 -1
-4.987421e-002 1.442879e-001 
1
2
1 0 3 1 0 -1
2 0 1 1 0 3
haar_x3
1.698355e-002 0 -1
4.244870e-002 -1.760461e-001 
1
2
2 1 1 2 0 -1
2 1 1 1 0 2
tilted_haar_y2
-2.368619e-001 0 -1
2.830723e-001 -2.253245e-002 
1
2
2 5 3 1 0 -1
3 5 1 1 0 3
haar_x3
-1.759699e-002 0 -1
-1.305295e-001 4.416078e-002 
1
2
1 5 2 1 0 -1
2 5 1 1 0 2
haar_x2
4.895596e-002 0 -1
1.013323e-002 -5.525127e-001 
1
2
2 0 3 1 0 -1
3 0 1 1 0 3
haar_x3
4.999094e-002 0 -1
1.734811e-002 -2.830413e-001 
1
2
1 0 2 1 0 -1
2 0 1 1 0 2
haar_x2
1.807741e-003 0 -1
-9.759277e-002 6.266597e-002 
1
2
0 1 1 2 0 -1
0 2 1 1 0 2
haar_y2
7.358640e-002 0 -1
2.014189e-002 -3.060173e-001 
1
2
2 2 3 4 0 -1
3 2 1 4 0 3
haar_x3
-7.784844e-002 0 -1
6.302164e-002 -9.646383e-002 
1
2
3 2 2 1 0 -1
4 2 1 1 0 2
haar_x2
8.101091e-002 0 -1
2.994101e-002 -2.435365e-001 
1
2
1 3 3 1 0 -1
2 3 1 1 0 3
haar_x3
-8.471079e-002 0 -1
1.408427e-001 -5.685401e-002 
1
3
1 2 2 2 0 -1
1 2 1 1 0 2
2 3 1 1 0 2
haar_x2_y2
6.940079e-002 0 -1
-2.245449e-002 3.216109e-001 
1
2
0 0 2 4 0 -1
0 1 2 2 0 2
haar_y4
-4.152223e-002 0 -1
4.876494e-002 -1.485507e-001 
1
2
0 2 6 3 0 -1
0 3 6 1 0 3
haar_y3
-7.590082e-001 0 -1
3.445064e-001 -2.056216e-002 
1
2
2 3 1 2 0 -1
2 4 1 1 0 2
haar_y2
1.753813e-001 0 -1
1.014488e-002 -6.812994e-001 
1
3
0 0 6 6 0 -1
0 0 3 3 0 2
3 3 3 3 0 2
haar_x2_y2
-5.716654e-001 0 -1
-2.163357e-001 2.597946e-002 
1
2
2 4 4 2 0 -1
4 4 2 2 0 2
haar_x2
-5.651441e-002 0 -1
1.530008e-001 -4.094562e-002 
1
2
4 5 2 1 0 -1
5 5 1 1 0 2
haar_x2
2.316085e-003 0 -1
-9.687194e-002 7.825223e-002 
1
2
1 4 2 1 0 -1
2 4 1 1 0 2
haar_x2
5.693633e-002 0 -1
7.543365e-003 -7.499056e-001 
1
2
4 5 2 1 0 -1
5 5 1 1 0 2
haar_x2
-1.623351e-003 0 -1
9.924582e-002 -5.481244e-002 
1
2
2 3 4 1 0 -1
4 3 2 1 0 2
haar_x2
2.745695e-001 0 -1
-2.404086e-002 2.721098e-001 
1
2
5 3 1 3 0 -1
5 4 1 1 0 3
haar_y3
1.216360e-001 0 -1
1.819273e-002 -3.346717e-001 
1
3
0 3 6 2 0 -1
0 3 3 1 0 2
3 4 3 1 0 2
haar_x2_y2
2.593848e-002 0 -1
-1.137855e-001 6.365108e-002 
1
2
2 1 4 1 0 -1
3 2 2 1 0 2
tilted_haar_x4
-3.842734e-001 0 -1
-2.600882e-001 2.488382e-002 
1
2
2 2 4 3 0 -1
4 2 2 3 0 2
haar_x2
2.075967e-003 0 -1
-1.599514e-001 4.929326e-002 
1
2
4 4 1 2 0 -1
4 5 1 1 0 2
haar_y2
3.140776e-002 0 -1
-7.331747e-002 7.507797e-002 
1
3
0 4 4 2 0 -1
0 4 2 1 0 2
2 5 2 1 0 2
haar_x2_y2
-7.551169e-002 0 -1
2.500054e-001 -2.372137e-002 
1
2
0 3 2 3 0 -1
0 4 2 1 0 3
haar_y3
-3.526587e-001 0 -1
-1.000000e+000 6.291584e-003 
1
2
0 0 1 6 0 -1
0 2 1 2 0 3
haar_y3
3.252500e-001 0 -1
-1.522707e-002 4.297557e-001 
1
2
4 1 2 2 0 -1
5 1 1 2 0 2
haar_x2
7.720555e-002 0 -1
4.095323e-002 -1.371315e-001 
1
3
4 2 2 2 0 -1
4 2 1 1 0 2
5 3 1 1 0 2
haar_x2_y2
-5.909329e-002 0 -1
1.603653e-001 -3.963663e-002 
1
3
4 2 2 2 0 -1
4 2 1 1 0 2
5 3 1 1 0 2
haar_x2_y2
3.186076e-002 0 -1
-3.770518e-002 1.629131e-001 
1
3
4 0 2 6 0 -1
4 0 1 3 0 2
5 3 1 3 0 2
haar_x2_y2
4.443229e-002 0 -1
4.355770e-002 -1.585427e-001 
1
3
4 0 2 4 0 -1
4 0 1 2 0 2
5 2 1 2 0 2
haar_x2_y2
5.435413e-001 0 -1
-8.740702e-003 7.135224e-001 
1
2
0 4 2 2 0 -1
1 4 1 2 0 2
haar_x2
1.158682e-001 0 -1
9.704530e-003 -6.338028e-001 
1
2
4 0 2 4 0 -1
3 1 2 2 0 2
tilted_haar_y4
2.825096e-001 0 -1
-9.804348e-003 7.018782e-001 
1
2
4 2 1 3 0 -1
4 3 1 1 0 3
haar_y3
9.923684e-002 0 -1
2.531378e-002 -2.198801e-001 
1
3
1 3 2 2 0 -1
1 3 1 1 0 2
2 4 1 1 0 2
haar_x2_y2
-1.206959e-002 0 -1
1.539943e-001 -3.869278e-002 
1
2
0 5 6 1 0 -1
3 5 3 1 0 2
haar_x2
5.853419e-001 0 -1
6.216922e-003 -8.681907e-001 
1
2
2 4 3 2 0 -1
3 4 1 2 0 3
haar_x3
1.107206e-001 0 -1
4.081431e-003 -9.116071e-001 
1
2
3 0 1 3 0 -1
2 1 1 1 0 3
tilted_haar_y3
-3.192671e-001 0 -1
-2.850562e-001 1.555026e-002 
1
2
0 0 6 1 0 -1
2 0 2 1 0 3
haar_x3
1.122459e-001 0 -1
-3.084532e-002 1.815956e-001 
1
2
1 0 3 1 0 -1
2 0 1 1 0 3
haar_x3
-1.664369e-003 0 -1
7.377012e-002 -9.684341e-002 
1
2
3 0 3 3 0 -1
2 1 3 1 0 3
tilted_haar_y3
-2.987595e-001 0 -1
5.874823e-002 -9.632427e-002 
1
2
3 0 3 1 0 -1
4 1 1 1 0 3
tilted_haar_x3
-2.188824e-001 0 -1
1.508818e-001 -3.805059e-002 
1
2
2 3 3 1 0 -1
3 3 1 1 0 3
haar_x3
2.803941e-002 0 -1
-3.068618e-002 2.052884e-001 
1
2
3 1 2 3 0 -1
2 2 2 1 0 3
tilted_haar_y3
4.090880e-001 0 -1
-1.962840e-002 3.065848e-001 
1
2
2 1 3 4 0 -1
3 1 1 4 0 3
haar_x3
-5.433244e-001 0 -1
-8.658609e-001 7.611235e-003 
1
2
3 0 2 1 0 -1
4 0 1 1 0 2
haar_x2
1.552318e-003 0 -1
-1.021149e-001 5.070436e-002 
1
2
5 0 1 2 0 -1
5 1 1 1 0 2
haar_y2
-1.237967e-001 0 -1
-3.676195e-001 1.411982e-002 
1
2
2 0 3 1 0 -1
3 0 1 1 0 3
haar_x3
-1.898173e-002 0 -1
-1.458613e-001 3.317628e-002 
1
2
2 0 4 1 0 -1
3 0 2 1 0 2
haar_x4
-3.243701e-003 0 -1
1.105111e-001 -6.182845e-002 
1
2
3 0 1 2 0 -1
3 0 1 1 0 2
tilted_haar_y2
-1.185172e-001 0 -1
-2.947052e-001 1.667970e-002 
1
2
2 0 4 2 0 -1
2 0 2 2 0 2
tilted_haar_x2
-7.811429e-001 0 -1
-4.205678e-001 1.218960e-002 
1
2
2 2 1 4 0 -1
2 3 1 2 0 2
haar_y4
1.184143e-001 0 -1
1.486897e-002 -3.104479e-001 
1
2
0 2 5 2 0 -1
0 3 5 1 0 2
haar_y2
4.114281e-001 0 -1
-3.515021e-002 1.699427e-001 
1
2
2 0 3 1 0 -1
3 1 1 1 0 3
tilted_haar_x3
3.132450e-002 0 -1
-5.254286e-002 1.133337e-001 
1
2
0 1 6 1 0 -1
2 1 2 1 0 3
haar_x3
-3.444781e-002 0 -1
6.586359e-002 -9.334870e-002 
1
2
4 1 2 1 0 -1
5 1 1 1 0 2
haar_x2
-6.016575e-003 0 -1
1.426883e-001 -5.029888e-002 
1
2
3 1 3 1 0 -1
4 1 1 1 0 3
haar_x3
-1.713146e-003 0 -1
9.378679e-002 -8.120669e-002 
1
2
3 0 3 2 0 -1
4 0 1 2 0 3
haar_x3
-4.605130e-002 0 -1
-1.833870e-001 2.763517e-002 
1
2
0 5 6 1 0 -1
3 5 3 1 0 2
haar_x2
1.098711e-002 0 -1
-6.902410e-002 7.086908e-002 
1
2
2 5 4 1 0 -1
3 5 2 1 0 2
haar_x4
-1.606461e-003 0 -1
6.803747e-002 -7.973316e-002 
1
2
4 3 1 2 0 -1
4 4 1 1 0 2
haar_y2
1.569672e-001 0 -1
1.071243e-002 -4.663710e-001 
1
2
4 3 1 3 0 -1
4 4 1 1 0 3
haar_y3
8.925715e-002 0 -1
-3.680139e-002 1.550855e-001 
1
2
3 4 3 2 0 -1
3 5 3 1 0 2
haar_y2
-1.603768e-001 0 -1
-6.750398e-001 9.682506e-003 
1
3
0 0 2 6 0 -1
0 0 1 3 0 2
1 3 1 3 0 2
haar_x2_y2
1.482956e-001 0 -1
1.854341e-002 -2.343993e-001 
1
2
1 1 2 2 0 -1
2 1 1 2 0 2
haar_x2
-1.974669e-001 0 -1
4.154595e-001 -1.227614e-002 
1
2
1 0 3 6 0 -1
2 0 1 6 0 3
haar_x3
-5.165123e-001 0 -1
-6.971619e-001 7.654285e-003 
1
2
0 2 3 4 0 -1
0 3 3 2 0 2
haar_y4
-2.194939e-001 0 -1
-3.074813e-001 1.488331e-002 
1
2
0 1 5 4 0 -1
0 3 5 2 0 2
haar_y2
-3.534387e-001 0 -1
3.078798e-001 -1.749139e-002 
1
2
2 1 3 2 0 -1
2 1 3 1 0 2
tilted_haar_y2
-2.804291e-001 0 -1
4.190055e-002 -1.166752e-001 
1
3
0 0 2 4 0 -1
0 0 1 2 0 2
1 2 1 2 0 2
haar_x2_y2
1.622675e-003 0 -1
-6.813289e-002 8.577944e-002 
1
2
2 0 3 2 0 -1
2 0 3 1 0 2
tilted_haar_y2
1.226518e-001 0 -1
-2.054668e-002 3.165432e-001 
1
2
0 0 5 6 0 -1
0 3 5 3 0 2
haar_y2
-8.170612e-001 0 -1
-8.358267e-001 6.226659e-003 
1
2
3 3 1 2 0 -1
3 4 1 1 0 2
haar_y2
2.009224e-001 0 -1
3.212317e-003 -1.000022e+000 
1
2
0 4 6 2 0 -1
2 4 2 2 0 3
haar_x3
3.373469e-001 0 -1
-9.218288e-003 6.699815e-001 
1
2
0 1 3 3 0 -1
1 2 1 1 0 9
haar_point
-7.371154e-002 0 -1
5.024977e-002 -9.584965e-002 
1
3
1 1 2 2 0 -1
1 1 1 1 0 2
2 2 1 1 0 2
haar_x2_y2
-3.811726e-002 0 -1
9.283578e-002 -7.955786e-002 
1
2
1 2 3 2 0 -1
2 2 1 2 0 3
haar_x3
4.149613e-002 0 -1
-4.226587e-002 1.667229e-001 
1
2
1 1 3 5 0 -1
2 1 1 5 0 3
haar_x3
-6.688601e-002 0 -1
6.819452e-002 -1.014679e-001 
1
2
3 0 2 3 0 -1
3 1 2 1 0 3
haar_y3
-1.191843e-001 0 -1
1.534538e-001 -3.801005e-002 
1
2
4 0 2 1 0 -1
5 0 1 1 0 2
haar_x2
-5.372178e-002 0 -1
-3.442191e-001 1.430071e-002 
1
2
5 0 1 3 0 -1
5 1 1 1 0 3
haar_y3
2.355504e-002 0 -1
-7.596419e-002 6.926667e-002 
1
2
5 0 1 6 0 -1
5 2 1 2 0 3
haar_y3
1.021269e-001 0 -1
-1.907942e-002 2.824005e-001 
1
2
0 0 6 1 0 -1
3 0 3 1 0 2
haar_x2
3.948942e-001 0 -1
1.006540e-002 -5.086395e-001 
1
2
0 0 4 1 0 -1
2 0 2 1 0 2
haar_x2
6.252603e-002 0 -1
-5.025053e-002 9.991951e-002 
1
2
1 1 4 4 0 -1
3 1 2 4 0 2
haar_x2
-4.293808e-001 0 -1
1.853133e-001 -2.938669e-002 
1
2
0 4 1 2 0 -1
0 5 1 1 0 2
haar_y2
1.028645e-002 0 -1
-9.364024e-002 6.383735e-002 
1
2
0 0 2 3 0 -1
1 0 1 3 0 2
haar_x2
4.956528e-002 0 -1
2.697083e-002 -2.165058e-001 
1
2
0 2 6 3 0 -1
0 3 6 1 0 3
haar_y3
-8.874697e-001 0 -1
4.176251e-001 -1.415588e-002 
1
2
0 5 2 1 0 -1
1 5 1 1 0 2
haar_x2
1.706875e-003 0 -1
-5.724264e-002 8.383639e-002 
1
2
0 5 4 1 0 -1
1 5 2 1 0 2
haar_x4
-3.810611e-003 0 -1
8.230216e-002 -8.027832e-002 
1
2
1 5 3 1 0 -1
2 5 1 1 0 3
haar_x3
-2.796667e-002 0 -1
-1.629331e-001 3.511557e-002 
1
2
0 3 6 3 0 -1
0 4 6 1 0 3
haar_y3
-3.992420e-001 0 -1
-3.605032e-001 1.201451e-002 
1
2
0 3 3 3 0 -1
1 4 1 1 0 9
haar_point
-6.421915e-002 0 -1
1.124915e-001 -4.414838e-002 
1
2
5 1 1 4 0 -1
5 1 1 2 0 2
tilted_haar_y2
-1.915753e-001 0 -1
3.657439e-002 -1.431385e-001 
1
2
3 3 3 1 0 -1
4 3 1 1 0 3
haar_x3
1.567943e-001 0 -1
-1.911720e-002 2.905177e-001 
1
2
2 4 4 1 0 -1
4 4 2 1 0 2
haar_x2
3.989659e-001 0 -1
-1.276220e-002 4.331744e-001 
1
2
3 5 3 1 0 -1
4 5 1 1 0 3
haar_x3
-4.946760e-002 0 -1
-3.284088e-001 1.706934e-002 
1
2
0 0 1 2 0 -1
0 1 1 1 0 2
haar_y2
-1.465728e-001 0 -1
-6.978388e-001 6.484802e-003 
1
2
0 1 2 1 0 -1
1 1 1 1 0 2
haar_x2
1.849736e-003 0 -1
-5.051988e-002 9.723968e-002 
1
2
1 0 3 1 0 -1
2 1 1 1 0 3
tilted_haar_x3
-1.512069e-001 0 -1
1.840546e-001 -3.395429e-002 
1
2
0 0 3 2 0 -1
1 0 1 2 0 3
haar_x3
-1.539522e-001 0 -1
-4.156418e-001 1.478949e-002 
1
2
2 1 2 2 0 -1
2 1 2 1 0 2
tilted_haar_y2
-5.881705e-001 0 -1
4.170269e-001 -1.409584e-002 
1
2
2 2 2 3 0 -1
2 3 2 1 0 3
haar_y3
-1.402268e-001 0 -1
9.161983e-002 -5.759451e-002 
1
2
2 2 2 4 0 -1
2 3 2 2 0 2
haar_y4
-7.646470e-002 0 -1
-1.213640e-001 4.593845e-002 
1
2
1 4 2 1 0 -1
2 4 1 1 0 2
haar_x2
2.169167e-002 0 -1
2.150410e-002 -2.308537e-001 
1
2
2 1 1 2 0 -1
2 1 1 1 0 2
tilted_haar_y2
-1.009245e-001 0 -1
-8.856612e-002 5.276389e-002 
1
2
0 1 3 2 0 -1
1 1 1 2 0 3
haar_x3
-2.635624e-003 0 -1
7.141067e-002 -7.853633e-002 
1
2
1 1 2 2 0 -1
2 1 1 2 0 2
haar_x2
8.617364e-002 0 -1
8.409302e-003 -6.195907e-001 
1
2
2 2 2 2 0 -1
2 2 1 2 0 2
tilted_haar_x2
-1.964957e-001 0 -1
-1.656695e-001 2.671879e-002 
1
2
1 2 1 2 0 -1
1 3 1 1 0 2
haar_y2
1.132736e-001 0 -1
2.255773e-002 -1.987816e-001 
1
2
2 1 3 2 0 -1
3 2 1 2 0 3
tilted_haar_x3
-4.615948e-001 0 -1
-2.681446e-001 1.794243e-002 
1
2
2 2 3 2 0 -1
3 2 1 2 0 3
haar_x3
4.605326e-002 0 -1
-2.893437e-002 2.164762e-001 
1
2
3 2 2 2 0 -1
4 2 1 2 0 2
haar_x2
6.108326e-003 0 -1
-1.282571e-001 3.646596e-002 
1
2
3 2 3 1 0 -1
4 2 1 1 0 3
haar_x3
-1.342221e-002 0 -1
8.654712e-002 -6.609076e-002 
1
2
4 1 2 2 0 -1
5 1 1 2 0 2
haar_x2
6.312181e-002 0 -1
5.062835e-002 -1.166825e-001 
1
2
0 2 1 3 0 -1
0 3 1 1 0 3
haar_y3
-1.587709e-001 0 -1
-7.612200e-001 5.167132e-003 
1
3
0 4 2 2 0 -1
0 4 1 1 0 2
1 5 1 1 0 2
haar_x2_y2
2.371516e-002 0 -1
-4.443261e-002 1.132521e-001 
1
2
0 3 2 2 0 -1
1 3 1 2 0 2
haar_x2
3.622662e-002 0 -1
-3.815703e-002 1.339063e-001 
1
2
4 1 2 3 0 -1
5 1 1 3 0 2
haar_x2
-1.181434e-001 0 -1
-3.543978e-001 1.386588e-002 
1
2
3 0 3 1 0 -1
4 1 1 1 0 3
tilted_haar_x3
-3.506834e-001 0 -1
3.535447e-001 -1.600491e-002 
1
2
2 0 1 6 0 -1
2 3 1 3 0 2
haar_y2
3.521388e-001 0 -1
-2.897651e-002 1.726553e-001 
1
2
4 0 1 6 0 -1
4 3 1 3 0 2
haar_y2
3.709974e-001 0 -1
1.790679e-002 -2.581052e-001 
1
2
0 5 4 1 0 -1
1 5 2 1 0 2
haar_x4
-2.300469e-002 0 -1
1.118056e-001 -4.809279e-002 
1
3
2 2 2 2 0 -1
2 2 1 1 0 2
3 3 1 1 0 2
haar_x2_y2
4.555344e-002 0 -1
-2.691441e-002 1.672152e-001 
1
2
1 1 3 2 0 -1
2 1 1 2 0 3
haar_x3
-1.898764e-003 0 -1
4.787740e-002 -1.062617e-001 
1
2
1 3 3 1 0 -1
2 3 1 1 0 3
haar_x3
2.909573e-002 0 -1
-3.775312e-002 1.459768e-001 
1
2
3 3 2 1 0 -1
4 3 1 1 0 2
haar_x2
-8.858088e-002 0 -1
-8.908700e-001 6.120488e-003 
1
2
1 0 3 2 0 -1
2 0 1 2 0 3
haar_x3
-5.420026e-002 0 -1
-1.362845e-001 3.193871e-002 
-8.609219e-001

16
-1
