36
1
3
1 1 4 4 0 -1
1 1 2 2 0 2
3 3 2 2 0 2
haar_x2_y2
-7.757388e-002 0 -1
3.693365e-001 -3.538530e-001 
1
2
0 2 8 3 0 -1
0 3 8 1 0 3
haar_y3
-1.891226e-001 0 -1
4.342074e-001 -2.264542e-001 
1
2
2 1 4 3 0 -1
2 2 4 1 0 3
haar_y3
-1.033172e-001 0 -1
5.001412e-001 -1.744470e-001 
1
2
3 7 3 1 0 -1
4 7 1 1 0 3
haar_x3
-1.176970e-002 0 -1
-5.819135e-001 1.122788e-001 
1
2
1 3 6 3 0 -1
3 4 2 1 0 9
haar_point
-3.444461e-001 0 -1
3.411065e-001 -1.726018e-001 
1
2
2 7 4 1 0 -1
3 7 2 1 0 2
haar_x4
1.035452e-002 0 -1
1.134778e-001 -5.398944e-001 
1
2
2 7 3 1 0 -1
3 7 1 1 0 3
haar_x3
-1.145831e-002 0 -1
-5.026259e-001 1.241038e-001 
1
3
6 6 2 2 0 -1
7 6 1 1 0 2
6 7 1 1 0 2
haar_x2_y2
7.147649e-004 0 -1
-1.129750e-001 1.370232e-001 
1
2
2 0 3 1 0 -1
3 0 1 1 0 3
haar_x3
1.605856e-002 0 -1
7.771125e-002 -6.683357e-001 
1
2
5 0 3 1 0 -1
6 0 1 1 0 3
haar_x3
1.655656e-002 0 -1
5.873241e-002 -5.305472e-001 
1
2
0 0 3 1 0 -1
1 0 1 1 0 3
haar_x3
-6.933115e-004 0 -1
2.068114e-001 -2.604022e-001 
1
2
1 0 7 4 0 -1
1 2 7 2 0 2
haar_y2
2.982691e-002 0 -1
1.152341e-001 -4.030764e-001 
1
2
0 0 3 1 0 -1
1 0 1 1 0 3
haar_x3
-1.388326e-002 0 -1
-4.759549e-001 1.044369e-001 
1
2
5 5 1 3 0 -1
5 6 1 1 0 3
haar_y3
-2.926649e-004 0 -1
1.007591e-001 -9.002222e-002 
1
2
0 6 8 2 0 -1
4 6 4 2 0 2
haar_x2
-1.004577e-001 0 -1
-3.801584e-001 1.316375e-001 
1
2
2 3 6 5 0 -1
2 3 3 5 0 2
haar_x2
-8.706266e-001 0 -1
5.994502e-001 -2.509075e-002 
1
2
0 3 6 5 0 -1
3 3 3 5 0 2
haar_x2
2.433529e-002 0 -1
1.200064e-001 -4.691547e-001 
1
2
7 2 1 6 0 -1
7 5 1 3 0 2
haar_y2
4.707572e-004 0 -1
-3.957469e-001 5.106538e-002 
1
2
0 0 8 4 0 -1
0 1 8 2 0 2
haar_y4
2.553255e-001 0 -1
-9.508879e-002 5.146129e-001 
1
2
7 2 1 6 0 -1
7 5 1 3 0 2
haar_y2
1.627394e-001 0 -1
7.171011e-002 -3.112435e-001 
1
2
0 2 1 6 0 -1
0 5 1 3 0 2
haar_y2
3.599359e-004 0 -1
-5.387531e-001 8.954574e-002 
1
2
4 0 3 1 0 -1
5 0 1 1 0 3
haar_x3
1.572587e-002 0 -1
4.934314e-002 -5.322701e-001 
1
2
1 0 3 1 0 -1
2 0 1 1 0 3
haar_x3
-7.059983e-004 0 -1
1.812310e-001 -2.445513e-001 
1
2
5 3 3 3 0 -1
6 3 1 3 0 3
haar_x3
5.283013e-002 0 -1
-8.719615e-002 2.898457e-001 
1
2
1 0 3 2 0 -1
2 0 1 2 0 3
haar_x3
-3.938236e-002 0 -1
-5.928082e-001 7.239482e-002 
1
2
5 3 3 3 0 -1
6 3 1 3 0 3
haar_x3
-4.071693e-002 0 -1
3.442280e-001 -9.653702e-002 
1
2
0 3 3 3 0 -1
1 3 1 3 0 3
haar_x3
-3.241248e-002 0 -1
3.699186e-001 -1.273756e-001 
1
2
5 3 3 2 0 -1
6 3 1 2 0 3
haar_x3
-1.406828e-001 0 -1
6.528717e-001 -1.083114e-002 
1
2
0 3 3 2 0 -1
1 3 1 2 0 3
haar_x3
4.761470e-002 0 -1
-1.162027e-001 4.255571e-001 
1
2
3 6 2 1 0 -1
3 6 1 1 0 2
haar_x2
-6.380145e-004 0 -1
2.244578e-001 -1.605918e-001 
1
2
3 6 2 1 0 -1
4 6 1 1 0 2
haar_x2
9.730903e-003 0 -1
9.524058e-002 -4.598910e-001 
1
2
4 1 3 1 0 -1
5 1 1 1 0 3
haar_x3
-1.026235e-002 0 -1
-3.309962e-001 7.588172e-002 
1
2
2 0 4 3 0 -1
2 1 4 1 0 3
haar_y3
-6.250999e-002 0 -1
4.693838e-001 -9.186498e-002 
1
2
0 0 8 3 0 -1
0 1 8 1 0 3
haar_y3
8.541442e-002 0 -1
-1.469392e-001 2.485996e-001 
1
2
2 1 3 1 0 -1
3 1 1 1 0 3
haar_x3
-2.058115e-002 0 -1
-6.299320e-001 6.671410e-002 
1
2
2 0 4 1 0 -1
3 0 2 1 0 2
haar_x4
-5.209652e-004 0 -1
2.048094e-001 -2.116895e-001 
-1.298574e+000

6
-1
