255
1
2
1 1 3 1 0 -1
2 1 1 1 0 3
haar_x3
4.405301e-002 0 -1
-3.517235e-001 1.041127e-001 
1
2
1 2 3 3 0 -1
1 3 3 1 0 3
haar_y3
-6.882874e-001 0 -1
1.943716e-001 -1.864208e-001 
1
2
0 0 5 4 0 -1
0 2 5 2 0 2
haar_y2
-8.609101e-001 0 -1
2.031173e-001 -1.141596e-001 
1
2
4 1 1 4 0 -1
4 3 1 2 0 2
haar_y2
-5.508509e-003 0 -1
4.651933e-002 -1.904402e-001 
1
2
1 0 3 1 0 -1
2 0 1 1 0 3
haar_x3
9.653170e-002 0 -1
-2.148892e-001 8.169454e-002 
1
2
4 2 1 2 0 -1
4 2 1 1 0 2
tilted_haar_x2
3.318070e-003 0 -1
-1.279309e-001 5.541385e-002 
1
2
0 3 2 1 0 -1
1 3 1 1 0 2
haar_x2
-2.137376e-003 0 -1
6.397335e-002 -2.292141e-001 
1
2
4 0 1 4 0 -1
4 1 1 2 0 2
haar_y4
1.776049e-001 0 -1
4.163427e-002 -1.090476e-001 
1
2
0 0 1 4 0 -1
0 1 1 2 0 2
haar_y4
3.079813e-003 0 -1
-2.115226e-001 6.549119e-002 
1
2
1 0 3 3 0 -1
2 1 1 1 0 9
haar_point
-8.903726e-002 0 -1
4.047301e-001 -3.014969e-002 
1
2
0 2 4 1 0 -1
1 2 2 1 0 2
haar_x4
3.953009e-003 0 -1
-1.468320e-001 7.527477e-002 
1
2
3 1 2 1 0 -1
3 1 1 1 0 2
haar_x2
-3.594969e-003 0 -1
1.059129e-001 -1.080801e-001 
1
2
1 0 3 2 0 -1
1 1 3 1 0 2
haar_y2
-3.612953e-002 0 -1
-2.521442e-001 5.429669e-002 
1
2
3 1 2 1 0 -1
3 1 1 1 0 2
haar_x2
2.705157e-003 0 -1
-6.123733e-002 7.609283e-002 
1
2
0 1 2 1 0 -1
1 1 1 1 0 2
haar_x2
-4.542022e-003 0 -1
1.336034e-001 -1.427576e-001 
1
3
1 1 4 2 0 -1
3 1 2 1 0 2
1 2 2 1 0 2
haar_x2_y2
-1.820708e-001 0 -1
-2.344611e-001 2.443397e-002 
1
2
1 1 2 3 0 -1
1 2 2 1 0 3
haar_y3
-4.594427e-001 0 -1
6.005756e-001 -2.812111e-002 
1
2
3 1 2 1 0 -1
3 1 1 1 0 2
haar_x2
-3.594969e-003 0 -1
4.481398e-002 -4.467638e-002 
1
2
0 1 2 1 0 -1
1 1 1 1 0 2
haar_x2
2.688435e-003 0 -1
-8.394422e-002 1.249361e-001 
1
2
2 0 3 3 0 -1
3 1 1 1 0 9
haar_point
-4.312572e-001 0 -1
-9.338316e-002 2.203325e-002 
1
2
0 0 3 3 0 -1
1 1 1 1 0 9
haar_point
-3.217347e-003 0 -1
9.589721e-002 -1.122182e-001 
1
3
2 1 2 2 0 -1
3 1 1 1 0 2
2 2 1 1 0 2
haar_x2_y2
4.220937e-002 0 -1
4.218821e-002 -1.611504e-001 
1
3
1 1 2 2 0 -1
1 1 1 1 0 2
2 2 1 1 0 2
haar_x2_y2
-5.927987e-002 0 -1
-2.251890e-001 6.144169e-002 
1
3
1 3 4 2 0 -1
3 3 2 1 0 2
1 4 2 1 0 2
haar_x2_y2
3.110861e-001 0 -1
2.849988e-002 -2.896872e-001 
1
3
0 3 2 2 0 -1
0 3 1 1 0 2
1 4 1 1 0 2
haar_x2_y2
6.689626e-002 0 -1
-9.140562e-002 1.108412e-001 
1
2
4 3 1 2 0 -1
4 4 1 1 0 2
haar_y2
4.586545e-003 0 -1
-7.250714e-002 7.768580e-002 
1
3
0 3 2 2 0 -1
0 3 1 1 0 2
1 4 1 1 0 2
haar_x2_y2
-1.192722e-001 0 -1
3.453553e-001 -3.069803e-002 
1
2
2 0 1 2 0 -1
2 1 1 1 0 2
haar_y2
3.998490e-002 0 -1
5.169667e-002 -1.404125e-001 
1
2
2 0 1 2 0 -1
2 1 1 1 0 2
haar_y2
3.661838e-003 0 -1
-1.187259e-001 9.188021e-002 
1
2
2 0 1 2 0 -1
2 1 1 1 0 2
haar_y2
-2.256662e-003 0 -1
1.585623e-001 -7.710454e-002 
1
2
2 0 1 2 0 -1
2 1 1 1 0 2
haar_y2
-5.232640e-002 0 -1
-3.201576e-001 2.803980e-002 
1
2
1 4 3 1 0 -1
2 4 1 1 0 3
haar_x3
3.383846e-003 0 -1
-9.766974e-002 8.403137e-002 
1
2
0 0 5 4 0 -1
0 1 5 2 0 2
haar_y4
-4.182048e-001 0 -1
5.344213e-001 -1.501795e-002 
1
2
3 0 1 2 0 -1
3 1 1 1 0 2
haar_y2
3.653114e-003 0 -1
-1.369818e-001 8.370153e-002 
1
3
0 0 4 2 0 -1
0 0 2 1 0 2
2 1 2 1 0 2
haar_x2_y2
1.249932e-001 0 -1
3.839879e-002 -2.271062e-001 
1
2
4 0 1 2 0 -1
4 1 1 1 0 2
haar_y2
2.184934e-001 0 -1
-2.142619e-002 2.315840e-001 
1
2
0 0 1 2 0 -1
0 1 1 1 0 2
haar_y2
-3.223325e-003 0 -1
1.514425e-001 -7.165396e-002 
1
3
3 0 2 2 0 -1
4 0 1 1 0 2
3 1 1 1 0 2
haar_x2_y2
-4.119461e-003 0 -1
8.144733e-002 -7.700298e-002 
1
2
0 0 1 3 0 -1
0 1 1 1 0 3
haar_y3
3.994917e-001 0 -1
1.546990e-002 -4.837565e-001 
1
3
3 0 2 2 0 -1
4 0 1 1 0 2
3 1 1 1 0 2
haar_x2_y2
3.229715e-003 0 -1
-7.677057e-002 9.272444e-002 
1
3
0 0 2 2 0 -1
0 0 1 1 0 2
1 1 1 1 0 2
haar_x2_y2
-3.822139e-003 0 -1
1.108382e-001 -1.109844e-001 
1
2
3 0 1 2 0 -1
3 1 1 1 0 2
haar_y2
-2.338874e-003 0 -1
1.485935e-001 -6.104298e-002 
1
2
1 0 1 2 0 -1
1 1 1 1 0 2
haar_y2
3.671009e-003 0 -1
-1.519387e-001 8.953894e-002 
1
2
3 0 1 2 0 -1
3 1 1 1 0 2
haar_y2
-5.011092e-002 0 -1
-2.555651e-001 2.717984e-002 
1
2
1 0 1 2 0 -1
1 1 1 1 0 2
haar_y2
-8.348909e-004 0 -1
1.571254e-001 -6.343772e-002 
1
2
4 3 1 2 0 -1
4 4 1 1 0 2
haar_y2
-3.647125e-003 0 -1
6.857426e-002 -5.541505e-002 
1
2
0 3 1 2 0 -1
0 4 1 1 0 2
haar_y2
4.090582e-003 0 -1
-9.858699e-002 1.060447e-001 
1
3
1 3 4 2 0 -1
3 3 2 1 0 2
1 4 2 1 0 2
haar_x2_y2
-1.972508e-001 0 -1
1.264863e-001 -1.676671e-002 
1
3
0 3 4 2 0 -1
0 3 2 1 0 2
2 4 2 1 0 2
haar_x2_y2
3.778717e-003 0 -1
-1.176699e-001 7.755791e-002 
1
3
2 3 2 2 0 -1
3 3 1 1 0 2
2 4 1 1 0 2
haar_x2_y2
-3.748219e-003 0 -1
7.603923e-002 -6.214430e-002 
1
3
1 1 2 4 0 -1
1 1 1 2 0 2
2 3 1 2 0 2
haar_x2_y2
-9.075104e-002 0 -1
6.317599e-002 -1.143401e-001 
1
3
3 2 2 2 0 -1
4 2 1 1 0 2
3 3 1 1 0 2
haar_x2_y2
-3.382034e-001 0 -1
4.004152e-001 -1.147917e-002 
1
3
1 2 2 2 0 -1
1 2 1 1 0 2
2 3 1 1 0 2
haar_x2_y2
2.516968e-003 0 -1
-4.488720e-002 1.741843e-001 
1
2
1 0 4 1 0 -1
1 0 2 1 0 2
haar_x2
5.116419e-003 0 -1
-7.894083e-002 4.388982e-002 
1
2
0 0 3 1 0 -1
1 0 1 1 0 3
haar_x3
-4.052209e-002 0 -1
6.515490e-002 -1.042619e-001 
1
2
3 0 2 1 0 -1
3 0 1 1 0 2
haar_x2
3.255771e-003 0 -1
-5.757960e-002 6.350970e-002 
1
2
0 0 3 2 0 -1
1 0 1 2 0 3
haar_x3
4.379705e-002 0 -1
-4.277018e-002 1.827009e-001 
1
3
2 3 2 2 0 -1
3 3 1 1 0 2
2 4 1 1 0 2
haar_x2_y2
3.994362e-003 0 -1
-6.540754e-002 7.207356e-002 
1
3
1 3 2 2 0 -1
1 3 1 1 0 2
2 4 1 1 0 2
haar_x2_y2
2.101070e-001 0 -1
1.086823e-002 -4.998955e-001 
1
2
1 0 4 1 0 -1
1 0 2 1 0 2
haar_x2
-4.060874e-003 0 -1
7.885845e-002 -4.005677e-002 
1
2
0 0 4 1 0 -1
2 0 2 1 0 2
haar_x2
-6.814229e-001 0 -1
4.982911e-001 -1.208971e-002 
1
2
1 1 4 1 0 -1
2 1 2 1 0 2
haar_x4
2.591045e-001 0 -1
1.944385e-002 -2.333030e-001 
1
2
1 1 3 1 0 -1
2 1 1 1 0 3
haar_x3
1.363669e-001 0 -1
-8.828624e-002 8.454771e-002 
1
2
1 1 4 3 0 -1
1 2 4 1 0 3
haar_y3
3.963750e-001 0 -1
-6.904338e-002 5.885609e-002 
1
3
0 1 4 2 0 -1
0 1 2 1 0 2
2 2 2 1 0 2
haar_x2_y2
2.104478e-001 0 -1
2.600486e-002 -2.618255e-001 
1
2
4 1 1 2 0 -1
4 2 1 1 0 2
haar_y2
-3.191470e-003 0 -1
5.381734e-002 -1.170988e-001 
1
2
1 2 3 1 0 -1
2 2 1 1 0 3
haar_x3
5.205628e-001 0 -1
-1.032017e-002 4.811603e-001 
1
2
4 1 1 2 0 -1
4 2 1 1 0 2
haar_y2
2.781669e-003 0 -1
-5.172541e-002 1.555179e-001 
1
2
0 1 1 2 0 -1
0 2 1 1 0 2
haar_y2
-2.755853e-003 0 -1
5.893496e-002 -1.330454e-001 
1
2
3 0 2 1 0 -1
3 0 1 1 0 2
haar_x2
-3.160289e-003 0 -1
5.684705e-002 -4.809166e-002 
1
2
0 0 2 1 0 -1
1 0 1 1 0 2
haar_x2
3.583533e-003 0 -1
-8.013961e-002 8.566392e-002 
1
2
2 0 3 1 0 -1
3 0 1 1 0 3
haar_x3
2.653463e-001 0 -1
-6.128761e-003 4.076189e-001 
1
3
0 0 2 2 0 -1
0 0 1 1 0 2
1 1 1 1 0 2
haar_x2_y2
2.516337e-003 0 -1
-6.712890e-002 8.726163e-002 
1
2
3 0 2 1 0 -1
3 0 1 1 0 2
tilted_haar_y2
8.517370e-002 0 -1
-8.742624e-002 4.687788e-002 
1
2
2 0 1 2 0 -1
2 0 1 1 0 2
tilted_haar_y2
2.090451e-001 0 -1
2.501518e-002 -2.806247e-001 
1
2
2 0 3 1 0 -1
3 0 1 1 0 3
haar_x3
-2.019501e-001 0 -1
-6.569494e-002 1.587066e-002 
1
2
0 0 3 1 0 -1
1 0 1 1 0 3
haar_x3
-3.845737e-001 0 -1
-2.988758e-001 1.836368e-002 
1
2
1 1 4 2 0 -1
2 1 2 2 0 2
haar_x4
-3.681552e-001 0 -1
3.029510e-001 -1.864827e-002 
1
2
0 1 4 2 0 -1
1 1 2 2 0 2
haar_x4
-2.400396e-001 0 -1
2.417039e-001 -2.546367e-002 
1
2
3 0 1 2 0 -1
3 1 1 1 0 2
haar_y2
3.653114e-003 0 -1
-9.747203e-002 5.682452e-002 
1
2
1 1 3 3 0 -1
1 2 3 1 0 3
haar_y3
3.758796e-001 0 -1
-8.278728e-002 6.429677e-002 
1
2
4 1 1 4 0 -1
4 3 1 2 0 2
haar_y2
-3.686151e-001 0 -1
-2.488042e-001 2.977841e-002 
1
3
1 2 2 2 0 -1
1 2 1 1 0 2
2 3 1 1 0 2
haar_x2_y2
-2.895191e-003 0 -1
4.468799e-002 -1.331378e-001 
1
3
2 0 2 2 0 -1
3 0 1 1 0 2
2 1 1 1 0 2
haar_x2_y2
2.146972e-003 0 -1
-3.783214e-002 5.758752e-002 
1
3
1 0 2 2 0 -1
1 0 1 1 0 2
2 1 1 1 0 2
haar_x2_y2
-3.428923e-003 0 -1
8.080944e-002 -8.538355e-002 
1
3
2 0 2 2 0 -1
3 0 1 1 0 2
2 1 1 1 0 2
haar_x2_y2
-3.457489e-003 0 -1
5.245024e-002 -6.072831e-002 
1
3
1 0 2 2 0 -1
1 0 1 1 0 2
2 1 1 1 0 2
haar_x2_y2
2.584232e-003 0 -1
-7.723366e-002 1.109990e-001 
1
3
2 0 2 2 0 -1
3 0 1 1 0 2
2 1 1 1 0 2
haar_x2_y2
-2.285916e-002 0 -1
-5.666604e-002 4.202860e-002 
1
3
1 0 2 2 0 -1
1 0 1 1 0 2
2 1 1 1 0 2
haar_x2_y2
3.348267e-002 0 -1
5.343215e-002 -1.703305e-001 
1
3
2 1 2 2 0 -1
3 1 1 1 0 2
2 2 1 1 0 2
haar_x2_y2
2.834141e-001 0 -1
2.609432e-003 -9.997471e-001 
1
3
1 1 2 2 0 -1
1 1 1 1 0 2
2 2 1 1 0 2
haar_x2_y2
-3.875798e-003 0 -1
7.432553e-002 -7.674178e-002 
1
3
2 1 2 2 0 -1
3 1 1 1 0 2
2 2 1 1 0 2
haar_x2_y2
2.997739e-003 0 -1
-5.858887e-002 9.022402e-002 
1
2
1 1 1 2 0 -1
1 2 1 1 0 2
haar_y2
-3.564633e-003 0 -1
6.469305e-002 -9.992232e-002 
1
2
2 0 1 4 0 -1
2 2 1 2 0 2
haar_y2
-7.642891e-002 0 -1
-3.508848e-002 1.940513e-001 
1
2
2 1 1 3 0 -1
2 2 1 1 0 3
haar_y3
3.095805e-001 0 -1
2.737739e-002 -1.885484e-001 
1
2
3 1 1 2 0 -1
3 2 1 1 0 2
haar_y2
4.420240e-003 0 -1
-3.734580e-002 7.846607e-002 
1
2
0 1 3 1 0 -1
1 1 1 1 0 3
haar_x3
-7.001826e-002 0 -1
6.784565e-002 -7.019585e-002 
1
3
3 2 2 2 0 -1
4 2 1 1 0 2
3 3 1 1 0 2
haar_x2_y2
-7.665040e-002 0 -1
5.918977e-002 -6.099688e-002 
1
2
1 0 2 4 0 -1
1 2 2 2 0 2
haar_y2
-5.907274e-001 0 -1
1.155094e-001 -4.660565e-002 
1
2
3 1 1 2 0 -1
3 2 1 1 0 2
haar_y2
-3.530069e-003 0 -1
4.123279e-002 -6.541876e-002 
1
2
0 1 4 3 0 -1
0 2 4 1 0 3
haar_y3
4.720347e-001 0 -1
-9.346432e-002 1.052257e-001 
1
2
0 2 5 3 0 -1
0 3 5 1 0 3
haar_y3
2.166239e-001 0 -1
-2.360390e-002 2.489278e-001 
1
2
0 1 1 4 0 -1
0 3 1 2 0 2
haar_y2
-4.520752e-001 0 -1
-3.488021e-001 1.607092e-002 
1
2
3 1 1 2 0 -1
3 2 1 1 0 2
haar_y2
-2.316598e-001 0 -1
-3.709980e-001 6.675825e-003 
1
2
1 1 1 2 0 -1
1 2 1 1 0 2
haar_y2
9.419212e-002 0 -1
1.798589e-002 -2.933973e-001 
1
2
2 1 3 3 0 -1
3 2 1 1 0 9
haar_point
-8.253117e-001 0 -1
2.266712e-001 -3.943181e-002 
1
2
1 1 1 2 0 -1
1 2 1 1 0 2
haar_y2
2.553341e-003 0 -1
-6.091908e-002 1.320390e-001 
1
2
3 0 2 4 0 -1
3 2 2 2 0 2
haar_y2
-5.401512e-001 0 -1
-1.201799e-001 2.624054e-002 
1
2
0 0 5 4 0 -1
0 2 5 2 0 2
haar_y2
-1.449985e+000 0 -1
2.326013e-001 -3.714442e-002 
1
2
1 0 3 4 0 -1
1 1 3 2 0 2
haar_y4
5.041975e-001 0 -1
-9.697920e-002 6.017454e-002 
1
2
1 1 1 2 0 -1
1 2 1 1 0 2
haar_y2
-2.483284e-003 0 -1
5.936527e-002 -9.448507e-002 
1
2
3 1 2 3 0 -1
3 1 1 3 0 2
haar_x2
4.055596e-001 0 -1
-1.219193e-002 2.169500e-001 
1
2
0 1 3 3 0 -1
1 2 1 1 0 9
haar_point
1.100639e+000 0 -1
-1.746333e-002 2.884777e-001 
1
2
2 0 2 1 0 -1
2 0 1 1 0 2
haar_x2
4.412839e-002 0 -1
-8.713605e-002 4.798303e-002 
1
2
1 4 2 1 0 -1
2 4 1 1 0 2
haar_x2
3.578518e-003 0 -1
-6.813814e-002 7.964002e-002 
1
2
2 4 2 1 0 -1
2 4 1 1 0 2
haar_x2
-3.953140e-003 0 -1
7.819722e-002 -6.297258e-002 
1
2
1 4 2 1 0 -1
2 4 1 1 0 2
haar_x2
-3.952988e-003 0 -1
9.432576e-002 -7.890786e-002 
1
2
1 4 3 1 0 -1
2 4 1 1 0 3
haar_x3
-5.937636e-002 0 -1
-1.535165e-001 4.806554e-002 
1
2
2 0 2 1 0 -1
2 0 1 1 0 2
tilted_haar_x2
2.696690e-001 0 -1
-1.136537e-002 4.510219e-001 
1
2
2 2 2 1 0 -1
2 2 1 1 0 2
haar_x2
2.136598e-003 0 -1
-8.452816e-002 3.882829e-002 
1
2
0 0 3 4 0 -1
0 2 3 2 0 2
haar_y2
6.008695e-001 0 -1
7.884220e-003 -6.084629e-001 
1
2
2 0 2 1 0 -1
2 0 1 1 0 2
haar_x2
-1.868346e-002 0 -1
2.224494e-001 -3.106066e-002 
1
2
0 0 5 2 0 -1
0 1 5 1 0 2
haar_y2
8.835536e-001 0 -1
-1.297300e-002 4.132842e-001 
1
2
2 0 1 2 0 -1
2 1 1 1 0 2
haar_y2
-1.443600e-001 0 -1
-1.000000e+000 4.925271e-003 
1
2
1 0 2 4 0 -1
1 1 2 2 0 2
haar_y4
4.863329e-001 0 -1
3.488337e-002 -1.209434e-001 
1
2
2 1 2 3 0 -1
2 2 2 1 0 3
haar_y3
3.650444e-001 0 -1
-5.003947e-002 7.415126e-002 
1
2
1 0 2 1 0 -1
2 0 1 1 0 2
haar_x2
4.448061e-002 0 -1
-1.001291e-001 5.296842e-002 
1
3
3 2 2 2 0 -1
4 2 1 1 0 2
3 3 1 1 0 2
haar_x2_y2
-2.288739e-001 0 -1
-2.194932e-001 1.790791e-002 
1
3
0 2 2 2 0 -1
0 2 1 1 0 2
1 3 1 1 0 2
haar_x2_y2
-8.717432e-002 0 -1
8.049335e-002 -6.827125e-002 
1
2
1 3 4 1 0 -1
1 3 2 1 0 2
haar_x2
-3.272237e-003 0 -1
4.415903e-002 -7.884666e-002 
1
2
0 3 4 1 0 -1
2 3 2 1 0 2
haar_x2
-4.315159e-003 0 -1
6.028130e-002 -1.276433e-001 
1
2
3 3 2 2 0 -1
3 3 1 2 0 2
haar_x2
-2.534097e-001 0 -1
-2.051731e-001 3.000315e-002 
1
2
0 3 2 2 0 -1
1 3 1 2 0 2
haar_x2
-1.937227e-001 0 -1
-1.606152e-001 3.937406e-002 
1
3
2 3 2 2 0 -1
3 3 1 1 0 2
2 4 1 1 0 2
haar_x2_y2
-2.800055e-003 0 -1
4.925257e-002 -4.313602e-002 
1
2
0 1 2 2 0 -1
1 1 1 2 0 2
haar_x2
-5.601915e-002 0 -1
9.683940e-002 -5.558100e-002 
1
2
2 1 2 4 0 -1
2 2 2 2 0 2
haar_y4
3.800241e-001 0 -1
-1.786245e-002 2.695434e-001 
1
2
1 2 3 3 0 -1
2 3 1 1 0 9
haar_point
2.249295e-001 0 -1
2.334549e-002 -2.092692e-001 
1
3
2 3 2 2 0 -1
3 3 1 1 0 2
2 4 1 1 0 2
haar_x2_y2
-2.223733e-002 0 -1
-4.331055e-002 2.467944e-002 
1
3
1 3 2 2 0 -1
1 3 1 1 0 2
2 4 1 1 0 2
haar_x2_y2
-3.488321e-003 0 -1
8.390673e-002 -6.528865e-002 
1
3
2 3 2 2 0 -1
3 3 1 1 0 2
2 4 1 1 0 2
haar_x2_y2
-8.606690e-001 0 -1
-1.000000e+000 1.561891e-004 
1
3
1 3 2 2 0 -1
1 3 1 1 0 2
2 4 1 1 0 2
haar_x2_y2
3.206473e-003 0 -1
-7.315973e-002 7.356837e-002 
1
2
1 3 3 1 0 -1
2 3 1 1 0 3
haar_x3
2.724388e-003 0 -1
-6.746353e-002 7.794309e-002 
1
2
1 1 3 4 0 -1
2 1 1 4 0 3
haar_x3
-6.019846e-003 0 -1
1.204562e-001 -4.371227e-002 
1
2
1 0 3 2 0 -1
2 0 1 2 0 3
haar_x3
4.997778e-002 0 -1
-1.639409e-001 2.684865e-002 
1
2
0 0 1 2 0 -1
0 1 1 1 0 2
haar_y2
-2.221297e-001 0 -1
4.359738e-001 -9.829102e-003 
1
2
3 0 2 4 0 -1
3 0 1 4 0 2
haar_x2
-2.500195e-002 0 -1
5.282167e-002 -6.645808e-002 
1
2
0 0 2 4 0 -1
1 0 1 4 0 2
haar_x2
-4.386828e-001 0 -1
-1.916927e-001 2.469425e-002 
1
2
3 2 2 1 0 -1
3 2 1 1 0 2
haar_x2
5.829344e-003 0 -1
-6.493460e-002 6.080759e-002 
1
2
0 2 2 1 0 -1
1 2 1 1 0 2
haar_x2
-3.065968e-001 0 -1
4.283958e-001 -1.311693e-002 
1
2
3 0 1 3 0 -1
3 1 1 1 0 3
haar_y3
-2.008995e-001 0 -1
-5.237747e-001 9.957364e-003 
1
2
1 0 1 3 0 -1
1 1 1 1 0 3
haar_y3
-1.335333e-001 0 -1
-3.620898e-001 1.088241e-002 
1
2
1 2 4 1 0 -1
1 2 2 1 0 2
haar_x2
2.664899e-001 0 -1
2.563202e-002 -1.359585e-001 
1
2
0 1 4 4 0 -1
1 1 2 4 0 2
haar_x4
4.932548e-001 0 -1
-2.667013e-002 1.674462e-001 
1
2
1 2 4 1 0 -1
1 2 2 1 0 2
haar_x2
6.082184e-001 0 -1
3.648715e-003 -8.518366e-001 
1
2
0 2 4 1 0 -1
2 2 2 1 0 2
haar_x2
5.019159e-001 0 -1
3.134136e-003 -1.000412e+000 
1
2
0 0 5 2 0 -1
0 1 5 1 0 2
haar_y2
-3.507982e-003 0 -1
9.835704e-002 -3.643161e-002 
1
2
0 0 1 2 0 -1
0 1 1 1 0 2
haar_y2
3.255589e-003 0 -1
-8.688800e-002 5.637673e-002 
1
2
4 0 1 2 0 -1
4 1 1 1 0 2
haar_y2
3.645200e-003 0 -1
-7.863188e-002 5.284451e-002 
1
2
0 0 5 2 0 -1
0 1 5 1 0 2
haar_y2
8.913872e-002 0 -1
8.373512e-002 -6.355011e-002 
1
2
2 0 1 2 0 -1
2 1 1 1 0 2
haar_y2
3.661838e-003 0 -1
-8.291984e-002 6.073350e-002 
1
2
1 0 2 2 0 -1
2 0 1 2 0 2
haar_x2
5.123245e-001 0 -1
-1.162901e-002 3.493577e-001 
1
3
2 1 2 2 0 -1
3 1 1 1 0 2
2 2 1 1 0 2
haar_x2_y2
-1.551155e-001 0 -1
-2.962354e-001 1.149482e-002 
1
3
1 1 2 2 0 -1
1 1 1 1 0 2
2 2 1 1 0 2
haar_x2_y2
3.336367e-003 0 -1
-5.564716e-002 7.715798e-002 
1
3
2 1 2 2 0 -1
3 1 1 1 0 2
2 2 1 1 0 2
haar_x2_y2
-2.799565e-003 0 -1
5.327953e-002 -5.733029e-002 
1
3
1 1 2 4 0 -1
1 1 1 2 0 2
2 3 1 2 0 2
haar_x2_y2
4.894450e-001 0 -1
-5.134096e-003 8.693747e-001 
1
3
1 0 4 4 0 -1
3 0 2 2 0 2
1 2 2 2 0 2
haar_x2_y2
-3.083599e-001 0 -1
-7.831601e-002 2.987850e-002 
1
2
1 1 2 4 0 -1
2 1 1 4 0 2
haar_x2
6.977741e-001 0 -1
6.545007e-003 -5.612870e-001 
1
2
1 4 4 1 0 -1
1 4 2 1 0 2
haar_x2
-9.297031e-001 0 -1
4.399710e-001 -7.706440e-003 
1
2
1 1 2 4 0 -1
1 3 2 2 0 2
haar_y2
-1.587096e+000 0 -1
-1.000000e+000 4.352570e-003 
1
2
2 1 2 4 0 -1
2 2 2 2 0 2
haar_y4
5.917851e-001 0 -1
-8.028507e-003 3.454779e-001 
1
3
1 1 2 2 0 -1
1 1 1 1 0 2
2 2 1 1 0 2
haar_x2_y2
-3.144217e-003 0 -1
6.088299e-002 -6.182710e-002 
1
2
3 2 2 1 0 -1
3 2 1 1 0 2
tilted_haar_y2
-1.857979e-001 0 -1
-2.628640e-001 1.312753e-002 
1
2
2 2 1 2 0 -1
2 2 1 1 0 2
tilted_haar_y2
-3.566311e-003 0 -1
6.821004e-002 -7.809194e-002 
1
2
1 1 4 4 0 -1
1 1 2 4 0 2
haar_x2
-6.853138e-001 0 -1
1.349747e-001 -2.070381e-002 
1
2
0 2 1 2 0 -1
0 3 1 1 0 2
haar_y2
-3.069148e-003 0 -1
4.160135e-002 -1.068298e-001 
1
2
4 2 1 2 0 -1
4 3 1 1 0 2
haar_y2
2.316491e-003 0 -1
-4.290393e-002 1.327859e-001 
1
2
0 2 2 1 0 -1
1 2 1 1 0 2
haar_x2
3.522132e-003 0 -1
-7.094327e-002 7.171817e-002 
1
2
3 2 2 1 0 -1
3 2 1 1 0 2
haar_x2
-9.709299e-003 0 -1
5.826623e-002 -4.036264e-002 
1
3
1 1 2 2 0 -1
1 1 1 1 0 2
2 2 1 1 0 2
haar_x2_y2
3.336367e-003 0 -1
-5.548578e-002 7.686920e-002 
1
2
4 1 1 2 0 -1
4 2 1 1 0 2
haar_y2
1.275701e-001 0 -1
8.037145e-003 -3.143432e-001 
1
2
1 1 3 4 0 -1
1 3 3 2 0 2
haar_y2
2.891026e-001 0 -1
-1.016146e-002 3.634378e-001 
1
2
0 1 5 4 0 -1
0 2 5 2 0 2
haar_y4
-2.009592e+000 0 -1
-8.342874e-001 5.043644e-003 
1
3
0 1 2 4 0 -1
0 1 1 2 0 2
1 3 1 2 0 2
haar_x2_y2
-5.703282e-001 0 -1
3.542400e-001 -1.175671e-002 
1
3
3 0 2 2 0 -1
4 0 1 1 0 2
3 1 1 1 0 2
haar_x2_y2
-5.503161e-001 0 -1
-1.000000e+000 3.036115e-003 
1
3
0 0 2 2 0 -1
0 0 1 1 0 2
1 1 1 1 0 2
haar_x2_y2
9.344137e-002 0 -1
2.167291e-002 -1.802500e-001 
1
2
1 1 3 1 0 -1
2 1 1 1 0 3
haar_x3
-1.127087e-001 0 -1
-3.577141e-001 9.980137e-003 
1
2
1 2 3 1 0 -1
2 2 1 1 0 3
haar_x3
-4.492827e-002 0 -1
1.798007e-001 -2.918866e-002 
1
2
1 1 4 1 0 -1
2 1 2 1 0 2
haar_x4
7.602283e-002 0 -1
-3.714393e-002 4.380591e-002 
1
2
2 0 3 2 0 -1
2 0 3 1 0 2
tilted_haar_y2
9.268290e-001 0 -1
8.896757e-003 -4.156485e-001 
1
2
1 3 3 2 0 -1
1 4 3 1 0 2
haar_y2
-2.570550e-001 0 -1
1.626857e-001 -2.491734e-002 
1
2
0 3 1 2 0 -1
0 4 1 1 0 2
haar_y2
-1.908915e-001 0 -1
-2.899840e-001 1.374962e-002 
1
2
4 2 1 3 0 -1
4 3 1 1 0 3
haar_y3
4.415008e-001 0 -1
2.745265e-003 -5.662020e-001 
1
2
0 2 1 3 0 -1
0 3 1 1 0 3
haar_y3
4.106859e-002 0 -1
-3.901482e-002 1.149059e-001 
1
2
2 2 3 3 0 -1
2 3 3 1 0 3
haar_y3
-4.874365e-001 0 -1
7.108592e-002 -6.987108e-002 
1
2
0 1 4 1 0 -1
1 1 2 1 0 2
haar_x4
4.025080e-001 0 -1
-6.905809e-003 5.652509e-001 
1
2
4 1 1 2 0 -1
4 2 1 1 0 2
haar_y2
-3.191470e-003 0 -1
3.929270e-002 -8.206419e-002 
1
3
0 1 2 2 0 -1
0 1 1 1 0 2
1 2 1 1 0 2
haar_x2_y2
-2.248925e-001 0 -1
-4.869505e-001 7.731698e-003 
1
2
0 1 5 3 0 -1
0 2 5 1 0 3
haar_y3
8.197809e-001 0 -1
-3.129078e-002 1.244135e-001 
1
2
1 1 3 3 0 -1
1 2 3 1 0 3
haar_y3
8.429517e-001 0 -1
1.688608e-002 -2.759131e-001 
1
3
2 0 2 2 0 -1
3 0 1 1 0 2
2 1 1 1 0 2
haar_x2_y2
-3.645038e-003 0 -1
6.004399e-002 -7.196150e-002 
1
2
0 1 4 1 0 -1
1 1 2 1 0 2
haar_x4
3.755580e-003 0 -1
-8.870173e-002 4.326116e-002 
1
2
3 1 2 1 0 -1
3 1 1 1 0 2
haar_x2
-6.807125e-002 0 -1
1.168391e-001 -4.156513e-002 
1
2
0 1 2 2 0 -1
1 1 1 2 0 2
haar_x2
-3.819924e-003 0 -1
7.410608e-002 -6.975611e-002 
1
2
2 3 1 2 0 -1
2 4 1 1 0 2
haar_y2
2.687797e-001 0 -1
1.133243e-002 -3.136054e-001 
1
3
1 0 2 2 0 -1
1 0 1 1 0 2
2 1 1 1 0 2
haar_x2_y2
2.973585e-001 0 -1
-5.293488e-003 7.621793e-001 
1
3
3 0 2 2 0 -1
4 0 1 1 0 2
3 1 1 1 0 2
haar_x2_y2
-2.897677e-002 0 -1
4.774841e-002 -2.859255e-002 
1
3
0 0 2 2 0 -1
0 0 1 1 0 2
1 1 1 1 0 2
haar_x2_y2
-2.755246e-001 0 -1
-5.365800e-001 7.774308e-003 
1
2
4 0 1 4 0 -1
4 2 1 2 0 2
haar_y2
-3.327107e-001 0 -1
-2.216120e-001 2.681590e-002 
1
2
0 1 5 4 0 -1
0 2 5 2 0 2
haar_y4
-1.042610e+000 0 -1
1.570791e-001 -2.706713e-002 
1
2
2 1 1 3 0 -1
2 2 1 1 0 3
haar_y3
5.043226e-002 0 -1
-1.284959e-001 3.871220e-002 
1
2
0 0 1 4 0 -1
0 2 1 2 0 2
haar_y2
4.654696e-001 0 -1
-1.031550e-002 4.277610e-001 
1
2
4 1 1 2 0 -1
4 2 1 1 0 2
haar_y2
2.058774e-001 0 -1
3.000895e-003 -5.157974e-001 
1
2
0 1 1 2 0 -1
0 2 1 1 0 2
haar_y2
1.178344e-001 0 -1
1.224518e-002 -3.545309e-001 
1
2
1 1 4 4 0 -1
1 1 2 4 0 2
haar_x2
-4.479904e+000 0 -1
7.033878e-001 -3.443660e-003 
1
2
0 1 4 4 0 -1
2 1 2 4 0 2
haar_x2
8.085834e-001 0 -1
-2.120834e-002 1.771028e-001 
1
2
2 2 2 1 0 -1
2 2 1 1 0 2
haar_x2
1.184427e-001 0 -1
2.622877e-002 -7.591777e-002 
1
2
0 1 4 3 0 -1
2 1 2 3 0 2
haar_x2
1.924226e-001 0 -1
4.581822e-002 -8.956794e-002 
1
2
2 2 2 1 0 -1
2 2 1 1 0 2
haar_x2
2.261241e-003 0 -1
-8.145129e-002 3.632561e-002 
1
2
1 3 3 2 0 -1
2 3 1 2 0 3
haar_x3
-3.564456e-001 0 -1
-2.872301e-001 1.429222e-002 
1
2
1 0 3 5 0 -1
2 0 1 5 0 3
haar_x3
-3.202268e-001 0 -1
2.545114e-001 -1.739455e-002 
1
2
1 2 2 1 0 -1
2 2 1 1 0 2
haar_x2
3.934546e-003 0 -1
-1.098602e-001 4.153125e-002 
1
3
2 2 2 2 0 -1
3 2 1 1 0 2
2 3 1 1 0 2
haar_x2_y2
1.738211e-001 0 -1
-1.043441e-002 3.669305e-001 
1
3
0 1 4 2 0 -1
0 1 2 1 0 2
2 2 2 1 0 2
haar_x2_y2
6.948234e-002 0 -1
4.444554e-002 -9.687876e-002 
1
2
0 1 5 2 0 -1
0 2 5 1 0 2
haar_y2
3.466934e-001 0 -1
-1.335999e-002 3.120217e-001 
1
2
0 0 1 4 0 -1
0 2 1 2 0 2
haar_y2
-8.918561e-002 0 -1
5.859328e-002 -7.075629e-002 
1
2
3 0 1 2 0 -1
3 1 1 1 0 2
haar_y2
-1.384792e-001 0 -1
-4.137676e-001 6.506248e-003 
1
2
1 0 1 2 0 -1
1 1 1 1 0 2
haar_y2
3.457177e-003 0 -1
-9.299883e-002 5.159252e-002 
1
2
0 0 5 2 0 -1
0 1 5 1 0 2
haar_y2
-1.084963e-001 0 -1
1.951959e-001 -2.671823e-002 
1
3
0 0 2 2 0 -1
0 0 1 1 0 2
1 1 1 1 0 2
haar_x2_y2
-7.204226e-002 0 -1
1.107712e-001 -3.541835e-002 
1
2
3 1 2 1 0 -1
3 1 1 1 0 2
haar_x2
2.693329e-003 0 -1
-4.983098e-002 6.062683e-002 
1
2
0 1 2 1 0 -1
1 1 1 1 0 2
haar_x2
8.835723e-002 0 -1
-2.633493e-002 1.492590e-001 
1
3
3 3 2 2 0 -1
4 3 1 1 0 2
3 4 1 1 0 2
haar_x2_y2
2.700945e-003 0 -1
-9.099550e-002 4.959787e-002 
1
2
1 2 3 3 0 -1
1 3 3 1 0 3
haar_y3
6.481010e-001 0 -1
-9.576829e-003 4.508894e-001 
1
2
2 3 3 1 0 -1
3 3 1 1 0 3
haar_x3
6.226410e-002 0 -1
-2.598196e-002 1.466557e-001 
1
2
1 2 2 1 0 -1
1 2 1 1 0 2
tilted_haar_x2
1.104811e-002 0 -1
-1.156330e-001 3.010411e-002 
1
2
1 4 4 1 0 -1
2 4 2 1 0 2
haar_x4
-3.347982e-003 0 -1
4.891032e-002 -5.468244e-002 
1
2
0 4 4 1 0 -1
1 4 2 1 0 2
haar_x4
2.855672e-003 0 -1
-6.108455e-002 8.380779e-002 
1
2
2 0 3 4 0 -1
2 1 3 2 0 2
haar_y4
9.019312e-001 0 -1
9.831535e-003 -2.072545e-001 
1
2
0 4 2 1 0 -1
1 4 1 1 0 2
haar_x2
-3.206992e-003 0 -1
4.877136e-002 -6.811524e-002 
1
2
3 4 2 1 0 -1
3 4 1 1 0 2
haar_x2
-9.195119e-002 0 -1
-1.093343e-001 2.142082e-002 
1
2
0 4 2 1 0 -1
1 4 1 1 0 2
haar_x2
4.377892e-003 0 -1
-4.843981e-002 9.650908e-002 
1
2
3 4 2 1 0 -1
3 4 1 1 0 2
haar_x2
-3.746286e-003 0 -1
5.975283e-002 -7.268254e-002 
1
2
0 4 2 1 0 -1
1 4 1 1 0 2
haar_x2
1.040065e-001 0 -1
1.304524e-002 -2.642070e-001 
1
2
1 1 3 4 0 -1
2 1 1 4 0 3
haar_x3
1.111926e+000 0 -1
-1.042292e-002 3.534787e-001 
1
2
1 3 3 2 0 -1
2 3 1 2 0 3
haar_x3
3.754679e-001 0 -1
1.225818e-002 -3.348610e-001 
1
2
4 0 1 4 0 -1
4 0 1 2 0 2
tilted_haar_x2
-3.618909e-001 0 -1
1.724353e-001 -1.436163e-002 
1
2
0 3 4 1 0 -1
2 3 2 1 0 2
haar_x2
-4.176685e-001 0 -1
-2.942104e-001 1.652115e-002 
1
2
3 0 1 4 0 -1
3 1 1 2 0 2
haar_y4
4.595346e-001 0 -1
-7.529455e-003 3.166768e-001 
1
2
1 0 1 4 0 -1
1 1 1 2 0 2
haar_y4
4.451478e-001 0 -1
-9.324343e-003 3.303316e-001 
1
2
3 0 1 4 0 -1
3 1 1 2 0 2
haar_y4
-6.571904e-002 0 -1
1.587258e-001 -1.207857e-002 
1
2
1 0 1 4 0 -1
1 1 1 2 0 2
haar_y4
3.051112e-001 0 -1
2.207661e-002 -1.869175e-001 
1
2
2 3 3 1 0 -1
3 3 1 1 0 3
haar_x3
-3.639284e-001 0 -1
-2.297871e-001 8.277000e-003 
1
2
0 3 3 1 0 -1
1 3 1 1 0 3
haar_x3
-1.083687e-001 0 -1
7.816268e-002 -4.472983e-002 
1
2
2 2 3 3 0 -1
3 2 1 3 0 3
haar_x3
-9.841601e-001 0 -1
2.030468e-001 -7.139476e-003 
1
2
0 2 3 3 0 -1
1 2 1 3 0 3
haar_x3
1.310378e-001 0 -1
-2.887030e-002 1.547881e-001 
-8.893746e-001

12
-1
