581
1
2
2 2 1 2 0 -1
2 3 1 1 0 2
haar_y2
-1.063637e-001 0 -1
5.617214e-001 -7.420042e-001 
1
2
1 0 3 1 0 -1
2 0 1 1 0 3
haar_x3
3.229487e-002 0 -1
-7.237180e-001 3.350212e-001 
1
2
1 1 2 1 0 -1
1 1 1 1 0 2
tilted_haar_x2
4.884792e-003 0 -1
-7.262357e-001 2.328788e-001 
1
2
2 0 1 4 0 -1
2 1 1 2 0 2
haar_y4
6.251867e-003 0 -1
-7.511363e-001 2.116857e-001 
1
2
2 0 1 4 0 -1
2 2 1 2 0 2
haar_y2
-3.878782e-003 0 -1
1.364447e-001 -8.482910e-001 
1
2
1 3 3 1 0 -1
2 3 1 1 0 3
haar_x3
8.793322e-003 0 -1
-3.884073e-001 4.041761e-001 
1
2
1 3 3 2 0 -1
1 4 3 1 0 2
haar_y2
6.814908e-002 0 -1
-4.486751e-001 3.762251e-001 
1
2
0 1 5 4 0 -1
0 3 5 2 0 2
haar_y2
-1.112645e-002 0 -1
2.001362e-001 -7.367615e-001 
1
2
1 0 2 1 0 -1
2 0 1 1 0 2
haar_x2
1.207186e-002 0 -1
-5.122484e-001 2.584669e-001 
1
2
1 2 4 2 0 -1
1 3 4 1 0 2
haar_y2
1.055444e-001 0 -1
-2.654650e-001 7.176111e-001 
1
2
2 1 1 4 0 -1
2 3 1 2 0 2
haar_y2
-2.378855e-002 0 -1
2.566586e-001 -7.867200e-001 
1
2
4 0 1 3 0 -1
4 1 1 1 0 3
haar_y3
3.583368e-003 0 -1
-5.262673e-001 2.742568e-001 
1
2
0 0 1 3 0 -1
0 1 1 1 0 3
haar_y3
3.563643e-003 0 -1
-5.021704e-001 2.188042e-001 
1
2
3 3 2 1 0 -1
3 3 1 1 0 2
haar_x2
-6.659870e-003 0 -1
3.331821e-001 -5.900266e-001 
1
2
0 1 5 3 0 -1
0 2 5 1 0 3
haar_y3
5.623622e-001 0 -1
-2.540759e-001 5.013065e-001 
1
2
2 0 1 3 0 -1
2 1 1 1 0 3
haar_y3
4.927918e-003 0 -1
-5.308183e-001 3.316622e-001 
1
2
0 0 4 1 0 -1
2 0 2 1 0 2
haar_x2
-3.587480e-003 0 -1
3.785723e-001 -5.059686e-001 
1
2
1 0 4 1 0 -1
1 0 2 1 0 2
haar_x2
8.143051e-003 0 -1
-2.724126e-001 2.678083e-001 
1
2
0 0 4 1 0 -1
2 0 2 1 0 2
haar_x2
3.346976e-003 0 -1
-5.401845e-001 5.265549e-001 
1
2
3 3 2 1 0 -1
3 3 1 1 0 2
haar_x2
6.759164e-003 0 -1
-4.290094e-001 4.632311e-001 
1
2
0 3 2 1 0 -1
1 3 1 1 0 2
haar_x2
-3.521028e-003 0 -1
4.767117e-001 -7.010966e-001 
1
2
3 3 2 1 0 -1
3 3 1 1 0 2
haar_x2
-3.399074e-003 0 -1
4.359964e-001 -5.727800e-001 
1
2
0 3 2 1 0 -1
1 3 1 1 0 2
haar_x2
2.888359e-003 0 -1
-3.783738e-001 7.210960e-001 
1
2
2 0 3 1 0 -1
3 0 1 1 0 3
haar_x3
-6.771032e-003 0 -1
3.243756e-001 -5.408266e-001 
1
2
0 3 3 1 0 -1
1 3 1 1 0 3
haar_x3
-5.676616e-002 0 -1
4.628093e-001 -3.553709e-001 
1
2
2 3 2 1 0 -1
2 3 1 1 0 2
haar_x2
5.442388e-003 0 -1
-2.120888e-001 3.211613e-001 
1
2
1 3 3 1 0 -1
2 3 1 1 0 3
haar_x3
-5.531070e-003 0 -1
4.564904e-001 -4.366767e-001 
1
2
4 1 1 2 0 -1
4 1 1 1 0 2
tilted_haar_x2
-3.587959e-001 0 -1
8.949167e-001 -8.753555e-002 
1
2
1 1 2 1 0 -1
1 1 1 1 0 2
tilted_haar_x2
-3.002901e-003 0 -1
6.307091e-001 -1.604763e-001 
1
2
0 0 5 4 0 -1
0 2 5 2 0 2
haar_y2
-1.249564e-002 0 -1
2.436629e-001 -4.568705e-001 
1
2
2 1 1 4 0 -1
2 3 1 2 0 2
haar_y2
7.282157e-003 0 -1
-1.628166e-001 7.371975e-001 
1
3
1 1 4 4 0 -1
3 1 2 2 0 2
1 3 2 2 0 2
haar_x2_y2
-1.607634e-002 0 -1
9.718800e-002 -2.855062e-001 
1
3
0 1 4 4 0 -1
0 1 2 2 0 2
2 3 2 2 0 2
haar_x2_y2
-4.165658e-003 0 -1
3.022118e-001 -4.047567e-001 
1
2
1 4 3 1 0 -1
2 4 1 1 0 3
haar_x3
4.202571e-003 0 -1
-2.773438e-001 2.989384e-001 
1
2
1 0 3 1 0 -1
2 0 1 1 0 3
haar_x3
-3.740440e-003 0 -1
5.624775e-001 -2.023413e-001 
1
2
2 3 1 2 0 -1
2 4 1 1 0 2
haar_y2
-3.502085e-002 0 -1
3.692407e-001 -1.879265e-001 
1
2
0 2 5 3 0 -1
0 3 5 1 0 3
haar_y3
-5.528443e-001 0 -1
3.929594e-001 -2.344179e-001 
1
2
1 1 3 3 0 -1
1 2 3 1 0 3
haar_y3
-6.360619e-001 0 -1
7.418577e-001 -1.164045e-001 
1
2
1 1 2 3 0 -1
1 2 2 1 0 3
haar_y3
2.576621e-001 0 -1
-1.757646e-001 3.273117e-001 
1
3
2 1 2 4 0 -1
3 1 1 2 0 2
2 3 1 2 0 2
haar_x2_y2
-9.584736e-003 0 -1
1.256666e-001 -2.527328e-001 
1
2
1 2 1 2 0 -1
1 3 1 1 0 2
haar_y2
2.181544e-002 0 -1
-1.590333e-001 4.199745e-001 
1
2
0 0 5 4 0 -1
0 1 5 2 0 2
haar_y4
5.586073e-003 0 -1
-5.205988e-001 1.479848e-001 
1
3
0 3 2 2 0 -1
0 3 1 1 0 2
1 4 1 1 0 2
haar_x2_y2
5.462890e-003 0 -1
-3.439909e-001 1.883630e-001 
1
2
2 0 2 4 0 -1
2 2 2 2 0 2
haar_y2
-4.611352e-003 0 -1
1.154581e-001 -4.505320e-001 
1
2
0 0 4 4 0 -1
0 2 4 2 0 2
haar_y2
6.782852e-002 0 -1
-1.446651e-001 5.507565e-001 
1
2
2 0 2 4 0 -1
2 2 2 2 0 2
haar_y2
-7.659675e-002 0 -1
1.086600e-001 -4.032937e-001 
1
2
1 1 3 2 0 -1
1 2 3 1 0 2
haar_y2
2.140689e-002 0 -1
-1.872503e-001 3.913995e-001 
1
2
3 1 1 2 0 -1
3 2 1 1 0 2
haar_y2
-3.263262e-003 0 -1
2.130647e-001 -3.298256e-001 
1
2
1 1 1 2 0 -1
1 2 1 1 0 2
haar_y2
-5.695954e-003 0 -1
2.888350e-001 -3.377143e-001 
1
2
1 1 3 2 0 -1
1 2 3 1 0 2
haar_y2
8.202553e-003 0 -1
-2.052343e-001 3.715040e-001 
1
2
1 0 2 4 0 -1
1 2 2 2 0 2
haar_y2
-6.393762e-003 0 -1
1.175289e-001 -5.043432e-001 
1
2
1 0 3 4 0 -1
1 2 3 2 0 2
haar_y2
3.193222e-003 0 -1
-1.530215e-001 5.293209e-001 
1
2
0 0 1 4 0 -1
0 2 1 2 0 2
haar_y2
-5.914201e-003 0 -1
2.149564e-001 -3.522159e-001 
1
2
1 0 4 5 0 -1
1 0 2 5 0 2
haar_x2
1.768487e+000 0 -1
-8.940671e-002 6.218985e-001 
1
2
2 1 1 4 0 -1
2 3 1 2 0 2
haar_y2
-5.904273e-003 0 -1
1.114724e-001 -5.667608e-001 
1
2
1 1 3 4 0 -1
1 3 3 2 0 2
haar_y2
1.640080e-002 0 -1
-1.613802e-001 6.524410e-001 
1
2
1 1 3 4 0 -1
1 3 3 2 0 2
haar_y2
-9.079610e-002 0 -1
1.566873e-001 -5.751100e-001 
1
2
1 1 3 4 0 -1
1 3 3 2 0 2
haar_y2
7.792545e-003 0 -1
-1.503475e-001 6.047180e-001 
1
2
1 1 3 4 0 -1
1 3 3 2 0 2
haar_y2
-1.306108e-002 0 -1
1.551408e-001 -5.983940e-001 
1
2
1 1 3 4 0 -1
1 3 3 2 0 2
haar_y2
7.792545e-003 0 -1
-1.527620e-001 6.007720e-001 
1
2
1 1 3 4 0 -1
1 3 3 2 0 2
haar_y2
-6.395033e-003 0 -1
1.526855e-001 -5.962458e-001 
1
2
1 1 3 4 0 -1
1 3 3 2 0 2
haar_y2
6.316393e-003 0 -1
-1.511405e-001 5.982028e-001 
1
2
1 1 3 4 0 -1
1 3 3 2 0 2
haar_y2
-6.395033e-003 0 -1
1.511931e-001 -5.920838e-001 
1
2
1 1 3 4 0 -1
1 3 3 2 0 2
haar_y2
4.635794e-003 0 -1
-1.489933e-001 5.939917e-001 
1
2
0 1 4 4 0 -1
0 3 4 2 0 2
haar_y2
-1.992139e-002 0 -1
1.416055e-001 -6.059055e-001 
1
2
1 1 4 4 0 -1
1 3 4 2 0 2
haar_y2
1.472008e-002 0 -1
-1.414606e-001 5.145590e-001 
1
2
1 1 3 4 0 -1
1 3 3 2 0 2
haar_y2
-6.395033e-003 0 -1
1.498832e-001 -5.605145e-001 
1
2
1 1 4 4 0 -1
1 3 4 2 0 2
haar_y2
1.058865e-001 0 -1
-1.118041e-001 4.868210e-001 
1
2
0 0 5 2 0 -1
0 1 5 1 0 2
haar_y2
8.736053e-003 0 -1
-3.854614e-001 1.949064e-001 
1
2
1 0 3 4 0 -1
1 2 3 2 0 2
haar_y2
-2.352583e-003 0 -1
1.670318e-001 -5.369145e-001 
1
2
1 0 3 4 0 -1
1 2 3 2 0 2
haar_y2
3.193222e-003 0 -1
-1.634491e-001 5.383182e-001 
1
2
1 0 3 4 0 -1
1 2 3 2 0 2
haar_y2
-2.352583e-003 0 -1
1.635882e-001 -5.200797e-001 
1
2
0 0 5 3 0 -1
0 1 5 1 0 3
haar_y3
-7.918297e-003 0 -1
4.332462e-001 -1.918292e-001 
1
2
0 0 5 3 0 -1
0 1 5 1 0 3
haar_y3
7.943590e-003 0 -1
-3.272875e-001 1.887090e-001 
1
2
0 0 5 4 0 -1
0 2 5 2 0 2
haar_y2
8.087406e-003 0 -1
-1.861941e-001 4.666509e-001 
1
2
0 0 5 4 0 -1
0 2 5 2 0 2
haar_y2
-7.655987e-003 0 -1
1.782650e-001 -5.140387e-001 
1
2
0 0 5 4 0 -1
0 2 5 2 0 2
haar_y2
8.087406e-003 0 -1
-1.716299e-001 5.035676e-001 
1
2
0 0 5 4 0 -1
0 2 5 2 0 2
haar_y2
-7.655987e-003 0 -1
1.714594e-001 -5.005344e-001 
1
2
0 0 5 4 0 -1
0 2 5 2 0 2
haar_y2
7.232397e-003 0 -1
-1.682453e-001 5.012126e-001 
1
2
0 0 5 4 0 -1
0 2 5 2 0 2
haar_y2
-2.115986e-003 0 -1
1.683586e-001 -4.924475e-001 
1
2
0 0 5 4 0 -1
0 2 5 2 0 2
haar_y2
4.307545e-003 0 -1
-1.634467e-001 4.945056e-001 
1
2
1 0 4 4 0 -1
1 2 4 2 0 2
haar_y2
-5.819501e-003 0 -1
1.580590e-001 -4.985255e-001 
1
2
1 0 3 4 0 -1
1 2 3 2 0 2
haar_y2
2.106800e-003 0 -1
-1.535965e-001 5.350703e-001 
1
2
1 0 4 4 0 -1
1 2 4 2 0 2
haar_y2
-5.807018e-001 0 -1
2.476591e-001 -3.095005e-001 
1
2
0 0 4 4 0 -1
2 0 2 4 0 2
haar_x2
7.404327e-001 0 -1
-1.611452e-001 5.246880e-001 
1
2
1 0 4 1 0 -1
1 0 2 1 0 2
haar_x2
1.639115e-002 0 -1
-3.611032e-001 1.999754e-001 
1
2
1 0 2 4 0 -1
1 1 2 2 0 2
haar_y4
5.080570e-003 0 -1
-5.794619e-001 2.246533e-001 
1
2
2 2 3 2 0 -1
2 3 3 1 0 2
haar_y2
-3.369772e-002 0 -1
9.766181e-002 -5.149993e-001 
1
2
0 2 3 2 0 -1
0 3 3 1 0 2
haar_y2
6.541698e-002 0 -1
-2.602772e-001 8.436947e-001 
1
2
3 1 2 2 0 -1
3 1 2 1 0 2
tilted_haar_x2
3.081594e-003 0 -1
-5.890566e-001 1.939548e-001 
1
2
0 2 4 2 0 -1
2 2 2 2 0 2
haar_x2
-1.613967e-002 0 -1
4.226531e-001 -6.081511e-001 
1
2
1 2 4 2 0 -1
1 2 2 2 0 2
haar_x2
-1.574456e-001 0 -1
5.171875e-001 -3.264166e-001 
1
2
1 3 3 2 0 -1
2 3 1 2 0 3
haar_x3
3.715905e-003 0 -1
-3.166380e-001 4.787336e-001 
1
2
2 1 1 3 0 -1
2 2 1 1 0 3
haar_y3
6.467289e-003 0 -1
-5.749533e-001 2.466435e-001 
1
2
0 1 5 4 0 -1
0 2 5 2 0 2
haar_y4
-6.752707e-003 0 -1
2.852460e-001 -6.159841e-001 
1
2
0 1 5 4 0 -1
0 2 5 2 0 2
haar_y4
2.616331e-003 0 -1
-3.344458e-001 5.886542e-001 
1
2
0 1 5 4 0 -1
0 2 5 2 0 2
haar_y4
-6.752707e-003 0 -1
3.323999e-001 -5.901952e-001 
1
2
0 1 5 4 0 -1
0 2 5 2 0 2
haar_y4
2.616331e-003 0 -1
-3.231575e-001 5.896829e-001 
1
2
0 1 4 4 0 -1
0 2 4 2 0 2
haar_y4
-5.601108e-003 0 -1
3.345460e-001 -5.841953e-001 
1
2
1 3 4 2 0 -1
1 4 4 1 0 2
haar_y2
-9.905791e-002 0 -1
4.656238e-001 -3.198903e-001 
1
2
0 1 2 2 0 -1
0 2 2 1 0 2
haar_y2
1.794965e-003 0 -1
-2.091355e-001 5.362099e-001 
1
2
2 0 2 4 0 -1
2 2 2 2 0 2
haar_y2
-1.171509e-002 0 -1
1.256554e-001 -5.107500e-001 
1
2
2 1 1 3 0 -1
2 2 1 1 0 3
haar_y3
-5.566741e-002 0 -1
6.860089e-001 -2.087613e-001 
1
2
2 1 1 2 0 -1
2 2 1 1 0 2
haar_y2
2.895275e-003 0 -1
-2.384606e-001 5.448813e-001 
1
2
0 1 2 2 0 -1
0 2 2 1 0 2
haar_y2
-8.011730e-003 0 -1
2.483561e-001 -4.760196e-001 
1
2
3 1 2 2 0 -1
3 2 2 1 0 2
haar_y2
1.682802e-002 0 -1
-1.672467e-001 3.521759e-001 
1
3
0 0 4 4 0 -1
0 0 2 2 0 2
2 2 2 2 0 2
haar_x2_y2
-3.241258e-003 0 -1
2.649822e-001 -4.294560e-001 
1
3
1 0 4 2 0 -1
3 0 2 1 0 2
1 1 2 1 0 2
haar_x2_y2
4.769026e-003 0 -1
-1.907014e-001 2.591732e-001 
1
3
0 0 4 2 0 -1
0 0 2 1 0 2
2 1 2 1 0 2
haar_x2_y2
9.625578e-003 0 -1
-3.882338e-001 4.192700e-001 
1
2
4 2 1 2 0 -1
4 2 1 1 0 2
tilted_haar_x2
-1.425316e-001 0 -1
5.807960e-001 -2.732118e-001 
1
2
0 1 2 4 0 -1
0 3 2 2 0 2
haar_y2
-1.548482e-002 0 -1
3.654397e-001 -5.163229e-001 
1
2
1 1 3 4 0 -1
2 1 1 4 0 3
haar_x3
-2.738728e-003 0 -1
4.286367e-001 -2.822578e-001 
1
2
0 2 4 2 0 -1
2 2 2 2 0 2
haar_x2
7.319093e-003 0 -1
-2.409599e-001 4.042985e-001 
1
2
3 1 2 4 0 -1
3 3 2 2 0 2
haar_y2
-1.189727e-002 0 -1
8.889448e-002 -3.174921e-001 
1
2
0 1 4 4 0 -1
0 3 4 2 0 2
haar_y2
2.592797e-003 0 -1
-2.048202e-001 8.248779e-001 
1
2
4 2 1 2 0 -1
4 2 1 1 0 2
tilted_haar_x2
-3.737431e-003 0 -1
3.462883e-001 -2.805175e-001 
1
2
2 1 1 4 0 -1
2 3 1 2 0 2
haar_y2
-5.904273e-003 0 -1
2.730241e-001 -6.797973e-001 
1
2
2 0 3 4 0 -1
2 2 3 2 0 2
haar_y2
1.781708e-002 0 -1
-1.515527e-001 3.990683e-001 
1
2
1 2 2 1 0 -1
1 2 1 1 0 2
tilted_haar_x2
3.760589e-003 0 -1
-5.090951e-001 2.052731e-001 
1
2
0 1 5 4 0 -1
0 2 5 2 0 2
haar_y4
-4.625483e-003 0 -1
1.652467e-001 -4.548668e-001 
1
2
0 1 4 4 0 -1
0 2 4 2 0 2
haar_y4
1.440459e-002 0 -1
-2.381032e-001 4.894028e-001 
1
2
2 1 1 2 0 -1
2 2 1 1 0 2
haar_y2
-5.954285e-003 0 -1
2.422640e-001 -4.111098e-001 
1
2
2 0 1 3 0 -1
2 1 1 1 0 3
haar_y3
-3.225685e-003 0 -1
4.483154e-001 -2.020892e-001 
1
2
3 1 2 4 0 -1
3 3 2 2 0 2
haar_y2
3.145791e-003 0 -1
-7.247382e-002 2.958123e-001 
1
2
0 1 1 4 0 -1
0 2 1 2 0 2
haar_y4
-1.839484e-002 0 -1
2.608358e-001 -2.850804e-001 
1
2
2 0 3 4 0 -1
2 2 3 2 0 2
haar_y2
-5.170677e-003 0 -1
9.393203e-002 -2.461544e-001 
1
2
0 0 3 4 0 -1
0 2 3 2 0 2
haar_y2
1.665447e-002 0 -1
-1.731910e-001 5.660443e-001 
1
2
2 0 3 4 0 -1
2 2 3 2 0 2
haar_y2
-1.583865e-002 0 -1
8.784156e-002 -3.560061e-001 
1
2
1 0 3 4 0 -1
1 1 3 2 0 2
haar_y4
5.238690e-001 0 -1
-1.953412e-001 3.189314e-001 
1
2
2 1 3 2 0 -1
3 1 1 2 0 3
haar_x3
-1.420503e-001 0 -1
2.080969e-001 -2.070122e-001 
1
2
0 1 3 2 0 -1
1 1 1 2 0 3
haar_x3
-2.254361e-002 0 -1
2.448645e-001 -3.204673e-001 
1
2
2 0 3 5 0 -1
3 0 1 5 0 3
haar_x3
1.163548e-001 0 -1
-1.710889e-001 4.531566e-001 
1
2
0 0 3 5 0 -1
1 0 1 5 0 3
haar_x3
8.751798e-003 0 -1
-2.764393e-001 4.550229e-001 
1
2
2 0 3 1 0 -1
3 0 1 1 0 3
haar_x3
4.230558e-003 0 -1
-2.660509e-001 2.858233e-001 
1
2
1 0 3 1 0 -1
2 0 1 1 0 3
haar_x3
2.995440e-003 0 -1
-5.412273e-001 2.560864e-001 
1
2
4 1 1 2 0 -1
4 1 1 1 0 2
tilted_haar_x2
2.160963e-002 0 -1
-5.351393e-001 2.192578e-001 
1
2
0 1 4 1 0 -1
2 1 2 1 0 2
haar_x2
-3.499905e-002 0 -1
4.760844e-001 -4.917950e-001 
1
2
2 1 2 1 0 -1
2 1 1 1 0 2
haar_x2
1.026113e-002 0 -1
-3.452102e-001 3.223197e-001 
1
2
0 1 4 1 0 -1
2 1 2 1 0 2
haar_x2
4.937012e-003 0 -1
-5.604076e-001 4.884564e-001 
1
2
4 1 1 2 0 -1
4 1 1 1 0 2
tilted_haar_x2
-5.989648e-002 0 -1
4.536961e-001 -4.259886e-001 
1
2
1 0 2 4 0 -1
1 2 2 2 0 2
haar_y2
-5.538110e-003 0 -1
4.181018e-001 -6.748137e-001 
1
2
1 0 3 3 0 -1
2 0 1 3 0 3
haar_x3
-2.020027e-002 0 -1
6.977146e-001 -2.486511e-001 
1
2
1 0 2 4 0 -1
1 2 2 2 0 2
haar_y2
2.043354e-003 0 -1
-1.785285e-001 8.367827e-001 
1
2
4 1 1 2 0 -1
4 1 1 1 0 2
tilted_haar_x2
4.830505e-003 0 -1
-5.053650e-001 2.607203e-001 
1
2
1 2 3 1 0 -1
2 2 1 1 0 3
haar_x3
5.571679e-003 0 -1
-6.872321e-001 3.806333e-001 
1
2
2 0 2 4 0 -1
2 2 2 2 0 2
haar_y2
-2.621648e-003 0 -1
6.743360e-002 -6.542659e-001 
1
2
1 1 3 2 0 -1
1 2 3 1 0 2
haar_y2
5.607441e-002 0 -1
-3.139615e-001 6.264424e-001 
1
2
2 0 3 3 0 -1
2 1 3 1 0 3
haar_y3
1.230594e-003 0 -1
-6.422371e-001 3.273132e-001 
1
2
1 1 2 1 0 -1
1 1 1 1 0 2
tilted_haar_x2
2.456298e-003 0 -1
-7.506692e-001 3.051935e-001 
1
2
2 1 3 3 0 -1
3 2 1 1 0 9
haar_point
-5.660466e-001 0 -1
5.473242e-001 -6.019922e-001 
1
2
0 1 5 3 0 -1
0 2 5 1 0 3
haar_y3
1.068632e-001 0 -1
-6.455485e-001 6.365018e-001 
1
2
2 0 2 4 0 -1
2 2 2 2 0 2
haar_y2
4.017652e-003 0 -1
-5.609453e-001 8.907544e-001 
1
2
1 0 2 4 0 -1
1 2 2 2 0 2
haar_y2
-4.012216e-003 0 -1
7.058368e-001 -9.565492e-001 
1
2
3 2 2 2 0 -1
3 2 1 2 0 2
haar_x2
-1.956112e-003 0 -1
1.737358e-001 -7.000409e-001 
1
2
0 1 5 4 0 -1
0 3 5 2 0 2
haar_y2
-7.859169e-003 0 -1
3.088740e-001 -7.112167e-001 
1
2
0 1 5 3 0 -1
0 2 5 1 0 3
haar_y3
-1.241772e-001 0 -1
7.253460e-001 -3.991171e-001 
1
2
1 1 2 1 0 -1
1 1 1 1 0 2
tilted_haar_x2
-1.746672e-003 0 -1
8.296661e-001 -2.995148e-001 
1
2
3 1 2 4 0 -1
3 3 2 2 0 2
haar_y2
1.113613e-001 0 -1
-3.996383e-002 5.338286e-001 
1
3
0 2 4 2 0 -1
0 2 2 1 0 2
2 3 2 1 0 2
haar_x2_y2
-4.547731e-003 0 -1
2.896545e-001 -5.577763e-001 
1
2
1 2 3 1 0 -1
2 2 1 1 0 3
haar_x3
-8.360021e-003 0 -1
5.149865e-001 -2.179491e-001 
1
2
1 0 2 4 0 -1
1 2 2 2 0 2
haar_y2
2.043354e-003 0 -1
-1.291876e-001 8.022168e-001 
1
2
2 0 3 4 0 -1
2 2 3 2 0 2
haar_y2
-5.821343e-003 0 -1
1.823486e-001 -5.857720e-001 
1
2
1 1 3 3 0 -1
2 2 1 1 0 9
haar_point
1.302436e-002 0 -1
-5.090351e-001 2.070572e-001 
1
3
1 2 4 2 0 -1
3 2 2 1 0 2
1 3 2 1 0 2
haar_x2_y2
9.336336e-003 0 -1
-2.543371e-001 1.937857e-001 
1
3
0 2 4 2 0 -1
0 2 2 1 0 2
2 3 2 1 0 2
haar_x2_y2
5.716319e-003 0 -1
-2.871072e-001 6.536539e-001 
1
3
1 2 4 2 0 -1
3 2 2 1 0 2
1 3 2 1 0 2
haar_x2_y2
-1.977753e-003 0 -1
3.061035e-001 -5.023582e-001 
1
3
0 2 4 2 0 -1
0 2 2 1 0 2
2 3 2 1 0 2
haar_x2_y2
-4.547731e-003 0 -1
3.552990e-001 -5.967210e-001 
1
2
1 2 4 1 0 -1
2 2 2 1 0 2
haar_x4
9.413798e-002 0 -1
-2.447306e-001 3.189815e-001 
1
2
0 2 4 1 0 -1
2 2 2 1 0 2
haar_x2
-3.086421e-002 0 -1
5.142094e-001 -3.717850e-001 
1
2
1 2 4 1 0 -1
1 2 2 1 0 2
haar_x2
-7.883197e-003 0 -1
3.393851e-001 -2.508895e-001 
1
2
0 0 4 5 0 -1
1 0 2 5 0 2
haar_x4
5.693756e-002 0 -1
-2.685541e-001 3.651448e-001 
1
2
0 3 5 2 0 -1
0 4 5 1 0 2
haar_y2
1.153616e-002 0 -1
-3.696561e-001 3.380652e-001 
1
2
0 3 4 2 0 -1
0 4 4 1 0 2
haar_y2
-1.147740e-002 0 -1
4.013041e-001 -4.116254e-001 
1
2
2 3 3 2 0 -1
2 4 3 1 0 2
haar_y2
3.353655e-002 0 -1
-2.897646e-001 3.751890e-001 
1
2
1 0 3 1 0 -1
2 1 1 1 0 3
tilted_haar_x3
-6.332386e-002 0 -1
4.038321e-001 -3.696452e-001 
1
2
2 1 3 3 0 -1
3 2 1 1 0 9
haar_point
1.158097e-001 0 -1
-3.121554e-001 4.435252e-001 
1
3
0 2 4 2 0 -1
0 2 2 1 0 2
2 3 2 1 0 2
haar_x2_y2
5.944425e-003 0 -1
-3.088468e-001 5.406801e-001 
1
2
1 0 3 2 0 -1
2 0 1 2 0 3
haar_x3
9.662040e-003 0 -1
-6.442880e-001 2.620188e-001 
1
2
1 3 2 2 0 -1
2 3 1 2 0 2
haar_x2
-5.804250e-003 0 -1
3.831534e-001 -6.078320e-001 
1
2
2 3 3 2 0 -1
3 3 1 2 0 3
haar_x3
3.311239e-002 0 -1
-3.339547e-001 4.289564e-001 
1
2
2 0 2 2 0 -1
2 0 2 1 0 2
tilted_haar_y2
1.131423e-002 0 -1
-5.745903e-001 3.362864e-001 
1
2
4 1 1 2 0 -1
4 1 1 1 0 2
tilted_haar_x2
4.830505e-003 0 -1
-5.512913e-001 2.044681e-001 
1
2
2 0 3 2 0 -1
2 0 3 1 0 2
tilted_haar_y2
-2.333086e-002 0 -1
7.563186e-001 -5.214751e-001 
1
2
3 0 2 3 0 -1
3 0 1 3 0 2
tilted_haar_y2
1.757069e-002 0 -1
-5.538180e-001 3.751584e-001 
1
2
0 2 4 2 0 -1
2 2 2 2 0 2
haar_x2
4.225670e-003 0 -1
-6.076174e-001 6.511152e-001 
1
2
1 2 4 2 0 -1
1 2 2 2 0 2
haar_x2
1.775037e-003 0 -1
-6.630193e-001 5.664763e-001 
1
2
2 0 3 2 0 -1
2 0 3 1 0 2
tilted_haar_y2
2.474581e-003 0 -1
-8.543336e-001 5.091462e-001 
1
2
1 2 4 2 0 -1
1 2 2 2 0 2
haar_x2
-4.019989e-003 0 -1
4.624406e-001 -8.120171e-001 
1
2
0 2 4 2 0 -1
2 2 2 2 0 2
haar_x2
-5.307136e-003 0 -1
7.505038e-001 -7.856091e-001 
1
2
1 2 3 3 0 -1
2 2 1 3 0 3
haar_x3
5.245066e-003 0 -1
-5.585344e-001 5.703858e-001 
1
2
0 0 4 1 0 -1
1 0 2 1 0 2
haar_x4
-1.668373e-003 0 -1
6.792012e-001 -6.399314e-001 
1
2
1 0 4 1 0 -1
2 0 2 1 0 2
haar_x4
-7.208209e-003 0 -1
6.048256e-001 -2.831755e-001 
1
2
0 0 4 1 0 -1
1 0 2 1 0 2
haar_x4
2.601845e-003 0 -1
-5.022336e-001 5.646749e-001 
1
2
2 0 3 1 0 -1
3 0 1 1 0 3
haar_x3
4.230558e-003 0 -1
-5.929199e-001 5.186945e-001 
1
2
1 0 3 1 0 -1
2 0 1 1 0 3
haar_x3
7.064244e-003 0 -1
-7.434707e-001 4.081079e-001 
1
2
1 0 4 5 0 -1
2 0 2 5 0 2
haar_x4
-2.255750e-002 0 -1
4.818844e-001 -7.109804e-001 
1
2
0 0 3 5 0 -1
1 0 1 5 0 3
haar_x3
-3.797481e-003 0 -1
5.705826e-001 -7.278953e-001 
1
2
1 1 4 3 0 -1
1 2 4 1 0 3
haar_y3
1.813285e-003 0 -1
-6.191808e-001 3.887649e-001 
1
2
0 0 1 2 0 -1
0 1 1 1 0 2
haar_y2
1.154144e-002 0 -1
-6.488192e-001 4.151772e-001 
1
2
1 2 3 3 0 -1
2 2 1 3 0 3
haar_x3
-1.663012e-003 0 -1
5.026502e-001 -6.666096e-001 
1
2
1 1 3 4 0 -1
2 1 1 4 0 3
haar_x3
6.460728e-003 0 -1
-5.971256e-001 5.678929e-001 
1
2
2 1 3 4 0 -1
2 2 3 2 0 2
haar_y4
-1.582102e-002 0 -1
2.903335e-001 -6.189706e-001 
1
3
0 1 4 2 0 -1
0 1 2 1 0 2
2 2 2 1 0 2
haar_x2_y2
2.999732e-003 0 -1
-5.472872e-001 5.114257e-001 
1
3
1 1 4 2 0 -1
3 1 2 1 0 2
1 2 2 1 0 2
haar_x2_y2
5.475981e-003 0 -1
-5.080624e-001 3.671534e-001 
1
2
0 1 1 4 0 -1
0 2 1 2 0 2
haar_y4
1.813285e-003 0 -1
-6.425573e-001 6.779252e-001 
1
2
2 0 3 4 0 -1
2 2 3 2 0 2
haar_y2
-3.054008e-003 0 -1
3.650118e-001 -7.851590e-001 
1
2
2 0 1 4 0 -1
2 1 1 2 0 2
haar_y4
1.037548e-002 0 -1
-7.990157e-001 3.448397e-001 
1
2
2 1 3 4 0 -1
2 2 3 2 0 2
haar_y4
4.030162e-003 0 -1
-6.701123e-001 6.374467e-001 
1
2
1 1 3 4 0 -1
1 2 3 2 0 2
haar_y4
-4.012216e-003 0 -1
6.612700e-001 -8.876222e-001 
1
2
2 2 1 3 0 -1
2 3 1 1 0 3
haar_y3
4.586878e-003 0 -1
-5.446908e-001 7.841923e-001 
1
2
2 2 1 3 0 -1
2 3 1 1 0 3
haar_y3
-4.672693e-003 0 -1
5.532826e-001 -8.503987e-001 
1
2
2 2 1 3 0 -1
2 3 1 1 0 3
haar_y3
4.586878e-003 0 -1
-5.139807e-001 8.091629e-001 
1
2
1 2 2 3 0 -1
1 3 2 1 0 3
haar_y3
-2.638532e-003 0 -1
5.281172e-001 -8.199245e-001 
1
2
2 2 2 3 0 -1
2 3 2 1 0 3
haar_y3
2.264409e-002 0 -1
-5.036493e-001 8.378187e-001 
1
2
0 1 5 4 0 -1
0 3 5 2 0 2
haar_y2
-7.859169e-003 0 -1
4.748992e-001 -8.626383e-001 
1
2
0 1 5 4 0 -1
0 3 5 2 0 2
haar_y2
1.431918e-002 0 -1
-5.775596e-001 9.767843e-001 
1
2
0 1 5 4 0 -1
0 3 5 2 0 2
haar_y2
-7.859169e-003 0 -1
5.637468e-001 -8.859085e-001 
1
2
0 1 5 4 0 -1
0 3 5 2 0 2
haar_y2
1.431918e-002 0 -1
-5.818922e-001 9.721960e-001 
1
2
0 1 5 4 0 -1
0 3 5 2 0 2
haar_y2
-7.859169e-003 0 -1
5.791260e-001 -9.006190e-001 
1
2
4 0 1 3 0 -1
3 1 1 1 0 3
tilted_haar_x3
7.898756e-003 0 -1
-7.262214e-001 1.314353e-001 
1
2
1 0 3 3 0 -1
2 0 1 3 0 3
haar_x3
-2.020027e-002 0 -1
8.609088e-001 -6.389218e-001 
1
2
1 0 3 3 0 -1
2 0 1 3 0 3
haar_x3
2.082292e-002 0 -1
-6.316701e-001 5.807966e-001 
1
2
0 3 1 2 0 -1
0 4 1 1 0 2
haar_y2
4.635166e-003 0 -1
-6.645913e-001 5.824830e-001 
1
2
4 3 1 2 0 -1
4 4 1 1 0 2
haar_y2
-1.085326e-002 0 -1
4.522298e-001 -6.683711e-001 
1
2
0 3 5 2 0 -1
0 4 5 1 0 2
haar_y2
1.153616e-002 0 -1
-6.036335e-001 6.678472e-001 
1
2
4 3 1 2 0 -1
4 4 1 1 0 2
haar_y2
5.829030e-003 0 -1
-6.533676e-001 5.686255e-001 
1
2
0 3 5 2 0 -1
0 4 5 1 0 2
haar_y2
-3.244428e-003 0 -1
9.182993e-001 -8.593875e-001 
1
2
2 1 2 2 0 -1
2 2 2 1 0 2
haar_y2
-1.756236e-003 0 -1
5.524672e-001 -5.734909e-001 
1
2
1 0 3 3 0 -1
1 1 3 1 0 3
haar_y3
-1.677022e-003 0 -1
8.364481e-001 -4.501756e-001 
1
2
4 3 1 2 0 -1
4 4 1 1 0 2
haar_y2
6.260063e-003 0 -1
-1.364188e-001 4.391850e-001 
1
2
0 3 1 2 0 -1
0 4 1 1 0 2
haar_y2
-1.311389e-002 0 -1
6.356874e-001 -5.896891e-001 
1
2
0 1 5 4 0 -1
0 3 5 2 0 2
haar_y2
1.290169e-002 0 -1
-3.239880e-001 9.612138e-001 
1
2
1 0 2 4 0 -1
1 1 2 2 0 2
haar_y4
2.690974e-003 0 -1
-7.741330e-001 4.814228e-001 
1
2
3 1 1 3 0 -1
3 2 1 1 0 3
haar_y3
3.100272e-003 0 -1
-7.105622e-001 2.778800e-001 
1
2
1 1 1 3 0 -1
1 2 1 1 0 3
haar_y3
-1.629940e-002 0 -1
8.047002e-001 -7.923116e-001 
1
2
3 1 1 3 0 -1
3 2 1 1 0 3
haar_y3
-5.262020e-003 0 -1
6.601928e-001 -4.618983e-001 
1
2
1 1 3 3 0 -1
1 2 3 1 0 3
haar_y3
1.802467e-001 0 -1
-5.450675e-001 6.941156e-001 
1
2
1 0 3 3 0 -1
2 1 1 1 0 9
haar_point
2.072047e-002 0 -1
-7.548011e-001 3.665728e-001 
1
2
1 1 3 4 0 -1
2 1 1 4 0 3
haar_x3
-8.116892e-003 0 -1
6.349810e-001 -7.230640e-001 
1
2
1 0 3 5 0 -1
2 0 1 5 0 3
haar_x3
1.479997e-001 0 -1
-7.187572e-001 6.416150e-001 
1
2
0 2 4 3 0 -1
0 3 4 1 0 3
haar_y3
-1.855752e-002 0 -1
4.322171e-001 -8.039464e-001 
1
2
1 1 3 3 0 -1
2 2 1 1 0 9
haar_point
-9.294387e-003 0 -1
8.568006e-001 -5.613146e-001 
1
2
1 1 3 3 0 -1
2 2 1 1 0 9
haar_point
2.670382e-003 0 -1
-5.575761e-001 4.771209e-001 
1
2
1 0 3 4 0 -1
1 1 3 2 0 2
haar_y4
-8.167279e-002 0 -1
9.027016e-001 -5.102372e-001 
1
2
1 2 3 2 0 -1
1 3 3 1 0 2
haar_y2
-3.676073e-003 0 -1
4.815636e-001 -6.696601e-001 
1
2
2 2 2 3 0 -1
2 3 2 1 0 3
haar_y3
1.586942e-001 0 -1
-1.396513e-001 7.681014e-001 
1
2
1 2 1 3 0 -1
1 3 1 1 0 3
haar_y3
3.077448e-002 0 -1
-4.254785e-001 6.394095e-001 
1
2
3 2 1 3 0 -1
3 3 1 1 0 3
haar_y3
-4.704942e-003 0 -1
4.963738e-001 -7.201814e-001 
1
2
0 2 5 2 0 -1
0 3 5 1 0 2
haar_y2
4.028592e-003 0 -1
-2.928596e-001 8.416727e-001 
1
2
2 0 3 4 0 -1
2 1 3 2 0 2
haar_y4
3.363060e-003 0 -1
-8.460095e-001 3.962269e-001 
1
2
0 2 2 3 0 -1
0 3 2 1 0 3
haar_y3
-3.099382e-002 0 -1
3.020485e-001 -7.659236e-001 
1
2
1 2 4 3 0 -1
1 3 4 1 0 3
haar_y3
7.453005e-003 0 -1
-5.258221e-001 7.980277e-001 
1
2
0 2 5 3 0 -1
0 3 5 1 0 3
haar_y3
-2.646503e-003 0 -1
4.821618e-001 -7.812501e-001 
1
2
1 2 4 3 0 -1
1 3 4 1 0 3
haar_y3
1.285515e-001 0 -1
-5.205178e-001 8.259370e-001 
1
2
2 0 1 4 0 -1
2 2 1 2 0 2
haar_y2
-6.202493e-003 0 -1
4.882862e-001 -8.529302e-001 
1
2
1 0 3 4 0 -1
1 2 3 2 0 2
haar_y2
4.448004e-003 0 -1
-4.661436e-001 8.903643e-001 
1
2
1 0 1 4 0 -1
1 2 1 2 0 2
haar_y2
-2.970408e-003 0 -1
5.510560e-001 -8.532324e-001 
1
2
3 0 1 4 0 -1
3 2 1 2 0 2
haar_y2
1.524410e-002 0 -1
-4.019552e-001 6.348129e-001 
1
2
0 1 1 2 0 -1
0 2 1 1 0 2
haar_y2
-4.571048e-003 0 -1
5.515743e-001 -7.443385e-001 
1
3
1 0 4 4 0 -1
3 0 2 2 0 2
1 2 2 2 0 2
haar_x2_y2
7.507297e-002 0 -1
-3.278401e-001 6.888061e-001 
1
3
0 0 4 4 0 -1
0 0 2 2 0 2
2 2 2 2 0 2
haar_x2_y2
-4.012216e-003 0 -1
5.283251e-001 -7.879593e-001 
1
2
1 2 3 3 0 -1
1 3 3 1 0 3
haar_y3
-5.017353e-003 0 -1
3.379183e-001 -7.903009e-001 
1
2
0 0 5 3 0 -1
0 1 5 1 0 3
haar_y3
-6.897215e-002 0 -1
7.246122e-001 -3.953108e-001 
1
2
3 1 1 3 0 -1
2 2 1 1 0 3
tilted_haar_x3
-2.274712e-002 0 -1
2.972119e-001 -4.800402e-001 
1
2
0 2 4 3 0 -1
0 3 4 1 0 3
haar_y3
9.034784e-003 0 -1
-3.610702e-001 8.315251e-001 
1
2
0 0 5 2 0 -1
0 1 5 1 0 2
haar_y2
1.914533e-002 0 -1
-5.330280e-001 4.310598e-001 
1
2
1 0 2 3 0 -1
2 0 1 3 0 2
haar_x2
-2.014296e-003 0 -1
7.422606e-001 -4.854132e-001 
1
2
2 0 2 5 0 -1
2 0 1 5 0 2
haar_x2
-7.287723e-002 0 -1
5.729787e-001 -1.636413e-001 
1
2
0 1 4 3 0 -1
1 1 2 3 0 2
haar_x4
3.267913e-002 0 -1
-3.432263e-001 5.825618e-001 
1
2
2 3 3 2 0 -1
3 3 1 2 0 3
haar_x3
-9.722472e-003 0 -1
3.306077e-001 -3.807084e-001 
1
2
0 2 4 2 0 -1
1 2 2 2 0 2
haar_x4
-8.027160e-003 0 -1
4.448746e-001 -4.597991e-001 
1
2
1 1 4 3 0 -1
1 2 4 1 0 3
haar_y3
6.476934e-001 0 -1
-3.378456e-001 6.075618e-001 
1
2
1 1 2 1 0 -1
2 1 1 1 0 2
haar_x2
3.151273e-003 0 -1
-5.767890e-001 3.223845e-001 
1
2
1 0 4 1 0 -1
1 0 2 1 0 2
haar_x2
1.616944e-002 0 -1
-5.969332e-001 3.222519e-001 
1
2
1 0 1 3 0 -1
1 1 1 1 0 3
haar_y3
9.606371e-003 0 -1
-7.074409e-001 4.383584e-001 
1
2
2 2 1 2 0 -1
2 3 1 1 0 2
haar_y2
-2.413653e-002 0 -1
2.808193e-001 -8.509483e-001 
1
2
0 0 5 2 0 -1
0 1 5 1 0 2
haar_y2
-3.727716e-003 0 -1
6.564338e-001 -4.860063e-001 
1
2
2 0 3 1 0 -1
3 0 1 1 0 3
haar_x3
-5.303941e-003 0 -1
3.847733e-001 -2.770271e-001 
1
2
0 0 5 2 0 -1
0 1 5 1 0 2
haar_y2
8.368565e-003 0 -1
-4.892030e-001 3.752657e-001 
1
2
2 0 1 4 0 -1
2 1 1 2 0 2
haar_y4
-5.703270e-003 0 -1
8.482187e-001 -3.403513e-001 
1
2
0 1 2 3 0 -1
0 2 2 1 0 3
haar_y3
4.822425e-002 0 -1
-3.482011e-001 4.827472e-001 
1
2
4 0 1 3 0 -1
3 1 1 1 0 3
tilted_haar_x3
-4.888954e-003 0 -1
6.981474e-001 -2.622690e-001 
1
2
2 0 3 1 0 -1
3 1 1 1 0 3
tilted_haar_x3
5.785088e-003 0 -1
-6.111917e-001 3.672188e-001 
1
2
4 0 1 3 0 -1
3 1 1 1 0 3
tilted_haar_x3
6.871551e-003 0 -1
-5.669401e-001 6.427284e-002 
1
2
1 0 3 4 0 -1
2 0 1 4 0 3
haar_x3
-7.010129e-003 0 -1
6.999554e-001 -4.904402e-001 
1
2
4 0 1 3 0 -1
3 1 1 1 0 3
tilted_haar_x3
7.513367e-002 0 -1
-4.028490e-001 2.559008e-001 
1
2
1 0 3 1 0 -1
2 1 1 1 0 3
tilted_haar_x3
-1.837412e-001 0 -1
6.598036e-001 -4.124954e-001 
1
2
3 1 2 1 0 -1
3 1 1 1 0 2
tilted_haar_y2
5.657670e-003 0 -1
-5.511521e-001 2.228753e-001 
1
2
2 1 1 2 0 -1
2 1 1 1 0 2
tilted_haar_y2
6.472228e-003 0 -1
-5.340893e-001 4.009401e-001 
1
2
3 0 1 3 0 -1
2 1 1 1 0 3
tilted_haar_x3
-3.929456e-003 0 -1
3.588155e-001 -5.101545e-001 
1
2
1 0 3 3 0 -1
2 0 1 3 0 3
haar_x3
-6.804992e-002 0 -1
8.119180e-001 -3.372793e-001 
1
2
3 0 2 3 0 -1
3 0 1 3 0 2
haar_x2
7.394098e-002 0 -1
-1.600527e-001 4.828332e-001 
1
2
0 3 3 2 0 -1
0 4 3 1 0 2
haar_y2
2.914897e-002 0 -1
-5.414924e-001 3.915140e-001 
1
2
1 0 3 4 0 -1
2 0 1 4 0 3
haar_x3
1.985498e-002 0 -1
-6.550646e-001 3.239273e-001 
1
2
2 2 2 1 0 -1
2 2 1 1 0 2
tilted_haar_x2
4.535296e-002 0 -1
-6.187912e-001 4.519607e-001 
1
2
1 0 4 4 0 -1
1 0 2 4 0 2
haar_x2
-4.506265e-002 0 -1
5.730613e-001 -6.784178e-001 
1
2
0 0 4 5 0 -1
1 0 2 5 0 2
haar_x4
9.264107e-002 0 -1
-4.968415e-001 6.846063e-001 
1
2
2 0 2 4 0 -1
2 2 2 2 0 2
haar_y2
-2.621648e-003 0 -1
3.040632e-001 -5.425383e-001 
1
2
0 3 3 2 0 -1
1 3 1 2 0 3
haar_x3
-3.687267e-002 0 -1
4.498949e-001 -4.532221e-001 
1
2
1 2 3 2 0 -1
1 3 3 1 0 2
haar_y2
1.528888e-002 0 -1
-2.687379e-001 8.663275e-001 
1
2
0 0 4 4 0 -1
0 1 4 2 0 2
haar_y4
1.049971e-002 0 -1
-7.954743e-001 3.102927e-001 
1
2
1 1 4 1 0 -1
1 1 2 1 0 2
haar_x2
2.710073e-002 0 -1
-6.807905e-001 2.927105e-001 
1
2
2 0 1 2 0 -1
2 1 1 1 0 2
haar_y2
-5.404228e-003 0 -1
6.031724e-001 -6.618835e-001 
1
2
2 0 1 2 0 -1
2 1 1 1 0 2
haar_y2
3.879739e-003 0 -1
-5.822670e-001 6.436102e-001 
1
2
1 1 3 2 0 -1
2 1 1 2 0 3
haar_x3
-3.318617e-003 0 -1
7.813423e-001 -5.968822e-001 
1
2
1 1 3 2 0 -1
2 1 1 2 0 3
haar_x3
5.318902e-003 0 -1
-6.367335e-001 6.202402e-001 
1
2
0 0 3 1 0 -1
1 0 1 1 0 3
haar_x3
-2.517175e-003 0 -1
3.942598e-001 -7.196709e-001 
1
2
2 0 3 1 0 -1
3 0 1 1 0 3
haar_x3
-1.510461e-002 0 -1
3.614159e-001 -5.340076e-001 
1
2
1 0 3 5 0 -1
2 0 1 5 0 3
haar_x3
-2.030173e-003 0 -1
7.564071e-001 -4.039853e-001 
1
2
2 0 3 1 0 -1
3 0 1 1 0 3
haar_x3
2.865438e-002 0 -1
-3.232691e-001 7.381623e-001 
1
2
1 0 3 5 0 -1
2 0 1 5 0 3
haar_x3
1.032710e-003 0 -1
-7.104465e-001 4.806032e-001 
1
2
2 0 3 1 0 -1
3 0 1 1 0 3
haar_x3
-1.537232e-003 0 -1
2.705040e-001 -6.305868e-001 
1
2
0 0 3 1 0 -1
1 0 1 1 0 3
haar_x3
3.435640e-003 0 -1
-4.466556e-001 7.296207e-001 
1
2
0 1 5 4 0 -1
0 3 5 2 0 2
haar_y2
-2.396717e-002 0 -1
3.925235e-001 -7.315837e-001 
1
2
1 1 3 4 0 -1
1 3 3 2 0 2
haar_y2
1.640080e-002 0 -1
-4.767906e-001 7.813711e-001 
1
2
2 1 1 4 0 -1
2 3 1 2 0 2
haar_y2
-3.260913e-002 0 -1
4.364370e-001 -8.610167e-001 
1
2
0 0 3 1 0 -1
1 0 1 1 0 3
haar_x3
-1.426831e-002 0 -1
3.790261e-001 -6.285864e-001 
1
2
3 1 1 4 0 -1
3 3 1 2 0 2
haar_y2
-7.162086e-003 0 -1
2.118602e-001 -4.869090e-001 
1
2
0 1 4 4 0 -1
0 3 4 2 0 2
haar_y2
2.592797e-003 0 -1
-2.939112e-001 8.293734e-001 
1
2
1 0 3 4 0 -1
2 0 1 4 0 3
haar_x3
-3.095516e-003 0 -1
7.096517e-001 -3.310581e-001 
1
2
2 1 2 1 0 -1
2 1 1 1 0 2
tilted_haar_x2
-4.107458e-002 0 -1
6.913610e-001 -2.355104e-001 
1
2
2 0 3 5 0 -1
3 0 1 5 0 3
haar_x3
1.453232e-001 0 -1
-3.519246e-002 4.577850e-001 
1
2
0 0 3 5 0 -1
1 0 1 5 0 3
haar_x3
3.974366e-003 0 -1
-4.330491e-001 5.463717e-001 
1
2
3 3 2 1 0 -1
3 3 1 1 0 2
haar_x2
-2.418044e-003 0 -1
2.386923e-001 -3.895470e-001 
1
2
0 1 3 3 0 -1
1 1 1 3 0 3
haar_x3
-1.126693e-001 0 -1
4.251565e-001 -3.728170e-001 
1
3
2 0 2 2 0 -1
3 0 1 1 0 2
2 1 1 1 0 2
haar_x2_y2
-3.030216e-003 0 -1
2.702060e-001 -3.192745e-001 
1
2
2 1 1 4 0 -1
2 3 1 2 0 2
haar_y2
3.929584e-003 0 -1
-1.183752e-001 8.473492e-001 
1
2
2 1 1 4 0 -1
2 3 1 2 0 2
haar_y2
-2.437335e-002 0 -1
1.796822e-001 -7.517171e-001 
1
2
1 4 3 1 0 -1
2 4 1 1 0 3
haar_x3
3.206132e-003 0 -1
-3.809573e-001 3.204204e-001 
1
2
1 0 4 4 0 -1
1 1 4 2 0 2
haar_y4
-2.014296e-003 0 -1
6.056333e-001 -2.350089e-001 
1
3
0 1 2 4 0 -1
0 1 1 2 0 2
1 3 1 2 0 2
haar_x2_y2
-2.814145e-003 0 -1
3.990951e-001 -4.372582e-001 
1
2
4 0 1 4 0 -1
4 1 1 2 0 2
haar_y4
5.654437e-002 0 -1
-3.200563e-001 4.048193e-001 
1
2
0 0 1 4 0 -1
0 1 1 2 0 2
haar_y4
8.030923e-003 0 -1
-5.192415e-001 2.708735e-001 
1
2
1 1 4 3 0 -1
1 2 4 1 0 3
haar_y3
-9.351578e-003 0 -1
5.082123e-001 -4.552679e-001 
1
2
0 0 1 2 0 -1
0 1 1 1 0 2
haar_y2
-3.806152e-003 0 -1
5.625092e-001 -1.979846e-001 
1
2
2 1 1 2 0 -1
2 2 1 1 0 2
haar_y2
3.636619e-002 0 -1
-2.539729e-001 6.638080e-001 
1
2
0 0 5 3 0 -1
0 1 5 1 0 3
haar_y3
4.297588e-003 0 -1
-6.912708e-001 3.286085e-001 
1
2
1 0 4 3 0 -1
1 1 4 1 0 3
haar_y3
-2.004463e-003 0 -1
5.489681e-001 -3.930982e-001 
1
2
1 1 2 2 0 -1
1 2 2 1 0 2
haar_y2
-4.250471e-003 0 -1
3.903661e-001 -5.465086e-001 
1
2
3 1 1 2 0 -1
3 2 1 1 0 2
haar_y2
1.633050e-002 0 -1
-1.255202e-001 4.036115e-001 
1
2
1 1 1 2 0 -1
1 2 1 1 0 2
haar_y2
3.553698e-003 0 -1
-4.054340e-001 6.102172e-001 
1
2
2 0 2 4 0 -1
2 2 2 2 0 2
haar_y2
-8.583513e-002 0 -1
3.072325e-001 -7.013283e-001 
1
2
0 0 3 3 0 -1
0 1 3 1 0 3
haar_y3
3.432615e-003 0 -1
-6.866052e-001 3.001156e-001 
1
2
1 0 4 3 0 -1
1 1 4 1 0 3
haar_y3
4.066250e-003 0 -1
-4.687592e-001 2.122919e-001 
1
2
0 0 4 3 0 -1
0 1 4 1 0 3
haar_y3
-1.751768e-003 0 -1
7.965934e-001 -4.461260e-001 
1
2
0 2 5 2 0 -1
0 3 5 1 0 2
haar_y2
-2.668802e-003 0 -1
2.998566e-001 -6.111689e-001 
1
2
1 1 1 4 0 -1
1 3 1 2 0 2
haar_y2
6.793636e-003 0 -1
-4.931715e-001 6.142114e-001 
1
2
3 1 2 4 0 -1
3 3 2 2 0 2
haar_y2
-2.804067e-003 0 -1
3.169048e-001 -6.688309e-001 
1
3
1 0 2 2 0 -1
1 0 1 1 0 2
2 1 1 1 0 2
haar_x2_y2
-4.958450e-003 0 -1
5.957658e-001 -5.006163e-001 
1
2
1 1 4 2 0 -1
2 1 2 2 0 2
haar_x4
1.190370e-002 0 -1
-5.315655e-001 2.924960e-001 
1
3
0 1 4 4 0 -1
0 1 2 2 0 2
2 3 2 2 0 2
haar_x2_y2
3.966506e-003 0 -1
-6.562007e-001 7.707512e-001 
1
2
2 0 3 4 0 -1
2 2 3 2 0 2
haar_y2
-4.028592e-003 0 -1
3.613080e-001 -8.011039e-001 
1
2
2 0 1 4 0 -1
2 1 1 2 0 2
haar_y4
2.437846e-002 0 -1
-9.376945e-001 4.675443e-001 
1
2
1 1 4 2 0 -1
2 1 2 2 0 2
haar_x4
-2.918144e-003 0 -1
4.234578e-001 -5.724120e-001 
1
2
1 0 2 3 0 -1
2 0 1 3 0 2
haar_x2
5.209208e-002 0 -1
-6.069626e-001 5.026928e-001 
1
2
2 4 2 1 0 -1
2 4 1 1 0 2
haar_x2
4.419928e-003 0 -1
-5.788143e-001 2.393034e-001 
1
2
0 1 3 4 0 -1
0 3 3 2 0 2
haar_y2
-1.061736e-002 0 -1
3.808498e-001 -7.774750e-001 
1
2
1 1 4 4 0 -1
1 2 4 2 0 2
haar_y4
-2.996248e-003 0 -1
3.158216e-001 -7.959856e-001 
1
2
1 1 3 4 0 -1
1 2 3 2 0 2
haar_y4
1.330779e-002 0 -1
-4.833205e-001 7.559758e-001 
1
2
1 1 4 4 0 -1
1 2 4 2 0 2
haar_y4
-2.996248e-003 0 -1
4.421303e-001 -7.737319e-001 
1
2
0 2 1 3 0 -1
0 3 1 1 0 3
haar_y3
1.424876e-002 0 -1
-5.237652e-001 6.702673e-001 
1
2
1 1 3 2 0 -1
1 2 3 1 0 2
haar_y2
4.841494e-003 0 -1
-4.485570e-001 7.179691e-001 
1
2
1 4 2 1 0 -1
2 4 1 1 0 2
haar_x2
-8.327876e-003 0 -1
6.224273e-001 -6.963561e-001 
1
2
1 3 4 2 0 -1
1 3 2 2 0 2
haar_x2
-2.016435e-002 0 -1
5.265486e-001 -4.683760e-001 
1
2
0 1 4 3 0 -1
0 2 4 1 0 3
haar_y3
-7.814196e-003 0 -1
6.727446e-001 -3.197925e-001 
1
2
1 3 3 1 0 -1
2 3 1 1 0 3
haar_x3
3.655086e-003 0 -1
-3.516618e-001 7.033609e-001 
1
2
0 0 3 5 0 -1
1 0 1 5 0 3
haar_x3
9.681948e-003 0 -1
-5.284244e-001 7.071134e-001 
1
2
2 2 3 3 0 -1
3 2 1 3 0 3
haar_x3
9.291533e-003 0 -1
-4.289588e-001 5.693254e-001 
1
2
0 2 2 3 0 -1
1 2 1 3 0 2
haar_x2
-9.471061e-003 0 -1
5.599427e-001 -7.062241e-001 
1
2
1 0 4 4 0 -1
2 0 2 4 0 2
haar_x4
2.244064e-002 0 -1
-6.024892e-001 4.178825e-001 
1
2
0 0 4 4 0 -1
1 0 2 4 0 2
haar_x4
7.746720e-002 0 -1
-7.419410e-001 6.071709e-001 
1
2
4 1 1 2 0 -1
4 1 1 1 0 2
tilted_haar_x2
3.615106e-002 0 -1
-5.377168e-001 3.493738e-001 
1
2
0 1 2 1 0 -1
1 1 1 1 0 2
haar_x2
-1.158140e-002 0 -1
6.730317e-001 -7.211103e-001 
1
2
1 1 4 1 0 -1
2 1 2 1 0 2
haar_x4
-3.534883e-003 0 -1
5.065591e-001 -6.423503e-001 
1
2
1 0 2 1 0 -1
2 0 1 1 0 2
haar_x2
6.171608e-003 0 -1
-7.456994e-001 5.867279e-001 
1
2
2 0 1 4 0 -1
2 1 1 2 0 2
haar_y4
3.442305e-003 0 -1
-8.733464e-001 3.314551e-001 
1
3
0 1 4 2 0 -1
0 1 2 1 0 2
2 2 2 1 0 2
haar_x2_y2
-4.833791e-003 0 -1
5.140933e-001 -6.786394e-001 
1
3
2 0 2 2 0 -1
3 0 1 1 0 2
2 1 1 1 0 2
haar_x2_y2
5.179518e-003 0 -1
-6.025076e-001 3.948617e-001 
1
2
0 0 4 1 0 -1
2 0 2 1 0 2
haar_x2
-1.237132e-002 0 -1
7.077005e-001 -4.964854e-001 
1
2
3 2 2 3 0 -1
3 2 1 3 0 2
haar_x2
-1.446925e-003 0 -1
3.397337e-001 -5.229019e-001 
1
2
0 2 2 3 0 -1
1 2 1 3 0 2
haar_x2
2.086923e-003 0 -1
-4.963251e-001 8.794327e-001 
1
2
2 2 3 2 0 -1
3 2 1 2 0 3
haar_x3
1.434370e-002 0 -1
-2.950397e-001 5.920286e-001 
1
2
0 2 3 2 0 -1
1 2 1 2 0 3
haar_x3
-1.760510e-002 0 -1
5.859683e-001 -6.958447e-001 
1
2
1 1 4 1 0 -1
2 1 2 1 0 2
haar_x4
2.638532e-003 0 -1
-6.923479e-001 4.712647e-001 
1
2
2 0 2 1 0 -1
2 0 1 1 0 2
tilted_haar_x2
2.142354e-003 0 -1
-7.315751e-001 8.053985e-001 
1
2
3 0 1 3 0 -1
2 1 1 1 0 3
tilted_haar_x3
9.490299e-003 0 -1
-8.382033e-001 7.403717e-001 
1
2
0 1 3 2 0 -1
1 1 1 2 0 3
haar_x3
-2.059026e-003 0 -1
7.857428e-001 -8.138005e-001 
1
2
1 1 4 1 0 -1
2 1 2 1 0 2
haar_x4
-3.643130e-003 0 -1
6.042231e-001 -7.848070e-001 
1
2
2 0 2 1 0 -1
2 0 1 1 0 2
tilted_haar_x2
-4.966343e-003 0 -1
8.308807e-001 -8.083052e-001 
1
2
1 1 4 1 0 -1
2 1 2 1 0 2
haar_x4
2.638532e-003 0 -1
-5.069559e-001 6.194715e-001 
1
2
2 0 2 1 0 -1
2 0 1 1 0 2
tilted_haar_x2
1.061344e-003 0 -1
-6.866325e-001 8.404614e-001 
1
2
1 1 4 1 0 -1
2 1 2 1 0 2
haar_x4
2.955426e-003 0 -1
-7.932689e-001 5.250554e-001 
1
2
0 1 4 1 0 -1
1 1 2 1 0 2
haar_x4
2.039202e-002 0 -1
-9.192882e-001 7.175100e-001 
1
2
2 0 3 4 0 -1
2 2 3 2 0 2
haar_y2
-7.398136e-003 0 -1
2.466223e-001 -7.683454e-001 
1
2
0 1 4 1 0 -1
2 1 2 1 0 2
haar_x2
-8.463467e-003 0 -1
8.121689e-001 -7.273897e-001 
1
2
1 0 4 3 0 -1
1 0 2 3 0 2
haar_x2
-1.411663e-002 0 -1
7.873149e-001 -8.677971e-001 
1
2
1 2 2 3 0 -1
1 3 2 1 0 3
haar_y3
-1.215295e-001 0 -1
6.561072e-001 -8.182853e-001 
1
2
2 3 2 2 0 -1
2 4 2 1 0 2
haar_y2
-1.900769e-002 0 -1
5.807787e-001 -4.559205e-001 
1
2
0 2 4 1 0 -1
2 2 2 1 0 2
haar_x2
-3.784405e-003 0 -1
5.979325e-001 -3.879977e-001 
1
2
2 1 1 2 0 -1
2 2 1 1 0 2
haar_y2
3.281612e-003 0 -1
-5.169627e-001 7.430753e-001 
1
2
0 0 3 3 0 -1
0 1 3 1 0 3
haar_y3
1.750621e-002 0 -1
-8.448701e-001 4.828204e-001 
1
2
3 0 2 2 0 -1
3 1 2 1 0 2
haar_y2
-3.616542e-002 0 -1
4.411596e-001 -4.286300e-001 
1
2
0 0 2 2 0 -1
0 1 2 1 0 2
haar_y2
-4.177617e-003 0 -1
8.273107e-001 -4.111049e-001 
1
2
2 0 2 2 0 -1
2 0 1 2 0 2
haar_x2
1.403275e-002 0 -1
-6.069027e-001 3.401117e-001 
1
2
0 0 4 3 0 -1
2 0 2 3 0 2
haar_x2
2.006719e-002 0 -1
-8.040066e-001 5.898231e-001 
1
2
3 0 2 3 0 -1
3 0 1 3 0 2
tilted_haar_y2
2.970408e-003 0 -1
-5.811631e-001 2.414245e-001 
1
2
1 3 3 2 0 -1
1 4 3 1 0 2
haar_y2
6.812134e-002 0 -1
-5.970217e-001 5.985861e-001 
1
2
2 3 3 2 0 -1
2 4 3 1 0 2
haar_y2
-3.100272e-003 0 -1
4.159181e-001 -6.622513e-001 
1
2
0 1 4 1 0 -1
1 1 2 1 0 2
haar_x4
-8.481475e-003 0 -1
8.190463e-001 -4.673072e-001 
1
2
3 0 2 3 0 -1
3 0 1 3 0 2
haar_x2
4.467849e-003 0 -1
-6.514223e-001 6.056105e-001 
1
2
0 0 1 2 0 -1
0 1 1 1 0 2
haar_y2
5.810027e-003 0 -1
-8.593603e-001 5.836740e-001 
1
2
4 0 1 2 0 -1
4 1 1 1 0 2
haar_y2
2.438879e-003 0 -1
-6.722500e-001 4.589441e-001 
1
2
0 0 5 2 0 -1
0 1 5 1 0 2
haar_y2
-3.601506e-003 0 -1
7.347974e-001 -7.503172e-001 
1
2
1 0 3 2 0 -1
1 1 3 1 0 2
haar_y2
1.467748e-002 0 -1
-8.480317e-001 8.173558e-001 
1
2
2 0 1 4 0 -1
2 2 1 2 0 2
haar_y2
-2.553033e-002 0 -1
5.239587e-001 -8.153614e-001 
1
2
1 3 3 2 0 -1
2 3 1 2 0 3
haar_x3
3.066691e-003 0 -1
-8.354759e-001 4.242468e-001 
1
2
2 1 1 3 0 -1
2 2 1 1 0 3
haar_y3
5.794533e-002 0 -1
-8.601377e-001 5.539569e-001 
1
2
1 1 3 3 0 -1
2 2 1 1 0 9
haar_point
-1.750887e-002 0 -1
9.661750e-001 -8.925555e-001 
1
2
1 1 3 3 0 -1
2 2 1 1 0 9
haar_point
8.052479e-003 0 -1
-8.099525e-001 7.378100e-001 
1
2
0 1 5 4 0 -1
0 2 5 2 0 2
haar_y4
-1.687899e-002 0 -1
6.155998e-001 -9.116604e-001 
1
2
0 1 2 4 0 -1
0 2 2 2 0 2
haar_y4
2.923127e-003 0 -1
-7.689922e-001 8.185140e-001 
1
2
2 1 3 4 0 -1
2 2 3 2 0 2
haar_y4
-8.035305e-003 0 -1
5.327113e-001 -8.415645e-001 
1
2
1 1 3 4 0 -1
1 2 3 2 0 2
haar_y4
6.970037e-003 0 -1
-6.900665e-001 8.997374e-001 
1
2
2 1 3 4 0 -1
2 2 3 2 0 2
haar_y4
9.402217e-003 0 -1
-7.928389e-001 7.749213e-001 
1
2
1 1 3 4 0 -1
1 2 3 2 0 2
haar_y4
-5.056512e-002 0 -1
9.894135e-001 -9.822415e-001 
1
2
3 0 2 4 0 -1
3 2 2 2 0 2
haar_y2
-2.165749e-002 0 -1
5.367417e-001 -8.374619e-001 
1
2
1 0 3 4 0 -1
1 2 3 2 0 2
haar_y2
4.448004e-003 0 -1
-6.433040e-001 9.464758e-001 
1
2
2 0 2 4 0 -1
2 2 2 2 0 2
haar_y2
-5.900347e-003 0 -1
6.194846e-001 -7.167886e-001 
1
3
0 1 4 2 0 -1
0 1 2 1 0 2
2 2 2 1 0 2
haar_x2_y2
4.061418e-003 0 -1
-7.419096e-001 7.216719e-001 
1
3
1 1 4 2 0 -1
3 1 2 1 0 2
1 2 2 1 0 2
haar_x2_y2
-1.422985e-002 0 -1
5.243977e-001 -6.990295e-001 
1
3
0 1 4 2 0 -1
0 1 2 1 0 2
2 2 2 1 0 2
haar_x2_y2
-2.053704e-003 0 -1
8.193427e-001 -5.575375e-001 
1
2
2 0 2 2 0 -1
2 1 2 1 0 2
haar_y2
-2.053704e-003 0 -1
5.886078e-001 -4.211107e-001 
1
2
0 1 4 2 0 -1
0 2 4 1 0 2
haar_y2
4.796177e-003 0 -1
-6.778217e-001 7.524831e-001 
1
2
3 0 2 4 0 -1
3 2 2 2 0 2
haar_y2
2.573289e-003 0 -1
-6.991255e-001 7.057698e-001 
1
2
0 0 2 4 0 -1
0 2 2 2 0 2
haar_y2
-4.448004e-003 0 -1
9.014372e-001 -9.653508e-001 
1
2
3 0 2 3 0 -1
3 0 1 3 0 2
haar_x2
-5.016863e-003 0 -1
8.206217e-001 -7.644197e-001 
1
3
0 1 4 4 0 -1
0 1 2 2 0 2
2 3 2 2 0 2
haar_x2_y2
-8.758838e-003 0 -1
7.068591e-001 -7.208148e-001 
1
2
3 0 2 3 0 -1
3 0 1 3 0 2
haar_x2
-3.882730e-001 0 -1
8.006550e-001 -2.345035e-001 
1
2
0 0 5 2 0 -1
0 1 5 1 0 2
haar_y2
6.608146e-003 0 -1
-5.871019e-001 6.104701e-001 
1
2
2 0 2 2 0 -1
2 1 2 1 0 2
haar_y2
1.969267e-003 0 -1
-4.153481e-001 3.561601e-001 
1
2
1 0 2 2 0 -1
1 1 2 1 0 2
haar_y2
-2.835787e-003 0 -1
7.739048e-001 -6.165195e-001 
1
2
3 0 2 2 0 -1
3 0 1 2 0 2
haar_x2
1.276706e-002 0 -1
-3.971187e-001 4.741205e-001 
1
2
2 2 1 2 0 -1
2 3 1 1 0 2
haar_y2
5.890716e-003 0 -1
-4.723250e-001 9.770942e-001 
1
2
3 1 2 1 0 -1
3 1 1 1 0 2
tilted_haar_y2
4.503260e-002 0 -1
-9.074614e-001 5.674000e-001 
1
2
0 0 2 2 0 -1
1 0 1 2 0 2
haar_x2
4.723713e-003 0 -1
-9.285396e-001 5.997128e-001 
1
2
2 0 3 2 0 -1
3 0 1 2 0 3
haar_x3
-7.790894e-003 0 -1
2.425293e-001 -8.272123e-001 
1
2
0 0 3 2 0 -1
1 0 1 2 0 3
haar_x3
-4.726350e-003 0 -1
7.269158e-001 -8.944140e-001 
1
2
2 1 3 4 0 -1
2 3 3 2 0 2
haar_y2
-4.635794e-003 0 -1
3.387878e-001 -8.794459e-001 
1
2
1 0 3 4 0 -1
2 0 1 4 0 3
haar_x3
-3.797481e-003 0 -1
9.594925e-001 -7.692052e-001 
1
2
1 0 3 5 0 -1
2 0 1 5 0 3
haar_x3
5.343393e-003 0 -1
-7.400703e-001 6.371115e-001 
1
2
1 1 3 1 0 -1
2 2 1 1 0 3
tilted_haar_x3
1.751768e-003 0 -1
-7.471232e-001 7.666061e-001 
1
2
4 1 1 3 0 -1
3 2 1 1 0 3
tilted_haar_x3
-2.430144e-003 0 -1
5.650401e-001 -7.542149e-001 
1
2
1 2 2 2 0 -1
2 2 1 2 0 2
haar_x2
5.716620e-003 0 -1
-6.668435e-001 8.335504e-001 
1
3
1 1 4 4 0 -1
3 1 2 2 0 2
1 3 2 2 0 2
haar_x2_y2
-9.755517e-003 0 -1
7.149008e-001 -8.224817e-001 
1
2
0 1 4 3 0 -1
2 1 2 3 0 2
haar_x2
-2.816287e-003 0 -1
8.065358e-001 -7.140837e-001 
1
2
1 4 4 1 0 -1
1 4 2 1 0 2
haar_x2
-3.182841e-003 0 -1
5.310385e-001 -5.967503e-001 
1
3
0 1 2 4 0 -1
0 1 1 2 0 2
1 3 1 2 0 2
haar_x2_y2
3.537917e-002 0 -1
-5.508924e-001 6.847066e-001 
1
2
2 1 1 3 0 -1
2 2 1 1 0 3
haar_y3
4.554875e-003 0 -1
-7.343609e-001 4.880644e-001 
1
2
2 1 1 3 0 -1
2 2 1 1 0 3
haar_y3
-7.591021e-003 0 -1
7.350057e-001 -7.569385e-001 
1
2
2 1 1 3 0 -1
2 2 1 1 0 3
haar_y3
4.554875e-003 0 -1
-6.423513e-001 6.809717e-001 
1
2
0 2 4 3 0 -1
0 3 4 1 0 3
haar_y3
1.265924e-002 0 -1
-6.958414e-001 9.171305e-001 
1
2
1 2 3 3 0 -1
1 3 3 1 0 3
haar_y3
-2.208106e-002 0 -1
7.033843e-001 -9.007293e-001 
1
2
1 2 3 3 0 -1
1 3 3 1 0 3
haar_y3
4.448004e-003 0 -1
-6.378276e-001 9.137813e-001 
1
2
1 2 3 3 0 -1
1 3 3 1 0 3
haar_y3
-4.239420e-003 0 -1
6.685786e-001 -9.033932e-001 
1
2
1 2 3 3 0 -1
1 3 3 1 0 3
haar_y3
4.448004e-003 0 -1
-6.526498e-001 9.120474e-001 
1
2
1 2 3 3 0 -1
1 3 3 1 0 3
haar_y3
-4.239420e-003 0 -1
6.557724e-001 -9.050347e-001 
1
2
1 2 3 3 0 -1
1 3 3 1 0 3
haar_y3
4.448004e-003 0 -1
-6.539242e-001 9.108626e-001 
1
2
0 2 5 3 0 -1
0 3 5 1 0 3
haar_y3
-2.646503e-003 0 -1
6.655216e-001 -9.002523e-001 
1
2
0 2 5 3 0 -1
0 3 5 1 0 3
haar_y3
1.326395e-002 0 -1
-7.679164e-001 9.210919e-001 
1
2
0 2 5 3 0 -1
0 3 5 1 0 3
haar_y3
-2.646503e-003 0 -1
7.229373e-001 -9.016679e-001 
1
2
1 0 3 1 0 -1
2 0 1 1 0 3
haar_x3
1.655680e-002 0 -1
-8.911928e-001 3.200192e-001 
1
2
1 0 3 1 0 -1
2 0 1 1 0 3
haar_x3
-3.074465e-003 0 -1
9.865187e-001 -7.935766e-001 
1
2
1 0 3 1 0 -1
2 0 1 1 0 3
haar_x3
4.066788e-003 0 -1
-8.475052e-001 6.764403e-001 
1
2
1 4 4 1 0 -1
1 4 2 1 0 2
haar_x2
1.562889e-002 0 -1
-7.699002e-001 6.016274e-001 
1
2
0 0 4 5 0 -1
2 0 2 5 0 2
haar_x2
2.570474e-002 0 -1
-9.289541e-001 8.504478e-001 
1
2
3 0 2 2 0 -1
3 0 2 1 0 2
tilted_haar_x2
7.996675e-003 0 -1
-9.343036e-001 3.596082e-001 
1
2
0 0 4 3 0 -1
2 0 2 3 0 2
haar_x2
-2.639974e-001 0 -1
1.000000e+000 -9.539523e-001 
1
2
2 0 3 4 0 -1
2 1 3 2 0 2
haar_y4
3.014337e-002 0 -1
-9.001510e-001 7.878509e-001 
1
2
0 0 1 3 0 -1
0 1 1 1 0 3
haar_y3
7.090307e-003 0 -1
-9.570829e-001 6.736596e-001 
1
2
1 3 3 2 0 -1
2 3 1 2 0 3
haar_x3
3.191793e-003 0 -1
-9.677802e-001 6.362745e-001 
1
2
1 3 3 2 0 -1
2 3 1 2 0 3
haar_x3
-1.437593e-002 0 -1
9.032022e-001 -9.819368e-001 
1
2
1 1 3 3 0 -1
2 1 1 3 0 3
haar_x3
1.059126e-001 0 -1
-9.186566e-001 7.957065e-001 
1
2
1 1 1 4 0 -1
1 3 1 2 0 2
haar_y2
-2.945358e-003 0 -1
8.125776e-001 -9.824576e-001 
1
2
4 0 1 4 0 -1
3 1 1 2 0 2
tilted_haar_x4
-9.062669e-002 0 -1
8.445402e-001 -8.734438e-001 
1
2
0 1 3 4 0 -1
1 1 1 4 0 3
haar_x3
3.073332e-003 0 -1
-8.199162e-001 9.293616e-001 
1
2
2 0 2 4 0 -1
2 2 2 2 0 2
haar_y2
-5.900347e-003 0 -1
6.346495e-001 -8.751315e-001 
1
2
0 0 3 5 0 -1
1 0 1 5 0 3
haar_x3
-3.797481e-003 0 -1
7.039782e-001 -9.336296e-001 
1
2
1 1 4 2 0 -1
2 1 2 2 0 2
haar_x4
1.240083e-001 0 -1
-6.568541e-001 5.274494e-001 
1
2
0 2 4 1 0 -1
2 2 2 1 0 2
haar_x2
-3.784405e-003 0 -1
7.888955e-001 -7.635204e-001 
1
2
1 1 4 1 0 -1
2 1 2 1 0 2
haar_x4
-5.730045e-003 0 -1
6.513027e-001 -5.795996e-001 
1
2
0 2 4 1 0 -1
2 2 2 1 0 2
haar_x2
2.120091e-003 0 -1
-6.600327e-001 7.863194e-001 
1
2
1 1 4 2 0 -1
2 1 2 2 0 2
haar_x4
-1.539694e-002 0 -1
4.596957e-001 -6.491638e-001 
1
2
0 0 4 2 0 -1
1 0 2 2 0 2
haar_x4
3.073332e-003 0 -1
-8.405495e-001 8.023008e-001 
1
3
1 0 4 2 0 -1
3 0 2 1 0 2
1 1 2 1 0 2
haar_x2_y2
-8.254040e-003 0 -1
4.966031e-001 -8.927680e-001 
1
2
1 0 4 1 0 -1
2 1 2 1 0 2
tilted_haar_x4
-2.718134e-002 0 -1
8.748218e-001 -9.156021e-001 
1
2
3 0 2 3 0 -1
2 1 2 1 0 3
tilted_haar_x3
1.029315e-002 0 -1
-7.565663e-001 8.553792e-001 
1
3
0 1 4 4 0 -1
0 1 2 2 0 2
2 3 2 2 0 2
haar_x2_y2
-5.665664e-003 0 -1
7.446725e-001 -8.406101e-001 
1
2
4 1 1 3 0 -1
4 2 1 1 0 3
haar_y3
3.354874e-003 0 -1
-7.106115e-001 5.956066e-001 
1
2
0 1 1 4 0 -1
0 3 1 2 0 2
haar_y2
-2.816287e-003 0 -1
7.145125e-001 -6.748295e-001 
1
2
0 1 5 4 0 -1
0 3 5 2 0 2
haar_y2
3.971333e-002 0 -1
-5.874682e-001 9.073889e-001 
1
3
0 0 2 4 0 -1
0 0 1 2 0 2
1 2 1 2 0 2
haar_x2_y2
-2.417349e-003 0 -1
7.175247e-001 -6.955745e-001 
1
2
3 4 2 1 0 -1
3 4 1 1 0 2
haar_x2
3.777110e-003 0 -1
-7.650357e-001 7.037054e-001 
1
2
0 1 5 4 0 -1
0 3 5 2 0 2
haar_y2
-3.126010e-002 0 -1
6.822274e-001 -8.127699e-001 
1
2
3 1 2 2 0 -1
3 1 1 2 0 2
tilted_haar_y2
-1.357820e-002 0 -1
6.689719e-001 -5.626647e-001 
1
2
1 2 2 2 0 -1
2 2 1 2 0 2
haar_x2
-4.770141e-003 0 -1
8.658302e-001 -5.513724e-001 
1
2
3 4 2 1 0 -1
3 4 1 1 0 2
haar_x2
-2.199295e-003 0 -1
6.496013e-001 -4.175270e-001 
1
2
2 0 3 1 0 -1
3 1 1 1 0 3
tilted_haar_x3
2.970408e-003 0 -1
-6.879234e-001 4.503176e-001 
1
2
0 0 5 4 0 -1
0 1 5 2 0 2
haar_y4
-3.019729e-002 0 -1
8.195748e-001 -5.747973e-001 
1
2
0 0 3 4 0 -1
0 1 3 2 0 2
haar_y4
6.448527e-003 0 -1
-8.373003e-001 5.093126e-001 
1
2
1 2 3 3 0 -1
2 3 1 1 0 9
haar_point
2.653220e-002 0 -1
-6.030074e-001 7.352020e-001 
1
2
1 2 3 3 0 -1
2 3 1 1 0 9
haar_point
-3.758090e-002 0 -1
5.804954e-001 -6.763178e-001 
1
2
3 1 1 4 0 -1
3 3 1 2 0 2
haar_y2
9.588174e-003 0 -1
-5.259956e-001 8.038464e-001 
1
2
0 0 3 4 0 -1
1 0 1 4 0 3
haar_x3
-1.441318e-002 0 -1
5.225227e-001 -8.279229e-001 
1
2
4 0 1 4 0 -1
3 1 1 2 0 2
tilted_haar_x4
4.197977e-003 0 -1
-8.616117e-001 4.469141e-001 
1
2
0 4 2 1 0 -1
1 4 1 1 0 2
haar_x2
-6.948873e-003 0 -1
6.649729e-001 -6.921909e-001 
1
2
3 3 2 2 0 -1
3 4 2 1 0 2
haar_y2
1.900797e-002 0 -1
-5.990009e-001 5.135223e-001 
1
2
0 0 2 2 0 -1
0 1 2 1 0 2
haar_y2
-4.177617e-003 0 -1
7.086225e-001 -7.098276e-001 
1
2
3 0 2 2 0 -1
3 1 2 1 0 2
haar_y2
6.635895e-003 0 -1
-6.700364e-001 4.396431e-001 
1
2
0 0 2 2 0 -1
0 1 2 1 0 2
haar_y2
2.199295e-003 0 -1
-8.136294e-001 7.156201e-001 
1
2
0 0 5 2 0 -1
0 1 5 1 0 2
haar_y2
-1.888312e-003 0 -1
8.982921e-001 -7.204547e-001 
1
2
1 3 3 2 0 -1
2 3 1 2 0 3
haar_x3
2.146298e-003 0 -1
-9.176880e-001 8.327399e-001 
1
2
2 4 2 1 0 -1
2 4 1 1 0 2
haar_x2
-5.758932e-003 0 -1
7.664111e-001 -8.730702e-001 
1
3
0 1 4 4 0 -1
0 1 2 2 0 2
2 3 2 2 0 2
haar_x2_y2
-2.258090e-002 0 -1
8.519999e-001 -7.726361e-001 
1
2
1 1 4 2 0 -1
1 1 2 2 0 2
haar_x2
1.521892e-002 0 -1
-6.496942e-001 7.240526e-001 
1
2
1 0 2 4 0 -1
1 2 2 2 0 2
haar_y2
-5.472904e-003 0 -1
4.996116e-001 -9.133679e-001 
1
3
2 3 2 2 0 -1
3 3 1 1 0 2
2 4 1 1 0 2
haar_x2_y2
2.317897e-003 0 -1
-8.883868e-001 6.291332e-001 
1
2
0 3 4 2 0 -1
1 3 2 2 0 2
haar_x4
2.030392e-002 0 -1
-9.604232e-001 7.222682e-001 
1
2
1 0 4 1 0 -1
1 0 2 1 0 2
haar_x2
-8.395953e-003 0 -1
8.869210e-001 -8.496724e-001 
1
2
0 0 5 2 0 -1
0 1 5 1 0 2
haar_y2
5.900347e-003 0 -1
-7.195736e-001 8.033395e-001 
1
2
1 0 3 2 0 -1
1 1 3 1 0 2
haar_y2
-2.573289e-003 0 -1
8.059602e-001 -6.135582e-001 
1
2
0 3 4 2 0 -1
2 3 2 2 0 2
haar_x2
-9.304238e-003 0 -1
5.579967e-001 -8.048774e-001 
1
2
1 0 3 2 0 -1
1 1 3 1 0 2
haar_y2
8.866277e-003 0 -1
-8.630029e-001 7.257347e-001 
1
2
1 0 3 2 0 -1
1 1 3 1 0 2
haar_y2
-2.573289e-003 0 -1
7.394678e-001 -6.944017e-001 
1
2
1 1 4 1 0 -1
2 1 2 1 0 2
haar_x4
2.955426e-003 0 -1
-7.788025e-001 3.733722e-001 
1
3
0 1 4 4 0 -1
0 1 2 2 0 2
2 3 2 2 0 2
haar_x2_y2
7.568811e-003 0 -1
-7.759423e-001 9.700947e-001 
1
2
2 1 1 4 0 -1
2 3 1 2 0 2
haar_y2
-2.268872e-002 0 -1
7.299213e-001 -9.304473e-001 
1
2
2 2 1 2 0 -1
2 2 1 1 0 2
tilted_haar_y2
-2.999574e-002 0 -1
7.655067e-001 -8.102451e-001 
1
2
3 1 1 4 0 -1
3 2 1 2 0 2
haar_y4
2.801632e-002 0 -1
-8.380831e-001 7.179226e-001 
1
2
0 0 3 1 0 -1
1 0 1 1 0 3
haar_x3
-1.061344e-003 0 -1
8.403499e-001 -9.485498e-001 
1
2
1 0 3 3 0 -1
1 1 3 1 0 3
haar_y3
-2.134070e-002 0 -1
7.842913e-001 -9.896316e-001 
1
2
0 0 2 3 0 -1
0 1 2 1 0 3
haar_y3
2.146298e-003 0 -1
-1.000000e+000 1.000004e+000 
1
3
2 0 2 2 0 -1
3 0 1 1 0 2
2 1 1 1 0 2
haar_x2_y2
-1.167258e-002 0 -1
8.040257e-001 -9.426168e-001 
1
3
1 0 2 2 0 -1
1 0 1 1 0 2
2 1 1 1 0 2
haar_x2_y2
4.398590e-003 0 -1
-1.000000e+000 1.000005e+000 
1
2
2 1 3 2 0 -1
3 1 1 2 0 3
haar_x3
-2.815248e-002 0 -1
7.010621e-001 -9.623954e-001 
1
2
1 0 1 4 0 -1
1 1 1 2 0 2
haar_y4
9.959251e-003 0 -1
-9.528192e-001 8.222132e-001 
1
2
4 0 1 4 0 -1
4 2 1 2 0 2
haar_y2
2.918144e-003 0 -1
-9.576041e-001 4.355633e-001 
1
2
1 0 4 1 0 -1
1 0 2 1 0 2
tilted_haar_x2
1.120416e-001 0 -1
-9.445562e-001 8.445145e-001 
1
2
4 0 1 4 0 -1
4 2 1 2 0 2
haar_y2
-1.438853e-002 0 -1
1.000000e+000 -9.533127e-001 
1
2
1 0 4 1 0 -1
1 0 2 1 0 2
tilted_haar_x2
-1.967985e-002 0 -1
1.000000e+000 -1.000000e+000 
1
3
1 0 4 4 0 -1
3 0 2 2 0 2
1 2 2 2 0 2
haar_x2_y2
8.943068e-002 0 -1
-8.788795e-001 9.276983e-001 
1
2
2 1 2 2 0 -1
2 1 1 2 0 2
tilted_haar_x2
2.074238e-002 0 -1
-8.177500e-001 8.901975e-001 
1
2
2 2 2 3 0 -1
2 2 1 3 0 2
haar_x2
3.124889e-002 0 -1
-7.426582e-001 7.426847e-001 
1
2
0 3 4 2 0 -1
2 3 2 2 0 2
haar_x2
4.006694e-002 0 -1
-9.060462e-001 9.344711e-001 
1
2
2 0 1 4 0 -1
2 2 1 2 0 2
haar_y2
-4.049727e-002 0 -1
7.431616e-001 -8.366269e-001 
1
3
1 1 2 2 0 -1
1 1 1 1 0 2
2 2 1 1 0 2
haar_x2_y2
7.404129e-003 0 -1
-9.126425e-001 7.912465e-001 
1
3
3 2 2 2 0 -1
4 2 1 1 0 2
3 3 1 1 0 2
haar_x2_y2
-2.792612e-002 0 -1
8.428064e-001 -9.468325e-001 
1
3
0 1 4 2 0 -1
0 1 2 1 0 2
2 2 2 1 0 2
haar_x2_y2
-1.969267e-003 0 -1
9.146115e-001 -9.668579e-001 
1
2
1 1 3 1 0 -1
2 1 1 1 0 3
haar_x3
1.751768e-003 0 -1
-9.744200e-001 7.936555e-001 
1
3
0 1 2 4 0 -1
0 1 1 2 0 2
1 3 1 2 0 2
haar_x2_y2
-4.552609e-003 0 -1
8.653765e-001 -9.914548e-001 
1
2
4 0 1 3 0 -1
3 1 1 1 0 3
tilted_haar_x3
-5.834500e-003 0 -1
8.416154e-001 -8.637322e-001 
1
2
1 0 3 1 0 -1
2 1 1 1 0 3
tilted_haar_x3
-4.796177e-003 0 -1
9.229677e-001 -9.496984e-001 
1
2
2 0 1 2 0 -1
2 1 1 1 0 2
haar_y2
1.969267e-003 0 -1
-9.111521e-001 8.953648e-001 
1
2
0 1 5 4 0 -1
0 3 5 2 0 2
haar_y2
-1.967985e-002 0 -1
6.202797e-001 -8.392277e-001 
1
2
2 0 1 2 0 -1
2 1 1 1 0 2
haar_y2
-2.053704e-003 0 -1
7.381532e-001 -8.643895e-001 
1
3
0 3 2 2 0 -1
0 3 1 1 0 2
1 4 1 1 0 2
haar_x2_y2
3.396257e-003 0 -1
-9.250419e-001 7.475755e-001 
1
2
3 3 1 2 0 -1
3 4 1 1 0 2
haar_y2
-3.818296e-002 0 -1
1.000000e+000 -9.651129e-001 
1
3
0 3 4 2 0 -1
0 3 2 1 0 2
2 4 2 1 0 2
haar_x2_y2
1.327043e-002 0 -1
-8.173786e-001 9.186463e-001 
1
2
1 4 4 1 0 -1
1 4 2 1 0 2
haar_x2
1.204596e-002 0 -1
-9.041588e-001 8.199072e-001 
1
2
0 4 2 1 0 -1
1 4 1 1 0 2
haar_x2
-3.797481e-003 0 -1
1.000000e+000 -9.954035e-001 
1
2
3 0 2 1 0 -1
3 0 1 1 0 2
haar_x2
0.000000e+000 0 -1
0.000000e+000 -1.000000e+000 
1
2
1 2 3 3 0 -1
1 3 3 1 0 3
haar_y3
-5.293006e-003 0 -1
8.708247e-001 -9.809009e-001 
1
2
0 0 5 2 0 -1
0 1 5 1 0 2
haar_y2
2.510914e-002 0 -1
-8.794295e-001 8.755358e-001 
1
2
0 0 5 4 0 -1
0 2 5 2 0 2
haar_y2
-2.177726e-001 0 -1
6.929891e-001 -8.063989e-001 
1
2
4 0 1 4 0 -1
3 1 1 2 0 2
tilted_haar_x4
-3.354874e-003 0 -1
3.629071e-001 -4.396294e-001 
1
2
0 0 2 2 0 -1
1 0 1 2 0 2
haar_x2
6.903485e-003 0 -1
-6.629086e-001 7.612936e-001 
1
2
4 0 1 4 0 -1
3 1 1 2 0 2
tilted_haar_x4
4.197977e-003 0 -1
-3.370639e-001 4.299107e-001 
1
2
1 0 4 1 0 -1
2 1 2 1 0 2
tilted_haar_x4
-5.327605e-002 0 -1
9.441077e-001 -5.529838e-001 
1
2
3 1 1 2 0 -1
3 2 1 1 0 2
haar_y2
3.099198e-003 0 -1
-5.563987e-001 6.212702e-001 
1
3
0 0 4 4 0 -1
0 0 2 2 0 2
2 2 2 2 0 2
haar_x2_y2
-7.778393e-003 0 -1
5.563997e-001 -8.114370e-001 
1
3
1 0 4 4 0 -1
3 0 2 2 0 2
1 2 2 2 0 2
haar_x2_y2
-5.453500e-003 0 -1
5.609033e-001 -8.483940e-001 
1
2
0 3 4 2 0 -1
2 3 2 2 0 2
haar_x2
-1.135322e-002 0 -1
5.747089e-001 -9.636168e-001 
-1.179001e+001

0
-1
