25
1
2
2 3 9 3 0 -1
5 4 3 1 0 9
haar_point
2.648282e-001 0 -1
-1.934061e-001 4.797937e-001 
1
2
2 5 12 2 0 -1
5 5 6 2 0 2
haar_x4
-3.882613e-002 0 -1
2.826002e-001 -2.002797e-001 
1
2
0 1 3 2 0 -1
0 2 3 1 0 2
haar_y2
-1.838582e-003 0 -1
1.666824e-001 -4.092364e-001 
1
2
14 0 1 3 0 -1
14 1 1 1 0 3
haar_y3
1.659908e-002 0 -1
4.381810e-002 -9.119225e-001 
1
2
0 2 8 3 0 -1
2 2 4 3 0 2
haar_x4
-4.468855e-002 0 -1
2.284113e-001 -2.747170e-001 
1
2
6 4 3 3 0 -1
6 5 3 1 0 3
haar_y3
6.383058e-002 0 -1
-9.392782e-002 6.127372e-001 
1
2
0 7 15 1 0 -1
5 7 5 1 0 3
haar_x3
7.347845e-002 0 -1
-1.262624e-001 5.574659e-001 
1
2
6 4 3 4 0 -1
7 4 1 4 0 3
haar_x3
-5.223792e-004 0 -1
2.473314e-001 -3.259997e-001 
1
2
4 2 5 3 0 -1
4 3 5 1 0 3
haar_y3
1.187049e-001 0 -1
-1.009594e-001 6.771762e-001 
1
2
5 2 8 3 0 -1
5 3 8 1 0 3
haar_y3
-1.149458e-001 0 -1
3.063460e-001 -2.512197e-001 
1
2
5 1 2 2 0 -1
5 1 1 2 0 2
tilted_haar_x2
-3.711263e-002 0 -1
4.579375e-001 -1.273079e-001 
1
2
11 1 3 3 0 -1
11 2 3 1 0 3
haar_y3
8.344636e-003 0 -1
-1.193516e-001 2.114419e-001 
1
2
0 0 1 3 0 -1
0 1 1 1 0 3
haar_y3
1.388612e-002 0 -1
9.136011e-002 -6.824551e-001 
1
2
9 6 3 2 0 -1
10 6 1 2 0 3
haar_x3
-1.036372e-002 0 -1
-8.010229e-001 6.202443e-002 
1
2
6 5 3 1 0 -1
7 5 1 1 0 3
haar_x3
-1.156739e-002 0 -1
-8.979542e-001 3.771663e-002 
1
2
6 0 3 3 0 -1
6 1 3 1 0 3
haar_y3
4.348975e-002 0 -1
-1.811112e-001 3.191479e-001 
1
2
3 2 9 2 0 -1
6 2 3 2 0 3
haar_x3
2.023437e-002 0 -1
-2.823116e-001 2.051378e-001 
1
2
8 1 1 6 0 -1
8 1 1 3 0 2
tilted_haar_x2
9.120828e-002 0 -1
2.025661e-002 -9.101086e-001 
1
2
7 1 6 1 0 -1
7 1 3 1 0 2
tilted_haar_x2
3.299870e-002 0 -1
7.645570e-002 -6.399506e-001 
1
2
14 3 1 2 0 -1
14 4 1 1 0 2
haar_y2
-1.390477e-002 0 -1
-8.876765e-001 1.923589e-002 
1
2
0 3 1 2 0 -1
0 4 1 1 0 2
haar_y2
6.364319e-003 0 -1
1.426423e-001 -3.740401e-001 
1
2
9 6 3 2 0 -1
10 6 1 2 0 3
haar_x3
1.456891e-002 0 -1
8.172756e-002 -6.473899e-001 
1
3
1 2 2 4 0 -1
1 2 1 2 0 2
2 4 1 2 0 2
haar_x2_y2
-6.454885e-003 0 -1
3.423480e-001 -1.374354e-001 
1
2
11 0 2 4 0 -1
11 0 1 4 0 2
tilted_haar_y2
-7.304783e-002 0 -1
-1.000000e+000 2.499188e-002 
1
2
3 5 3 2 0 -1
4 5 1 2 0 3
haar_x3
1.571802e-002 0 -1
5.836745e-002 -6.589015e-001 
-1.048546e+000

8
-1
