5
1
2
4 3 4 1 0 -1
4 3 2 1 0 2
tilted_haar_x2
-8.463585e-002 0 -1
6.332193e-001 -7.594811e-001 
1
2
4 1 4 3 0 -1
4 1 2 3 0 2
tilted_haar_y2
-4.841594e-003 0 -1
1.582286e-001 -3.442594e-001 
1
2
4 1 3 4 0 -1
4 1 3 2 0 2
tilted_haar_y2
-2.387989e-001 0 -1
4.790913e-001 -6.289075e-001 
1
2
4 1 1 2 0 -1
4 1 1 1 0 2
tilted_haar_x2
4.153079e-003 0 -1
-1.890491e-001 2.324246e-001 
1
2
4 1 4 1 0 -1
5 2 2 1 0 2
tilted_haar_x4
-3.496415e-002 0 -1
3.462818e-001 -5.319563e-001 
-1.575415e+000

0
-1
