23
1
3
1 4 8 2 0 -1
1 4 4 1 0 2
5 5 4 1 0 2
haar_x2_y2
-3.189686e-002 0 -1
3.027077e-001 -2.530856e-001 
1
2
14 6 1 2 0 -1
14 7 1 1 0 2
haar_y2
-4.594695e-004 0 -1
2.423606e-001 -3.245755e-001 
1
2
0 0 7 3 0 -1
0 1 7 1 0 3
haar_y3
1.060687e-002 0 -1
-2.944174e-001 2.065573e-001 
1
2
5 1 6 3 0 -1
5 2 6 1 0 3
haar_y3
1.296284e-001 0 -1
-6.362239e-002 5.861122e-001 
1
2
0 2 2 2 0 -1
1 2 1 2 0 2
haar_x2
-5.783892e-003 0 -1
2.054620e-001 -2.529587e-001 
1
2
14 2 1 3 0 -1
14 3 1 1 0 3
haar_y3
-1.645463e-002 0 -1
-4.169935e-001 8.405487e-002 
1
2
0 2 1 3 0 -1
0 3 1 1 0 3
haar_y3
1.226399e-002 0 -1
6.473613e-002 -8.005190e-001 
1
2
5 2 6 5 0 -1
7 2 2 5 0 3
haar_x3
6.810835e-002 0 -1
8.281249e-002 -4.737957e-001 
1
2
3 4 9 3 0 -1
6 5 3 1 0 9
haar_point
2.887715e-001 0 -1
-1.066974e-001 5.861356e-001 
1
2
11 3 2 3 0 -1
11 4 2 1 0 3
haar_y3
3.211308e-003 0 -1
-2.899507e-001 1.874779e-001 
1
3
1 2 12 6 0 -1
1 2 6 3 0 2
7 5 6 3 0 2
haar_x2_y2
-2.109992e-001 0 -1
-7.620410e-001 6.759046e-002 
1
3
8 3 2 4 0 -1
9 3 1 2 0 2
8 5 1 2 0 2
haar_x2_y2
-1.417792e-003 0 -1
1.374203e-001 -2.747879e-001 
1
2
5 1 4 2 0 -1
7 1 2 2 0 2
haar_x2
-1.484806e-002 0 -1
-5.072850e-001 1.061990e-001 
1
2
11 0 3 3 0 -1
12 0 1 3 0 3
haar_x3
3.866990e-002 0 -1
2.417209e-002 -1.000047e+000 
1
2
3 2 7 3 0 -1
3 3 7 1 0 3
haar_y3
1.204400e-001 0 -1
-9.461118e-002 5.666731e-001 
1
3
9 2 6 2 0 -1
12 2 3 1 0 2
9 3 3 1 0 2
haar_x2_y2
3.574287e-002 0 -1
-7.767780e-002 4.709959e-001 
1
2
2 1 4 3 0 -1
2 2 4 1 0 3
haar_y3
1.441405e-002 0 -1
-2.209590e-001 3.100357e-001 
1
2
14 1 1 3 0 -1
14 2 1 1 0 3
haar_y3
1.959149e-002 0 -1
5.128172e-002 -9.412577e-001 
1
2
4 0 2 3 0 -1
3 1 2 1 0 3
tilted_haar_y3
2.627769e-002 0 -1
5.127533e-002 -7.703267e-001 
1
2
14 1 1 3 0 -1
14 2 1 1 0 3
haar_y3
-1.685831e-002 0 -1
-3.990870e-001 5.094048e-002 
1
2
0 1 1 3 0 -1
0 2 1 1 0 3
haar_y3
5.999093e-003 0 -1
9.030078e-002 -5.005723e-001 
1
2
4 1 7 4 0 -1
4 2 7 2 0 2
haar_y4
-2.381243e-001 0 -1
3.737312e-001 -1.297724e-001 
1
2
0 5 3 3 0 -1
0 6 3 1 0 3
haar_y3
-2.420661e-002 0 -1
-6.499515e-001 7.586440e-002 
-9.059896e-001

9
-1
