39
1
2
2 1 3 6 0 -1
3 3 1 2 0 9
haar_point
-3.782957e-001 0 -1
2.619878e-001 -2.771686e-001 
1
2
5 0 3 2 0 -1
6 0 1 2 0 3
haar_x3
-3.155733e-002 0 -1
-6.040999e-001 9.558716e-002 
1
3
5 1 2 2 0 -1
5 1 1 1 0 2
6 2 1 1 0 2
haar_x2_y2
6.009609e-004 0 -1
-2.510001e-001 2.192334e-001 
1
2
6 2 2 1 0 -1
7 2 1 1 0 2
haar_x2
1.776193e-004 0 -1
-2.440826e-001 1.947125e-001 
1
2
5 0 2 3 0 -1
6 0 1 3 0 2
haar_x2
3.764251e-002 0 -1
6.947438e-002 -5.326462e-001 
1
2
5 4 3 1 0 -1
6 4 1 1 0 3
haar_x3
3.696287e-002 0 -1
-9.102487e-002 4.434352e-001 
1
2
7 1 1 2 0 -1
7 2 1 1 0 2
haar_y2
-2.322063e-004 0 -1
1.983981e-001 -2.377258e-001 
1
2
5 1 2 3 0 -1
5 2 2 1 0 3
haar_y3
4.831882e-002 0 -1
-9.404081e-002 4.828140e-001 
1
2
1 3 1 2 0 -1
1 4 1 1 0 2
haar_y2
5.779712e-004 0 -1
-3.012221e-001 1.649634e-001 
1
2
4 0 3 2 0 -1
5 0 1 2 0 3
haar_x3
2.166309e-002 0 -1
8.105085e-002 -5.469702e-001 
1
2
3 0 3 3 0 -1
3 1 3 1 0 3
haar_y3
1.215456e-001 0 -1
-1.121982e-001 4.219827e-001 
1
2
6 6 2 2 0 -1
7 6 1 2 0 2
haar_x2
-2.360855e-002 0 -1
-5.808825e-001 7.886520e-002 
1
2
1 0 3 2 0 -1
2 0 1 2 0 3
haar_x3
2.422321e-002 0 -1
6.890909e-002 -5.586135e-001 
1
2
2 0 2 2 0 -1
3 0 1 2 0 2
haar_x2
3.384139e-002 0 -1
5.429576e-002 -7.437267e-001 
1
2
3 2 3 4 0 -1
4 2 1 4 0 3
haar_x3
-5.913219e-002 0 -1
2.330722e-001 -1.892115e-001 
1
2
3 6 2 1 0 -1
4 6 1 1 0 2
haar_x2
-1.001025e-002 0 -1
-4.412150e-001 1.060202e-001 
1
2
3 7 2 1 0 -1
4 7 1 1 0 2
haar_x2
1.051622e-002 0 -1
6.740367e-002 -5.369944e-001 
1
3
3 6 2 2 0 -1
3 6 1 1 0 2
4 7 1 1 0 2
haar_x2_y2
-1.779013e-002 0 -1
-7.015830e-001 4.970963e-002 
1
2
4 2 2 3 0 -1
3 3 2 1 0 3
tilted_haar_y3
-1.213861e-001 0 -1
3.412308e-001 -1.256332e-001 
1
2
0 0 3 1 0 -1
1 0 1 1 0 3
haar_x3
1.547522e-002 0 -1
8.025684e-002 -4.370473e-001 
1
2
0 0 5 8 0 -1
0 4 5 4 0 2
haar_y2
7.827697e-001 0 -1
7.857341e-002 -4.274856e-001 
1
2
4 0 2 8 0 -1
4 4 2 4 0 2
haar_y2
-9.930696e-002 0 -1
-5.086132e-001 7.431001e-002 
1
3
0 5 2 2 0 -1
0 5 1 1 0 2
1 6 1 1 0 2
haar_x2_y2
-5.061536e-004 0 -1
1.960751e-001 -1.799360e-001 
1
2
0 4 3 1 0 -1
1 4 1 1 0 3
haar_x3
-1.836812e-002 0 -1
3.620175e-001 -1.035660e-001 
1
3
0 4 2 2 0 -1
0 4 1 1 0 2
1 5 1 1 0 2
haar_x2_y2
-1.990426e-004 0 -1
2.615378e-001 -1.814342e-001 
1
2
0 7 2 1 0 -1
1 7 1 1 0 2
haar_x2
-1.150875e-002 0 -1
-3.448902e-001 1.087228e-001 
1
2
1 3 4 1 0 -1
1 3 2 1 0 2
tilted_haar_x2
-2.033086e-001 0 -1
-7.389250e-001 4.714404e-002 
1
2
0 7 3 1 0 -1
1 7 1 1 0 3
haar_x3
1.217733e-002 0 -1
7.170276e-002 -4.452513e-001 
1
2
5 3 3 3 0 -1
6 4 1 1 0 9
haar_point
-1.035800e-001 0 -1
3.520608e-001 -1.034127e-001 
1
3
0 0 2 2 0 -1
0 0 1 1 0 2
1 1 1 1 0 2
haar_x2_y2
-5.479263e-004 0 -1
2.053747e-001 -1.689288e-001 
1
2
3 0 3 1 0 -1
4 0 1 1 0 3
haar_x3
9.410379e-003 0 -1
8.177725e-002 -3.464421e-001 
1
2
2 0 2 1 0 -1
3 0 1 1 0 2
haar_x2
6.401354e-004 0 -1
-1.409407e-001 2.098575e-001 
1
2
2 0 3 2 0 -1
3 0 1 2 0 3
haar_x3
1.808798e-002 0 -1
8.592475e-002 -4.000242e-001 
1
2
3 2 3 3 0 -1
4 3 1 1 0 9
haar_point
-1.466571e-001 0 -1
2.432044e-001 -1.368853e-001 
1
3
5 3 2 2 0 -1
5 3 1 1 0 2
6 4 1 1 0 2
haar_x2_y2
3.023947e-004 0 -1
-1.607513e-001 1.951011e-001 
1
2
4 6 2 1 0 -1
5 6 1 1 0 2
haar_x2
1.244166e-002 0 -1
8.168340e-002 -3.945949e-001 
1
2
0 2 8 6 0 -1
2 2 4 6 0 2
haar_x4
-1.067420e+000 0 -1
6.796277e-001 -5.097216e-002 
1
2
4 6 3 1 0 -1
5 6 1 1 0 3
haar_x3
-1.031622e-002 0 -1
-3.144146e-001 1.029108e-001 
1
3
5 4 2 2 0 -1
5 4 1 1 0 2
6 5 1 1 0 2
haar_x2_y2
6.584841e-004 0 -1
-1.405998e-001 2.426409e-001 
-1.217784e+000

6
-1
