45
1
2
4 0 3 4 0 -1
4 0 3 2 0 2
tilted_haar_y2
2.686089e-001 0 -1
-3.827953e-001 3.006298e-001 
1
2
1 5 7 2 0 -1
1 6 7 1 0 2
haar_y2
6.544179e-002 0 -1
-2.525465e-001 2.786574e-001 
1
3
0 2 4 2 0 -1
0 2 2 1 0 2
2 3 2 1 0 2
haar_x2_y2
1.116131e-003 0 -1
-2.903661e-001 2.199727e-001 
1
2
4 0 2 1 0 -1
4 0 1 1 0 2
haar_x2
6.656747e-003 0 -1
-3.441841e-001 1.607227e-001 
1
2
2 1 1 2 0 -1
2 1 1 1 0 2
tilted_haar_y2
2.182621e-002 0 -1
1.175896e-001 -5.457777e-001 
1
2
5 0 2 3 0 -1
5 1 2 1 0 3
haar_y3
-1.647828e-002 0 -1
-4.643858e-001 1.241310e-001 
1
2
2 0 1 2 0 -1
2 1 1 1 0 2
haar_y2
-9.706232e-003 0 -1
-6.146518e-001 8.498420e-002 
1
2
2 0 4 3 0 -1
2 1 4 1 0 3
haar_y3
3.489682e-002 0 -1
8.457614e-002 -4.603364e-001 
1
2
3 1 4 3 0 -1
3 1 2 3 0 2
tilted_haar_x2
-1.332782e-001 0 -1
-7.501339e-001 7.320890e-002 
1
2
1 3 6 3 0 -1
1 4 6 1 0 3
haar_y3
1.067994e-001 0 -1
-1.672101e-001 2.491307e-001 
1
2
0 5 1 3 0 -1
0 6 1 1 0 3
haar_y3
5.562234e-004 0 -1
-2.260820e-001 2.036742e-001 
1
3
0 2 8 4 0 -1
4 2 4 2 0 2
0 4 4 2 0 2
haar_x2_y2
-1.462528e-001 0 -1
-5.621837e-001 7.523874e-002 
1
3
3 2 2 2 0 -1
3 2 1 1 0 2
4 3 1 1 0 2
haar_x2_y2
-1.817724e-002 0 -1
-5.911607e-001 6.427452e-002 
1
2
2 2 6 3 0 -1
2 3 6 1 0 3
haar_y3
1.305663e-001 0 -1
-1.183454e-001 1.617048e-001 
1
2
2 4 2 1 0 -1
3 4 1 1 0 2
haar_x2
7.291138e-004 0 -1
-2.202327e-001 1.758375e-001 
1
2
0 1 8 4 0 -1
2 1 4 4 0 2
haar_x4
-1.681893e-001 0 -1
4.654728e-001 -9.203677e-002 
1
2
3 0 1 3 0 -1
3 1 1 1 0 3
haar_y3
-2.543107e-002 0 -1
-7.944390e-001 5.231048e-002 
1
3
4 0 2 2 0 -1
5 0 1 1 0 2
4 1 1 1 0 2
haar_x2_y2
-8.660119e-004 0 -1
9.540704e-002 -1.384153e-001 
1
2
4 0 4 1 0 -1
4 0 2 1 0 2
tilted_haar_x2
9.429757e-003 0 -1
-3.134456e-001 1.156719e-001 
1
2
5 0 2 2 0 -1
5 0 1 2 0 2
tilted_haar_y2
7.095814e-002 0 -1
5.636292e-002 -3.562421e-001 
1
2
0 0 2 8 0 -1
0 4 2 4 0 2
haar_y2
-2.759301e-001 0 -1
-4.388613e-001 7.799578e-002 
1
2
5 0 2 2 0 -1
5 0 1 2 0 2
tilted_haar_y2
-1.701998e-002 0 -1
-1.935369e-001 4.919343e-002 
1
2
3 0 2 2 0 -1
3 0 2 1 0 2
tilted_haar_y2
7.602160e-002 0 -1
7.634772e-002 -5.486857e-001 
1
2
3 6 3 2 0 -1
4 6 1 2 0 3
haar_x3
-2.820265e-002 0 -1
-3.392498e-001 6.871021e-002 
1
2
2 6 3 2 0 -1
3 6 1 2 0 3
haar_x3
-3.971811e-002 0 -1
-4.878176e-001 8.256543e-002 
1
3
4 0 2 8 0 -1
5 0 1 4 0 2
4 4 1 4 0 2
haar_x2_y2
-1.336180e-002 0 -1
1.347791e-001 -3.059326e-001 
1
3
3 0 2 2 0 -1
3 0 1 1 0 2
4 1 1 1 0 2
haar_x2_y2
-2.087877e-002 0 -1
-6.149983e-001 4.815833e-002 
1
2
0 0 8 8 0 -1
0 0 4 8 0 2
haar_x2
-7.764877e-001 0 -1
4.194543e-001 -7.553940e-002 
1
2
1 4 6 2 0 -1
1 5 6 1 0 2
haar_y2
-1.836377e-001 0 -1
2.624051e-001 -1.207832e-001 
1
2
4 1 1 2 0 -1
4 2 1 1 0 2
haar_y2
7.093317e-004 0 -1
-1.864976e-001 1.733879e-001 
1
3
3 1 2 2 0 -1
3 1 1 1 0 2
4 2 1 1 0 2
haar_x2_y2
1.619248e-002 0 -1
5.717828e-002 -5.240502e-001 
1
2
6 3 2 4 0 -1
6 5 2 2 0 2
haar_y2
-1.820402e-001 0 -1
-5.522406e-001 3.885948e-002 
1
2
1 4 6 4 0 -1
1 5 6 2 0 2
haar_y4
2.691135e-001 0 -1
-3.990873e-002 8.023835e-001 
1
2
5 0 2 3 0 -1
5 1 2 1 0 3
haar_y3
3.560647e-002 0 -1
6.712992e-002 -3.286001e-001 
1
2
0 3 1 4 0 -1
0 5 1 2 0 2
haar_y2
-7.933742e-002 0 -1
-4.650353e-001 5.359372e-002 
1
2
1 5 6 3 0 -1
1 6 6 1 0 3
haar_y3
-1.910588e-001 0 -1
4.234954e-001 -7.526325e-002 
1
2
3 5 1 2 0 -1
3 6 1 1 0 2
haar_y2
9.363523e-004 0 -1
-1.774560e-001 1.487422e-001 
1
2
5 0 2 3 0 -1
5 1 2 1 0 3
haar_y3
9.170160e-002 0 -1
9.450249e-003 -6.954743e-001 
1
2
1 2 4 2 0 -1
1 3 4 1 0 2
haar_y2
-4.955694e-002 0 -1
-4.144390e-001 6.499975e-002 
1
2
5 0 2 3 0 -1
5 1 2 1 0 3
haar_y3
7.952952e-004 0 -1
-1.017140e-001 7.938790e-002 
1
2
1 0 2 3 0 -1
1 1 2 1 0 3
haar_y3
-3.237035e-002 0 -1
-5.429064e-001 5.168205e-002 
1
2
4 1 2 1 0 -1
4 1 1 1 0 2
haar_x2
-9.920893e-003 0 -1
-2.656433e-001 1.541225e-002 
1
2
2 1 2 1 0 -1
3 1 1 1 0 2
haar_x2
7.943544e-004 0 -1
-2.662103e-001 1.129247e-001 
1
3
4 0 2 2 0 -1
5 0 1 1 0 2
4 1 1 1 0 2
haar_x2_y2
1.390498e-002 0 -1
2.418916e-002 -2.257045e-001 
1
3
2 0 2 2 0 -1
2 0 1 1 0 2
3 1 1 1 0 2
haar_x2_y2
-9.841128e-004 0 -1
1.484531e-001 -1.923377e-001 
-1.343209e+000

9
-1
