523
1
2
2 2 1 2 0 -1
2 3 1 1 0 2
haar_y2
-1.063637e-001 0 -1
5.617214e-001 -7.420042e-001 
1
2
1 0 3 1 0 -1
2 0 1 1 0 3
haar_x3
3.229487e-002 0 -1
-7.237180e-001 3.350212e-001 
1
2
1 1 2 1 0 -1
1 1 1 1 0 2
tilted_haar_x2
4.884792e-003 0 -1
-7.262357e-001 2.328788e-001 
1
2
2 0 1 4 0 -1
2 1 1 2 0 2
haar_y4
6.251867e-003 0 -1
-7.511363e-001 2.116857e-001 
1
2
2 0 1 4 0 -1
2 2 1 2 0 2
haar_y2
-3.878782e-003 0 -1
1.364447e-001 -8.482910e-001 
1
2
1 3 3 1 0 -1
2 3 1 1 0 3
haar_x3
8.793322e-003 0 -1
-3.884073e-001 4.041761e-001 
1
2
1 3 3 2 0 -1
1 4 3 1 0 2
haar_y2
6.814908e-002 0 -1
-4.486751e-001 3.762192e-001 
1
2
0 1 5 4 0 -1
0 3 5 2 0 2
haar_y2
-1.112645e-002 0 -1
2.001387e-001 -7.367517e-001 
1
2
1 0 2 1 0 -1
2 0 1 1 0 2
haar_x2
1.207186e-002 0 -1
-5.122494e-001 2.584685e-001 
1
2
1 2 4 2 0 -1
1 3 4 1 0 2
haar_y2
1.055444e-001 0 -1
-2.654665e-001 7.176108e-001 
1
2
2 1 1 4 0 -1
2 3 1 2 0 2
haar_y2
-2.378855e-002 0 -1
2.566587e-001 -7.867219e-001 
1
2
4 0 1 3 0 -1
4 1 1 1 0 3
haar_y3
3.583368e-003 0 -1
-5.262681e-001 2.742602e-001 
1
2
0 0 1 3 0 -1
0 1 1 1 0 3
haar_y3
3.563643e-003 0 -1
-5.021727e-001 2.188058e-001 
1
2
3 3 2 1 0 -1
3 3 1 1 0 2
haar_x2
-6.659870e-003 0 -1
3.331805e-001 -5.900295e-001 
1
2
0 1 5 3 0 -1
0 2 5 1 0 3
haar_y3
5.623622e-001 0 -1
-2.540777e-001 5.013118e-001 
1
2
2 0 1 3 0 -1
2 1 1 1 0 3
haar_y3
4.927918e-003 0 -1
-5.308210e-001 3.316652e-001 
1
2
0 0 4 1 0 -1
2 0 2 1 0 2
haar_x2
-3.587480e-003 0 -1
3.785721e-001 -5.059723e-001 
1
2
1 0 4 1 0 -1
1 0 2 1 0 2
haar_x2
8.143051e-003 0 -1
-2.724144e-001 2.678123e-001 
1
2
0 0 4 1 0 -1
2 0 2 1 0 2
haar_x2
3.346976e-003 0 -1
-5.401883e-001 5.265634e-001 
1
2
3 3 2 1 0 -1
3 3 1 1 0 2
haar_x2
6.759164e-003 0 -1
-4.290163e-001 4.632738e-001 
1
2
0 3 2 1 0 -1
1 3 1 1 0 2
haar_x2
-3.521028e-003 0 -1
4.767035e-001 -7.010929e-001 
1
2
3 3 2 1 0 -1
3 3 1 1 0 2
haar_x2
-3.399074e-003 0 -1
4.360026e-001 -5.728127e-001 
1
2
0 3 2 1 0 -1
1 3 1 1 0 2
haar_x2
2.888359e-003 0 -1
-3.783777e-001 7.211177e-001 
1
2
2 0 3 1 0 -1
3 0 1 1 0 3
haar_x3
-6.771032e-003 0 -1
3.243697e-001 -5.408123e-001 
1
2
0 3 3 1 0 -1
1 3 1 1 0 3
haar_x3
-5.676616e-002 0 -1
4.628092e-001 -3.553396e-001 
1
2
2 3 2 1 0 -1
2 3 1 1 0 2
haar_x2
5.442388e-003 0 -1
-2.121297e-001 3.211430e-001 
1
2
1 3 3 1 0 -1
2 3 1 1 0 3
haar_x3
-5.531070e-003 0 -1
4.564991e-001 -4.367048e-001 
1
2
4 1 1 2 0 -1
4 1 1 1 0 2
tilted_haar_x2
-3.587959e-001 0 -1
8.949221e-001 -8.753644e-002 
1
2
1 1 2 1 0 -1
1 1 1 1 0 2
tilted_haar_x2
-3.002901e-003 0 -1
6.307096e-001 -1.604684e-001 
1
2
0 0 5 4 0 -1
0 2 5 2 0 2
haar_y2
-1.249564e-002 0 -1
2.436733e-001 -4.568685e-001 
1
2
2 1 1 4 0 -1
2 3 1 2 0 2
haar_y2
7.282157e-003 0 -1
-1.628208e-001 7.372521e-001 
1
3
1 1 4 4 0 -1
3 1 2 2 0 2
1 3 2 2 0 2
haar_x2_y2
-1.607634e-002 0 -1
9.719466e-002 -2.855651e-001 
1
3
0 1 4 4 0 -1
0 1 2 2 0 2
2 3 2 2 0 2
haar_x2_y2
-4.165658e-003 0 -1
3.022349e-001 -4.047778e-001 
1
2
1 4 3 1 0 -1
2 4 1 1 0 3
haar_x3
4.202571e-003 0 -1
-2.773462e-001 2.989572e-001 
1
2
1 0 3 1 0 -1
2 0 1 1 0 3
haar_x3
-3.740440e-003 0 -1
5.624826e-001 -2.024010e-001 
1
2
2 3 1 2 0 -1
2 4 1 1 0 2
haar_y2
-3.502085e-002 0 -1
3.692861e-001 -1.878752e-001 
1
2
0 2 5 3 0 -1
0 3 5 1 0 3
haar_y3
-5.528443e-001 0 -1
3.929603e-001 -2.344276e-001 
1
2
1 1 3 3 0 -1
1 2 3 1 0 3
haar_y3
-6.360619e-001 0 -1
7.418600e-001 -1.164081e-001 
1
2
1 1 2 3 0 -1
1 2 2 1 0 3
haar_y3
2.576621e-001 0 -1
-1.757656e-001 3.273249e-001 
1
3
2 1 2 4 0 -1
3 1 1 2 0 2
2 3 1 2 0 2
haar_x2_y2
-9.584736e-003 0 -1
1.256637e-001 -2.527295e-001 
1
2
1 2 1 2 0 -1
1 3 1 1 0 2
haar_y2
2.181544e-002 0 -1
-1.590371e-001 4.198848e-001 
1
2
0 0 5 4 0 -1
0 1 5 2 0 2
haar_y4
5.586073e-003 0 -1
-5.205666e-001 1.480193e-001 
1
3
0 3 2 2 0 -1
0 3 1 1 0 2
1 4 1 1 0 2
haar_x2_y2
5.462890e-003 0 -1
-3.439985e-001 1.883606e-001 
1
2
2 0 2 4 0 -1
2 2 2 2 0 2
haar_y2
-4.611352e-003 0 -1
1.154563e-001 -4.505301e-001 
1
2
0 0 4 4 0 -1
0 2 4 2 0 2
haar_y2
6.782852e-002 0 -1
-1.446642e-001 5.507547e-001 
1
2
2 0 2 4 0 -1
2 2 2 2 0 2
haar_y2
-7.659675e-002 0 -1
1.086604e-001 -4.032941e-001 
1
2
1 1 3 2 0 -1
1 2 3 1 0 2
haar_y2
2.140689e-002 0 -1
-1.872432e-001 3.913860e-001 
1
2
3 1 1 2 0 -1
3 2 1 1 0 2
haar_y2
-3.263262e-003 0 -1
2.129049e-001 -3.298179e-001 
1
2
1 1 1 2 0 -1
1 2 1 1 0 2
haar_y2
-5.695954e-003 0 -1
2.889350e-001 -3.376770e-001 
1
2
1 1 3 2 0 -1
1 2 3 1 0 2
haar_y2
8.202553e-003 0 -1
-2.052044e-001 3.714910e-001 
1
2
1 0 2 4 0 -1
1 2 2 2 0 2
haar_y2
-6.393762e-003 0 -1
1.175284e-001 -5.043516e-001 
1
2
1 0 3 4 0 -1
1 2 3 2 0 2
haar_y2
3.193222e-003 0 -1
-1.530196e-001 5.293175e-001 
1
2
0 0 1 4 0 -1
0 2 1 2 0 2
haar_y2
-5.914201e-003 0 -1
2.150076e-001 -3.521631e-001 
1
2
1 0 4 5 0 -1
1 0 2 5 0 2
haar_x2
1.768487e+000 0 -1
-8.949672e-002 6.215046e-001 
1
2
2 1 1 4 0 -1
2 3 1 2 0 2
haar_y2
-5.904273e-003 0 -1
1.115372e-001 -5.667236e-001 
1
2
1 1 3 4 0 -1
1 3 3 2 0 2
haar_y2
1.640080e-002 0 -1
-1.613480e-001 6.523587e-001 
1
2
1 1 3 4 0 -1
1 3 3 2 0 2
haar_y2
-9.079610e-002 0 -1
1.566535e-001 -5.750322e-001 
1
2
1 1 3 4 0 -1
1 3 3 2 0 2
haar_y2
7.792545e-003 0 -1
-1.503126e-001 6.052624e-001 
1
2
1 1 3 4 0 -1
1 3 3 2 0 2
haar_y2
-1.306108e-002 0 -1
1.550588e-001 -5.987392e-001 
1
2
1 1 3 4 0 -1
1 3 3 2 0 2
haar_y2
7.792545e-003 0 -1
-1.527101e-001 6.006815e-001 
1
2
1 1 3 4 0 -1
1 3 3 2 0 2
haar_y2
-6.395033e-003 0 -1
1.525690e-001 -5.963262e-001 
1
2
1 1 3 4 0 -1
1 3 3 2 0 2
haar_y2
6.316393e-003 0 -1
-1.510126e-001 5.981255e-001 
1
2
1 1 3 4 0 -1
1 3 3 2 0 2
haar_y2
-6.395033e-003 0 -1
1.511765e-001 -5.920221e-001 
1
2
1 1 3 4 0 -1
1 3 3 2 0 2
haar_y2
4.635794e-003 0 -1
-1.489589e-001 5.938915e-001 
1
2
0 1 4 4 0 -1
0 3 4 2 0 2
haar_y2
-1.992139e-002 0 -1
1.415776e-001 -6.057969e-001 
1
2
1 1 4 4 0 -1
1 3 4 2 0 2
haar_y2
1.472008e-002 0 -1
-1.414291e-001 5.144825e-001 
1
2
1 1 3 4 0 -1
1 3 3 2 0 2
haar_y2
-6.395033e-003 0 -1
1.498438e-001 -5.604183e-001 
1
2
1 1 4 4 0 -1
1 3 4 2 0 2
haar_y2
1.058865e-001 0 -1
-1.117739e-001 4.867847e-001 
1
2
0 0 5 2 0 -1
0 1 5 1 0 2
haar_y2
8.736053e-003 0 -1
-3.854074e-001 1.949064e-001 
1
2
1 0 3 4 0 -1
1 2 3 2 0 2
haar_y2
-2.352583e-003 0 -1
1.669881e-001 -5.368061e-001 
1
2
1 0 3 4 0 -1
1 2 3 2 0 2
haar_y2
3.193222e-003 0 -1
-1.634253e-001 5.382062e-001 
1
2
1 0 3 4 0 -1
1 2 3 2 0 2
haar_y2
-2.352583e-003 0 -1
1.635638e-001 -5.199474e-001 
1
2
0 0 5 3 0 -1
0 1 5 1 0 3
haar_y3
-7.918297e-003 0 -1
4.331825e-001 -1.918076e-001 
1
2
0 0 5 3 0 -1
0 1 5 1 0 3
haar_y3
7.943590e-003 0 -1
-3.271576e-001 1.886690e-001 
1
2
0 0 5 4 0 -1
0 2 5 2 0 2
haar_y2
8.087406e-003 0 -1
-1.861258e-001 4.667011e-001 
1
2
0 0 5 4 0 -1
0 2 5 2 0 2
haar_y2
-7.655987e-003 0 -1
1.781832e-001 -5.140691e-001 
1
2
0 0 5 4 0 -1
0 2 5 2 0 2
haar_y2
8.087406e-003 0 -1
-1.716107e-001 5.035677e-001 
1
2
0 0 5 4 0 -1
0 2 5 2 0 2
haar_y2
-7.655987e-003 0 -1
1.714381e-001 -5.005386e-001 
1
2
0 0 5 4 0 -1
0 2 5 2 0 2
haar_y2
7.232397e-003 0 -1
-1.682628e-001 5.010992e-001 
1
2
0 0 5 4 0 -1
0 2 5 2 0 2
haar_y2
-2.115986e-003 0 -1
1.683007e-001 -4.923337e-001 
1
2
0 0 5 4 0 -1
0 2 5 2 0 2
haar_y2
4.307545e-003 0 -1
-1.633658e-001 4.943807e-001 
1
2
1 0 4 4 0 -1
1 2 4 2 0 2
haar_y2
-5.819501e-003 0 -1
1.580551e-001 -4.984131e-001 
1
2
1 0 3 4 0 -1
1 2 3 2 0 2
haar_y2
2.106800e-003 0 -1
-1.535754e-001 5.351228e-001 
1
2
1 0 4 4 0 -1
1 2 4 2 0 2
haar_y2
-5.807018e-001 0 -1
2.476369e-001 -3.095705e-001 
1
2
0 0 4 4 0 -1
2 0 2 4 0 2
haar_x2
7.404327e-001 0 -1
-1.611128e-001 5.246229e-001 
1
2
1 0 4 1 0 -1
1 0 2 1 0 2
haar_x2
1.639115e-002 0 -1
-3.610615e-001 1.998491e-001 
1
2
1 0 2 4 0 -1
1 1 2 2 0 2
haar_y4
5.080570e-003 0 -1
-5.792962e-001 2.246385e-001 
1
2
2 2 3 2 0 -1
2 3 3 1 0 2
haar_y2
-3.369772e-002 0 -1
9.767402e-002 -5.148227e-001 
1
2
0 2 3 2 0 -1
0 3 3 1 0 2
haar_y2
6.541698e-002 0 -1
-2.602694e-001 8.435824e-001 
1
2
3 1 2 2 0 -1
3 1 2 1 0 2
tilted_haar_x2
3.081594e-003 0 -1
-5.889679e-001 1.938957e-001 
1
2
0 2 4 2 0 -1
2 2 2 2 0 2
haar_x2
-1.613967e-002 0 -1
4.226504e-001 -6.080983e-001 
1
2
1 2 4 2 0 -1
1 2 2 2 0 2
haar_x2
-1.574456e-001 0 -1
5.171595e-001 -3.263382e-001 
1
2
1 3 3 2 0 -1
2 3 1 2 0 3
haar_x3
3.715905e-003 0 -1
-3.166333e-001 4.786942e-001 
1
2
2 1 1 3 0 -1
2 2 1 1 0 3
haar_y3
6.467289e-003 0 -1
-5.748951e-001 2.466161e-001 
1
2
0 1 5 4 0 -1
0 2 5 2 0 2
haar_y4
-6.752707e-003 0 -1
2.852098e-001 -6.159625e-001 
1
2
0 1 5 4 0 -1
0 2 5 2 0 2
haar_y4
2.616331e-003 0 -1
-3.344082e-001 5.886528e-001 
1
2
0 1 5 4 0 -1
0 2 5 2 0 2
haar_y4
-6.752707e-003 0 -1
3.323640e-001 -5.901343e-001 
1
2
0 1 5 4 0 -1
0 2 5 2 0 2
haar_y4
2.616331e-003 0 -1
-3.231325e-001 5.895965e-001 
1
2
0 1 4 4 0 -1
0 2 4 2 0 2
haar_y4
-5.601108e-003 0 -1
3.345196e-001 -5.841109e-001 
1
2
1 3 4 2 0 -1
1 4 4 1 0 2
haar_y2
-9.905791e-002 0 -1
4.653861e-001 -3.198653e-001 
1
2
0 1 2 2 0 -1
0 2 2 1 0 2
haar_y2
1.794965e-003 0 -1
-2.090591e-001 5.363013e-001 
1
2
2 0 2 4 0 -1
2 2 2 2 0 2
haar_y2
-1.171509e-002 0 -1
1.256569e-001 -5.110073e-001 
1
2
2 1 1 3 0 -1
2 2 1 1 0 3
haar_y3
-5.566741e-002 0 -1
6.860015e-001 -2.087459e-001 
1
2
2 1 1 2 0 -1
2 2 1 1 0 2
haar_y2
2.895275e-003 0 -1
-2.384003e-001 5.446292e-001 
1
2
0 1 2 2 0 -1
0 2 2 1 0 2
haar_y2
-8.011730e-003 0 -1
2.482776e-001 -4.758447e-001 
1
2
3 1 2 2 0 -1
3 2 2 1 0 2
haar_y2
1.682802e-002 0 -1
-1.672047e-001 3.521835e-001 
1
3
0 0 4 4 0 -1
0 0 2 2 0 2
2 2 2 2 0 2
haar_x2_y2
-3.241258e-003 0 -1
2.649480e-001 -4.292801e-001 
1
3
1 0 4 2 0 -1
3 0 2 1 0 2
1 1 2 1 0 2
haar_x2_y2
4.769026e-003 0 -1
-1.906554e-001 2.591013e-001 
1
3
0 0 4 2 0 -1
0 0 2 1 0 2
2 1 2 1 0 2
haar_x2_y2
9.625578e-003 0 -1
-3.881575e-001 4.192175e-001 
1
2
4 2 1 2 0 -1
4 2 1 1 0 2
tilted_haar_x2
-1.425316e-001 0 -1
5.802181e-001 -2.731823e-001 
1
2
0 1 2 4 0 -1
0 3 2 2 0 2
haar_y2
-1.548482e-002 0 -1
3.654576e-001 -5.161726e-001 
1
2
1 1 3 4 0 -1
2 1 1 4 0 3
haar_x3
-2.738728e-003 0 -1
4.283651e-001 -2.821605e-001 
1
2
0 2 4 2 0 -1
2 2 2 2 0 2
haar_x2
7.319093e-003 0 -1
-2.408563e-001 4.042569e-001 
1
2
3 1 2 4 0 -1
3 3 2 2 0 2
haar_y2
-1.189727e-002 0 -1
8.888895e-002 -3.175156e-001 
1
2
0 1 4 4 0 -1
0 3 4 2 0 2
haar_y2
2.592797e-003 0 -1
-2.048292e-001 8.249055e-001 
1
2
4 2 1 2 0 -1
4 2 1 1 0 2
tilted_haar_x2
-3.737431e-003 0 -1
3.463837e-001 -2.805022e-001 
1
2
2 1 1 4 0 -1
2 3 1 2 0 2
haar_y2
-5.904273e-003 0 -1
2.729932e-001 -6.797590e-001 
1
2
2 0 3 4 0 -1
2 2 3 2 0 2
haar_y2
1.781708e-002 0 -1
-1.515764e-001 3.991522e-001 
1
2
1 2 2 1 0 -1
1 2 1 1 0 2
tilted_haar_x2
3.760589e-003 0 -1
-5.090703e-001 2.052544e-001 
1
2
0 1 5 4 0 -1
0 2 5 2 0 2
haar_y4
-4.625483e-003 0 -1
1.652253e-001 -4.548270e-001 
1
2
0 1 4 4 0 -1
0 2 4 2 0 2
haar_y4
1.440459e-002 0 -1
-2.380929e-001 4.894052e-001 
1
2
2 1 1 2 0 -1
2 2 1 1 0 2
haar_y2
-5.954285e-003 0 -1
2.421019e-001 -4.110473e-001 
1
2
2 0 1 3 0 -1
2 1 1 1 0 3
haar_y3
-3.225685e-003 0 -1
4.483439e-001 -2.020233e-001 
1
2
3 1 2 4 0 -1
3 3 2 2 0 2
haar_y2
3.145791e-003 0 -1
-7.246286e-002 2.958121e-001 
1
2
0 1 1 4 0 -1
0 2 1 2 0 2
haar_y4
-1.839484e-002 0 -1
2.608777e-001 -2.850812e-001 
1
2
2 0 3 4 0 -1
2 2 3 2 0 2
haar_y2
-5.170677e-003 0 -1
9.394576e-002 -2.462576e-001 
1
2
0 0 3 4 0 -1
0 2 3 2 0 2
haar_y2
1.665447e-002 0 -1
-1.731814e-001 5.660339e-001 
1
2
2 0 3 4 0 -1
2 2 3 2 0 2
haar_y2
-1.583865e-002 0 -1
8.782230e-002 -3.559927e-001 
1
2
1 0 3 4 0 -1
1 1 3 2 0 2
haar_y4
5.238690e-001 0 -1
-1.953155e-001 3.189192e-001 
1
2
2 1 3 2 0 -1
3 1 1 2 0 3
haar_x3
-1.420503e-001 0 -1
2.080544e-001 -2.069869e-001 
1
2
0 1 3 2 0 -1
1 1 1 2 0 3
haar_x3
-2.254361e-002 0 -1
2.448622e-001 -3.204743e-001 
1
2
2 0 3 5 0 -1
3 0 1 5 0 3
haar_x3
1.163548e-001 0 -1
-1.710907e-001 4.531635e-001 
1
2
0 0 3 5 0 -1
1 0 1 5 0 3
haar_x3
8.751798e-003 0 -1
-2.764742e-001 4.549835e-001 
1
2
2 0 3 1 0 -1
3 0 1 1 0 3
haar_x3
4.230558e-003 0 -1
-2.660197e-001 2.858434e-001 
1
2
1 0 3 1 0 -1
2 0 1 1 0 3
haar_x3
2.995440e-003 0 -1
-5.412495e-001 2.561155e-001 
1
2
4 1 1 2 0 -1
4 1 1 1 0 2
tilted_haar_x2
2.160963e-002 0 -1
-5.351349e-001 2.192468e-001 
1
2
0 1 4 1 0 -1
2 1 2 1 0 2
haar_x2
-3.499905e-002 0 -1
4.761271e-001 -4.918343e-001 
1
2
2 1 2 1 0 -1
2 1 1 1 0 2
haar_x2
1.026113e-002 0 -1
-3.451962e-001 3.222771e-001 
1
2
0 1 4 1 0 -1
2 1 2 1 0 2
haar_x2
4.937012e-003 0 -1
-5.603832e-001 4.884692e-001 
1
2
4 1 1 2 0 -1
4 1 1 1 0 2
tilted_haar_x2
-5.989648e-002 0 -1
4.537513e-001 -4.259939e-001 
1
2
1 0 2 4 0 -1
1 2 2 2 0 2
haar_y2
-5.538110e-003 0 -1
4.181689e-001 -6.748560e-001 
1
2
1 0 3 3 0 -1
2 0 1 3 0 3
haar_x3
-2.020027e-002 0 -1
6.976936e-001 -2.486778e-001 
1
2
1 0 2 4 0 -1
1 2 2 2 0 2
haar_y2
2.043354e-003 0 -1
-1.785457e-001 8.367736e-001 
1
2
4 1 1 2 0 -1
4 1 1 1 0 2
tilted_haar_x2
4.830505e-003 0 -1
-5.053366e-001 2.607031e-001 
1
2
1 2 3 1 0 -1
2 2 1 1 0 3
haar_x3
5.571679e-003 0 -1
-6.871879e-001 3.806800e-001 
1
2
2 0 2 4 0 -1
2 2 2 2 0 2
haar_y2
-2.621648e-003 0 -1
6.737494e-002 -6.542350e-001 
1
2
1 1 3 2 0 -1
1 2 3 1 0 2
haar_y2
5.607441e-002 0 -1
-3.139429e-001 6.264135e-001 
1
2
2 0 3 3 0 -1
2 1 3 1 0 3
haar_y3
1.230594e-003 0 -1
-6.420662e-001 3.272328e-001 
1
2
1 1 2 1 0 -1
1 1 1 1 0 2
tilted_haar_x2
2.456298e-003 0 -1
-7.506508e-001 3.051458e-001 
1
2
2 1 3 3 0 -1
3 2 1 1 0 9
haar_point
-5.660466e-001 0 -1
5.473551e-001 -6.019560e-001 
1
2
0 1 5 3 0 -1
0 2 5 1 0 3
haar_y3
1.068632e-001 0 -1
-6.454911e-001 6.364632e-001 
1
2
2 0 2 4 0 -1
2 2 2 2 0 2
haar_y2
4.017652e-003 0 -1
-5.609062e-001 8.905803e-001 
1
2
1 0 2 4 0 -1
1 2 2 2 0 2
haar_y2
-4.012216e-003 0 -1
7.059570e-001 -9.565320e-001 
1
2
3 2 2 2 0 -1
3 2 1 2 0 2
haar_x2
-1.956112e-003 0 -1
1.736187e-001 -6.999798e-001 
1
2
0 1 5 4 0 -1
0 3 5 2 0 2
haar_y2
-7.859169e-003 0 -1
3.088162e-001 -7.112203e-001 
1
2
0 1 5 3 0 -1
0 2 5 1 0 3
haar_y3
-1.241772e-001 0 -1
7.253358e-001 -3.990405e-001 
1
2
1 1 2 1 0 -1
1 1 1 1 0 2
tilted_haar_x2
-1.746672e-003 0 -1
8.296422e-001 -2.995466e-001 
1
2
3 1 2 4 0 -1
3 3 2 2 0 2
haar_y2
1.113613e-001 0 -1
-3.994336e-002 5.342875e-001 
1
3
0 2 4 2 0 -1
0 2 2 1 0 2
2 3 2 1 0 2
haar_x2_y2
-4.547731e-003 0 -1
2.894839e-001 -5.578893e-001 
1
2
1 2 3 1 0 -1
2 2 1 1 0 3
haar_x3
-8.360021e-003 0 -1
5.149988e-001 -2.179704e-001 
1
2
1 0 2 4 0 -1
1 2 2 2 0 2
haar_y2
2.043354e-003 0 -1
-1.292122e-001 8.021308e-001 
1
2
2 0 3 4 0 -1
2 2 3 2 0 2
haar_y2
-5.821343e-003 0 -1
1.823730e-001 -5.857190e-001 
1
2
1 1 3 3 0 -1
2 2 1 1 0 9
haar_point
1.302436e-002 0 -1
-5.090035e-001 2.070727e-001 
1
3
1 2 4 2 0 -1
3 2 2 1 0 2
1 3 2 1 0 2
haar_x2_y2
9.336336e-003 0 -1
-2.543274e-001 1.938539e-001 
1
3
0 2 4 2 0 -1
0 2 2 1 0 2
2 3 2 1 0 2
haar_x2_y2
5.716319e-003 0 -1
-2.871069e-001 6.536611e-001 
1
3
1 2 4 2 0 -1
3 2 2 1 0 2
1 3 2 1 0 2
haar_x2_y2
-1.977753e-003 0 -1
3.062082e-001 -5.023077e-001 
1
3
0 2 4 2 0 -1
0 2 2 1 0 2
2 3 2 1 0 2
haar_x2_y2
-4.547731e-003 0 -1
3.552469e-001 -5.968261e-001 
1
2
1 2 4 1 0 -1
2 2 2 1 0 2
haar_x4
9.413798e-002 0 -1
-2.447222e-001 3.189322e-001 
1
2
0 2 4 1 0 -1
2 2 2 1 0 2
haar_x2
-3.086421e-002 0 -1
5.141582e-001 -3.717574e-001 
1
2
1 2 4 1 0 -1
1 2 2 1 0 2
haar_x2
-7.883197e-003 0 -1
3.393830e-001 -2.508676e-001 
1
2
0 0 4 5 0 -1
1 0 2 5 0 2
haar_x4
5.693756e-002 0 -1
-2.685460e-001 3.650949e-001 
1
2
0 3 5 2 0 -1
0 4 5 1 0 2
haar_y2
1.153616e-002 0 -1
-3.695551e-001 3.379484e-001 
1
2
0 3 4 2 0 -1
0 4 4 1 0 2
haar_y2
-1.147740e-002 0 -1
4.012833e-001 -4.115691e-001 
1
2
2 3 3 2 0 -1
2 4 3 1 0 2
haar_y2
3.353655e-002 0 -1
-2.897285e-001 3.751248e-001 
1
2
1 0 3 1 0 -1
2 1 1 1 0 3
tilted_haar_x3
-6.332386e-002 0 -1
4.038084e-001 -3.695857e-001 
1
2
2 1 3 3 0 -1
3 2 1 1 0 9
haar_point
1.158097e-001 0 -1
-3.121257e-001 4.434926e-001 
1
3
0 2 4 2 0 -1
0 2 2 1 0 2
2 3 2 1 0 2
haar_x2_y2
5.944425e-003 0 -1
-3.088150e-001 5.406023e-001 
1
2
1 0 3 2 0 -1
2 0 1 2 0 3
haar_x3
9.662040e-003 0 -1
-6.442059e-001 2.619604e-001 
1
2
1 3 2 2 0 -1
2 3 1 2 0 2
haar_x2
-5.804250e-003 0 -1
3.831616e-001 -6.077411e-001 
1
2
2 3 3 2 0 -1
3 3 1 2 0 3
haar_x3
3.311239e-002 0 -1
-3.338732e-001 4.289290e-001 
1
2
2 0 2 2 0 -1
2 0 2 1 0 2
tilted_haar_y2
1.131423e-002 0 -1
-5.745261e-001 3.362062e-001 
1
2
4 1 1 2 0 -1
4 1 1 1 0 2
tilted_haar_x2
4.830505e-003 0 -1
-5.512280e-001 2.044753e-001 
1
2
2 0 3 2 0 -1
2 0 3 1 0 2
tilted_haar_y2
-2.333086e-002 0 -1
7.562895e-001 -5.214559e-001 
1
2
3 0 2 3 0 -1
3 0 1 3 0 2
tilted_haar_y2
1.757069e-002 0 -1
-5.537214e-001 3.751042e-001 
1
2
0 2 4 2 0 -1
2 2 2 2 0 2
haar_x2
4.225670e-003 0 -1
-6.075799e-001 6.511177e-001 
1
2
1 2 4 2 0 -1
1 2 2 2 0 2
haar_x2
1.775037e-003 0 -1
-6.630030e-001 5.663851e-001 
1
2
2 0 3 2 0 -1
2 0 3 1 0 2
tilted_haar_y2
2.474581e-003 0 -1
-8.543028e-001 5.091136e-001 
1
2
1 2 4 2 0 -1
1 2 2 2 0 2
haar_x2
-4.019989e-003 0 -1
4.623872e-001 -8.119905e-001 
1
2
0 2 4 2 0 -1
2 2 2 2 0 2
haar_x2
-5.307136e-003 0 -1
7.504954e-001 -7.855471e-001 
1
2
1 2 3 3 0 -1
2 2 1 3 0 3
haar_x3
5.245066e-003 0 -1
-5.584839e-001 5.703309e-001 
1
2
0 0 4 1 0 -1
1 0 2 1 0 2
haar_x4
-1.668373e-003 0 -1
6.791531e-001 -6.398114e-001 
1
2
1 0 4 1 0 -1
2 0 2 1 0 2
haar_x4
-7.208209e-003 0 -1
6.049652e-001 -2.831573e-001 
1
2
0 0 4 1 0 -1
1 0 2 1 0 2
haar_x4
2.601845e-003 0 -1
-5.022759e-001 5.645753e-001 
1
2
2 0 3 1 0 -1
3 0 1 1 0 3
haar_x3
4.230558e-003 0 -1
-5.928915e-001 5.187786e-001 
1
2
1 0 3 1 0 -1
2 0 1 1 0 3
haar_x3
7.064244e-003 0 -1
-7.434910e-001 4.081445e-001 
1
2
1 0 4 5 0 -1
2 0 2 5 0 2
haar_x4
-2.255750e-002 0 -1
4.817512e-001 -7.109978e-001 
1
2
0 0 3 5 0 -1
1 0 1 5 0 3
haar_x3
-3.797481e-003 0 -1
5.705209e-001 -7.275274e-001 
1
2
1 1 4 3 0 -1
1 2 4 1 0 3
haar_y3
1.813285e-003 0 -1
-6.192113e-001 3.886863e-001 
1
2
0 0 1 2 0 -1
0 1 1 1 0 2
haar_y2
1.154144e-002 0 -1
-6.488483e-001 4.150837e-001 
1
2
1 2 3 3 0 -1
2 2 1 3 0 3
haar_x3
-1.663012e-003 0 -1
5.026195e-001 -6.665571e-001 
1
2
1 1 3 4 0 -1
2 1 1 4 0 3
haar_x3
6.460728e-003 0 -1
-5.970663e-001 5.678129e-001 
1
2
2 1 3 4 0 -1
2 2 3 2 0 2
haar_y4
-1.582102e-002 0 -1
2.903288e-001 -6.189797e-001 
1
3
0 1 4 2 0 -1
0 1 2 1 0 2
2 2 2 1 0 2
haar_x2_y2
2.999732e-003 0 -1
-5.472226e-001 5.114377e-001 
1
3
1 1 4 2 0 -1
3 1 2 1 0 2
1 2 2 1 0 2
haar_x2_y2
5.475981e-003 0 -1
-5.080315e-001 3.671730e-001 
1
2
0 1 1 4 0 -1
0 2 1 2 0 2
haar_y4
1.813285e-003 0 -1
-6.425353e-001 6.778255e-001 
1
2
2 0 3 4 0 -1
2 2 3 2 0 2
haar_y2
-3.054008e-003 0 -1
3.649779e-001 -7.850150e-001 
1
2
2 0 1 4 0 -1
2 1 1 2 0 2
haar_y4
1.037548e-002 0 -1
-7.990047e-001 3.448183e-001 
1
2
2 1 3 4 0 -1
2 2 3 2 0 2
haar_y4
4.030162e-003 0 -1
-6.700943e-001 6.375306e-001 
1
2
1 1 3 4 0 -1
1 2 3 2 0 2
haar_y4
-4.012216e-003 0 -1
6.612484e-001 -8.876809e-001 
1
2
2 2 1 3 0 -1
2 3 1 1 0 3
haar_y3
4.586878e-003 0 -1
-5.446848e-001 7.845697e-001 
1
2
2 2 1 3 0 -1
2 3 1 1 0 3
haar_y3
-4.672693e-003 0 -1
5.532627e-001 -8.504626e-001 
1
2
2 2 1 3 0 -1
2 3 1 1 0 3
haar_y3
4.586878e-003 0 -1
-5.140369e-001 8.086919e-001 
1
2
1 2 2 3 0 -1
1 3 2 1 0 3
haar_y3
-2.638532e-003 0 -1
5.281453e-001 -8.198773e-001 
1
2
2 2 2 3 0 -1
2 3 2 1 0 3
haar_y3
2.264409e-002 0 -1
-5.035970e-001 8.380980e-001 
1
2
0 1 5 4 0 -1
0 3 5 2 0 2
haar_y2
-7.859169e-003 0 -1
4.748786e-001 -8.627195e-001 
1
2
0 1 5 4 0 -1
0 3 5 2 0 2
haar_y2
1.431918e-002 0 -1
-5.775661e-001 9.767546e-001 
1
2
0 1 5 4 0 -1
0 3 5 2 0 2
haar_y2
-7.859169e-003 0 -1
5.637468e-001 -8.858804e-001 
1
2
0 1 5 4 0 -1
0 3 5 2 0 2
haar_y2
1.431918e-002 0 -1
-5.818965e-001 9.722376e-001 
1
2
0 1 5 4 0 -1
0 3 5 2 0 2
haar_y2
-7.859169e-003 0 -1
5.791279e-001 -9.006009e-001 
1
2
4 0 1 3 0 -1
3 1 1 1 0 3
tilted_haar_x3
7.898756e-003 0 -1
-7.262343e-001 1.313942e-001 
1
2
1 0 3 3 0 -1
2 0 1 3 0 3
haar_x3
-2.020027e-002 0 -1
8.608862e-001 -6.389511e-001 
1
2
1 0 3 3 0 -1
2 0 1 3 0 3
haar_x3
2.082292e-002 0 -1
-6.316381e-001 5.808496e-001 
1
2
0 3 1 2 0 -1
0 4 1 1 0 2
haar_y2
4.635166e-003 0 -1
-6.646270e-001 5.825350e-001 
1
2
4 3 1 2 0 -1
4 4 1 1 0 2
haar_y2
-1.085326e-002 0 -1
4.522049e-001 -6.683795e-001 
1
2
0 3 5 2 0 -1
0 4 5 1 0 2
haar_y2
1.153616e-002 0 -1
-6.036507e-001 6.677349e-001 
1
2
4 3 1 2 0 -1
4 4 1 1 0 2
haar_y2
5.829030e-003 0 -1
-6.533656e-001 5.686176e-001 
1
2
0 3 5 2 0 -1
0 4 5 1 0 2
haar_y2
-3.244428e-003 0 -1
9.183142e-001 -8.593376e-001 
1
2
2 1 2 2 0 -1
2 2 2 1 0 2
haar_y2
-1.756236e-003 0 -1
5.525391e-001 -5.735303e-001 
1
2
1 0 3 3 0 -1
1 1 3 1 0 3
haar_y3
-1.677022e-003 0 -1
8.364363e-001 -4.501649e-001 
1
2
4 3 1 2 0 -1
4 4 1 1 0 2
haar_y2
6.260063e-003 0 -1
-1.364041e-001 4.392335e-001 
1
2
0 3 1 2 0 -1
0 4 1 1 0 2
haar_y2
-1.311389e-002 0 -1
6.356758e-001 -5.897129e-001 
1
2
0 1 5 4 0 -1
0 3 5 2 0 2
haar_y2
1.290169e-002 0 -1
-3.239639e-001 9.613007e-001 
1
2
1 0 2 4 0 -1
1 1 2 2 0 2
haar_y4
2.690974e-003 0 -1
-7.741689e-001 4.817146e-001 
1
2
3 1 1 3 0 -1
3 2 1 1 0 3
haar_y3
3.100272e-003 0 -1
-7.107058e-001 2.782150e-001 
1
2
1 1 1 3 0 -1
1 2 1 1 0 3
haar_y3
-1.629940e-002 0 -1
8.046146e-001 -7.924013e-001 
1
2
3 1 1 3 0 -1
3 2 1 1 0 3
haar_y3
-5.262020e-003 0 -1
6.606380e-001 -4.622845e-001 
1
2
1 1 3 3 0 -1
1 2 3 1 0 3
haar_y3
1.802467e-001 0 -1
-5.452608e-001 6.942204e-001 
1
2
1 0 3 3 0 -1
2 1 1 1 0 9
haar_point
2.072047e-002 0 -1
-7.549031e-001 3.666273e-001 
1
2
1 1 3 4 0 -1
2 1 1 4 0 3
haar_x3
-8.116892e-003 0 -1
6.348671e-001 -7.231659e-001 
1
2
1 0 3 5 0 -1
2 0 1 5 0 3
haar_x3
1.479997e-001 0 -1
-7.187993e-001 6.417612e-001 
1
2
0 2 4 3 0 -1
0 3 4 1 0 3
haar_y3
-1.855752e-002 0 -1
4.325384e-001 -8.040247e-001 
1
2
1 1 3 3 0 -1
2 2 1 1 0 9
haar_point
-9.294387e-003 0 -1
8.567338e-001 -5.616089e-001 
1
2
1 1 3 3 0 -1
2 2 1 1 0 9
haar_point
2.670382e-003 0 -1
-5.576398e-001 4.769589e-001 
1
2
1 0 3 4 0 -1
1 1 3 2 0 2
haar_y4
-8.167279e-002 0 -1
9.027193e-001 -5.102693e-001 
1
2
1 2 3 2 0 -1
1 3 3 1 0 2
haar_y2
-3.676073e-003 0 -1
4.815311e-001 -6.696313e-001 
1
2
2 2 2 3 0 -1
2 3 2 1 0 3
haar_y3
1.586942e-001 0 -1
-1.396296e-001 7.681418e-001 
1
2
1 2 1 3 0 -1
1 3 1 1 0 3
haar_y3
3.077448e-002 0 -1
-4.255308e-001 6.393721e-001 
1
2
3 2 1 3 0 -1
3 3 1 1 0 3
haar_y3
-4.704942e-003 0 -1
4.963844e-001 -7.201758e-001 
1
2
0 2 5 2 0 -1
0 3 5 1 0 2
haar_y2
4.028592e-003 0 -1
-2.928668e-001 8.415538e-001 
1
2
2 0 3 4 0 -1
2 1 3 2 0 2
haar_y4
3.363060e-003 0 -1
-8.459988e-001 3.962483e-001 
1
2
1 0 3 4 0 -1
2 0 1 4 0 3
haar_x3
-3.542982e-003 0 -1
6.789874e-001 -6.694259e-001 
1
2
1 0 3 4 0 -1
2 0 1 4 0 3
haar_x3
1.985498e-002 0 -1
-6.787485e-001 5.505257e-001 
1
2
0 1 3 4 0 -1
0 2 3 2 0 2
haar_y4
-4.284141e-003 0 -1
3.569143e-001 -7.363544e-001 
1
2
1 1 3 4 0 -1
1 2 3 2 0 2
haar_y4
1.330779e-002 0 -1
-5.817460e-001 7.001581e-001 
1
3
0 1 4 2 0 -1
0 1 2 1 0 2
2 2 2 1 0 2
haar_x2_y2
-4.833791e-003 0 -1
7.136817e-001 -6.356166e-001 
1
3
1 1 4 2 0 -1
3 1 2 1 0 2
1 2 2 1 0 2
haar_x2_y2
-2.563735e-003 0 -1
6.107559e-001 -4.355805e-001 
1
2
0 1 1 4 0 -1
0 2 1 2 0 2
haar_y4
-5.456352e-003 0 -1
5.528199e-001 -4.722179e-001 
1
2
1 0 4 3 0 -1
1 1 4 1 0 3
haar_y3
-1.679035e-002 0 -1
4.628909e-001 -2.888759e-001 
1
2
0 1 4 3 0 -1
1 1 2 3 0 2
haar_x4
1.797047e-002 0 -1
-3.452634e-001 5.435290e-001 
1
2
1 0 4 3 0 -1
2 0 2 3 0 2
haar_x4
1.194570e-002 0 -1
-4.570576e-001 2.827066e-001 
1
2
1 0 3 2 0 -1
2 0 1 2 0 3
haar_x3
-1.537232e-003 0 -1
8.791653e-001 -4.180698e-001 
1
3
3 3 2 2 0 -1
4 3 1 1 0 2
3 4 1 1 0 2
haar_x2_y2
6.002760e-003 0 -1
-2.163675e-001 3.486125e-001 
1
3
0 3 2 2 0 -1
0 3 1 1 0 2
1 4 1 1 0 2
haar_x2_y2
1.957457e-002 0 -1
-5.191235e-001 5.127625e-001 
1
2
3 4 2 1 0 -1
3 4 1 1 0 2
haar_x2
-8.492877e-003 0 -1
3.502069e-001 -4.911444e-001 
1
2
1 0 3 4 0 -1
1 2 3 2 0 2
haar_y2
4.448004e-003 0 -1
-2.693174e-001 8.817707e-001 
1
2
2 0 1 4 0 -1
2 2 1 2 0 2
haar_y2
-9.734361e-003 0 -1
3.746817e-001 -8.380258e-001 
1
2
2 0 1 4 0 -1
2 2 1 2 0 2
haar_y2
3.143597e-003 0 -1
-3.253211e-001 9.187523e-001 
1
2
2 0 2 4 0 -1
2 2 2 2 0 2
haar_y2
-2.621648e-003 0 -1
3.334981e-001 -7.856898e-001 
1
2
0 0 3 1 0 -1
1 0 1 1 0 3
haar_x3
-2.341660e-002 0 -1
3.360798e-001 -5.186611e-001 
1
2
2 0 3 2 0 -1
3 0 1 2 0 3
haar_x3
-6.446244e-001 0 -1
7.431782e-001 -1.360160e-001 
1
2
0 0 3 2 0 -1
1 0 1 2 0 3
haar_x3
6.819802e-002 0 -1
-2.262467e-001 7.039543e-001 
1
2
3 3 2 2 0 -1
3 3 1 2 0 2
haar_x2
1.141078e-002 0 -1
-4.283783e-001 5.442071e-001 
1
2
0 4 2 1 0 -1
1 4 1 1 0 2
haar_x2
-4.538150e-003 0 -1
5.419565e-001 -6.943421e-001 
1
2
1 1 4 4 0 -1
1 3 4 2 0 2
haar_y2
-7.653459e-003 0 -1
2.634046e-001 -6.893581e-001 
1
2
0 4 2 1 0 -1
1 4 1 1 0 2
haar_x2
5.185803e-003 0 -1
-3.682767e-001 5.535284e-001 
1
2
3 3 2 2 0 -1
3 3 1 2 0 2
haar_x2
-1.032710e-003 0 -1
3.028361e-001 -4.281638e-001 
1
2
1 1 3 4 0 -1
1 3 3 2 0 2
haar_y2
1.300278e-002 0 -1
-2.408891e-001 8.498259e-001 
1
2
2 1 1 4 0 -1
2 3 1 2 0 2
haar_y2
-3.198452e-002 0 -1
2.669381e-001 -8.088259e-001 
1
2
2 1 1 4 0 -1
2 3 1 2 0 2
haar_y2
3.929584e-003 0 -1
-2.592417e-001 9.685710e-001 
1
2
2 1 1 4 0 -1
2 3 1 2 0 2
haar_y2
-5.904273e-003 0 -1
2.657686e-001 -8.510362e-001 
1
2
1 0 3 1 0 -1
2 1 1 1 0 3
tilted_haar_x3
-1.837412e-001 0 -1
5.396641e-001 -3.660879e-001 
1
2
2 1 3 3 0 -1
3 2 1 1 0 9
haar_point
3.372912e-001 0 -1
-2.103612e-001 4.303578e-001 
1
2
0 0 2 3 0 -1
1 0 1 3 0 2
haar_x2
1.461743e-002 0 -1
-4.047133e-001 4.397505e-001 
1
2
3 1 2 1 0 -1
3 1 1 1 0 2
haar_x2
-8.055182e-003 0 -1
3.268335e-001 -4.373589e-001 
1
2
0 1 2 1 0 -1
1 1 1 1 0 2
haar_x2
-4.476733e-003 0 -1
4.714947e-001 -4.247528e-001 
1
3
3 0 2 2 0 -1
4 0 1 1 0 2
3 1 1 1 0 2
haar_x2_y2
1.927334e-003 0 -1
-3.365696e-001 5.070964e-001 
1
3
0 0 2 2 0 -1
0 0 1 1 0 2
1 1 1 1 0 2
haar_x2_y2
2.612190e-003 0 -1
-4.640628e-001 5.019026e-001 
1
2
4 0 1 4 0 -1
4 1 1 2 0 2
haar_y4
5.389371e-003 0 -1
-5.988580e-001 2.759335e-001 
1
3
0 0 2 2 0 -1
0 0 1 1 0 2
1 1 1 1 0 2
haar_x2_y2
-9.115774e-004 0 -1
4.457544e-001 -6.430630e-001 
1
3
3 0 2 2 0 -1
4 0 1 1 0 2
3 1 1 1 0 2
haar_x2_y2
1.138329e-003 0 -1
-2.638069e-001 3.328703e-001 
1
3
0 0 2 2 0 -1
0 0 1 1 0 2
1 1 1 1 0 2
haar_x2_y2
1.481444e-003 0 -1
-4.721763e-001 6.014068e-001 
1
2
4 0 1 4 0 -1
4 1 1 2 0 2
haar_y4
-5.408822e-003 0 -1
6.011993e-001 -5.171666e-001 
1
2
0 0 5 2 0 -1
0 1 5 1 0 2
haar_y2
7.489012e-003 0 -1
-5.448252e-001 5.333825e-001 
1
2
3 0 1 4 0 -1
3 2 1 2 0 2
haar_y2
-1.252528e-002 0 -1
3.400699e-001 -7.575080e-001 
1
2
0 2 3 3 0 -1
1 3 1 1 0 9
haar_point
-3.603284e-001 0 -1
4.026288e-001 -5.448577e-001 
1
2
1 2 3 3 0 -1
1 3 3 1 0 3
haar_y3
8.562429e-003 0 -1
-3.150653e-001 8.035654e-001 
1
2
1 2 3 3 0 -1
1 3 3 1 0 3
haar_y3
-5.017353e-003 0 -1
3.177716e-001 -7.503818e-001 
1
2
1 2 3 3 0 -1
1 3 3 1 0 3
haar_y3
8.562429e-003 0 -1
-3.244175e-001 7.837999e-001 
1
2
1 2 3 3 0 -1
1 3 3 1 0 3
haar_y3
-2.885501e-003 0 -1
3.244991e-001 -7.624446e-001 
1
2
1 2 3 3 0 -1
1 3 3 1 0 3
haar_y3
6.538705e-003 0 -1
-3.273880e-001 7.760880e-001 
1
2
1 2 3 3 0 -1
1 3 3 1 0 3
haar_y3
-2.885501e-003 0 -1
3.272377e-001 -7.667599e-001 
1
2
1 2 3 3 0 -1
1 3 3 1 0 3
haar_y3
2.455232e-003 0 -1
-3.269227e-001 7.724792e-001 
1
2
1 2 3 3 0 -1
1 3 3 1 0 3
haar_y3
-2.885501e-003 0 -1
3.270351e-001 -7.645431e-001 
1
2
1 2 3 3 0 -1
1 3 3 1 0 3
haar_y3
2.455232e-003 0 -1
-3.230001e-001 7.686526e-001 
1
2
1 2 3 3 0 -1
1 3 3 1 0 3
haar_y3
-2.885501e-003 0 -1
3.234269e-001 -7.523928e-001 
1
2
1 2 3 2 0 -1
1 3 3 1 0 2
haar_y2
2.635160e-002 0 -1
-3.016785e-001 8.707004e-001 
1
2
2 2 1 2 0 -1
2 3 1 1 0 2
haar_y2
-2.413653e-002 0 -1
3.379003e-001 -8.395031e-001 
1
2
2 2 1 2 0 -1
2 3 1 1 0 2
haar_y2
5.890716e-003 0 -1
-3.200094e-001 8.640912e-001 
1
2
0 0 4 4 0 -1
0 1 4 2 0 2
haar_y4
5.306498e-002 0 -1
-8.304589e-001 3.463272e-001 
1
2
2 0 3 2 0 -1
2 1 3 1 0 2
haar_y2
1.323267e-002 0 -1
-7.324920e-001 1.710991e-001 
1
2
0 0 5 2 0 -1
0 1 5 1 0 2
haar_y2
-2.052769e-003 0 -1
8.652822e-001 -7.024606e-001 
1
2
0 0 5 2 0 -1
0 1 5 1 0 2
haar_y2
7.489012e-003 0 -1
-6.427577e-001 5.958753e-001 
1
2
2 0 1 2 0 -1
2 1 1 1 0 2
haar_y2
-5.404228e-003 0 -1
7.453410e-001 -6.701496e-001 
1
2
1 1 3 1 0 -1
2 1 1 1 0 3
haar_x3
1.372549e-003 0 -1
-6.012263e-001 5.739502e-001 
1
2
1 0 3 4 0 -1
2 0 1 4 0 3
haar_x3
-3.095871e-003 0 -1
8.076279e-001 -6.325300e-001 
1
2
1 2 3 3 0 -1
2 2 1 3 0 3
haar_x3
6.403468e-003 0 -1
-5.594090e-001 6.872849e-001 
1
2
2 1 1 4 0 -1
2 3 1 2 0 2
haar_y2
-6.322777e-003 0 -1
3.268214e-001 -8.151773e-001 
1
2
1 1 3 3 0 -1
1 2 3 1 0 3
haar_y3
-7.609376e-003 0 -1
7.184406e-001 -4.751389e-001 
1
2
1 1 2 3 0 -1
1 2 2 1 0 3
haar_y3
2.008907e-001 0 -1
-3.570851e-001 5.244631e-001 
1
2
2 1 1 4 0 -1
2 3 1 2 0 2
haar_y2
3.929584e-003 0 -1
-3.774153e-001 9.696120e-001 
1
2
1 1 3 4 0 -1
1 3 3 2 0 2
haar_y2
-7.859169e-003 0 -1
4.190453e-001 -8.677348e-001 
1
2
1 1 3 4 0 -1
1 3 3 2 0 2
haar_y2
4.635794e-003 0 -1
-4.295729e-001 9.278983e-001 
1
2
1 1 3 4 0 -1
1 3 3 2 0 2
haar_y2
-1.757042e-002 0 -1
4.291778e-001 -8.797723e-001 
1
2
3 1 2 2 0 -1
3 1 1 2 0 2
tilted_haar_y2
4.593503e-003 0 -1
-6.100509e-001 1.496389e-001 
1
2
1 1 3 4 0 -1
1 3 3 2 0 2
haar_y2
4.635794e-003 0 -1
-4.777528e-001 9.526115e-001 
1
2
0 1 5 4 0 -1
0 3 5 2 0 2
haar_y2
-7.859169e-003 0 -1
4.415299e-001 -8.814080e-001 
1
2
0 1 5 3 0 -1
0 2 5 1 0 3
haar_y3
-2.320209e-001 0 -1
6.981650e-001 -6.200550e-001 
1
2
1 2 3 2 0 -1
1 3 3 1 0 2
haar_y2
-2.433348e-002 0 -1
4.423544e-001 -7.497760e-001 
1
2
0 1 5 4 0 -1
0 3 5 2 0 2
haar_y2
1.431918e-002 0 -1
-2.842033e-001 9.105918e-001 
1
2
0 1 5 4 0 -1
0 3 5 2 0 2
haar_y2
-6.021912e-003 0 -1
2.845036e-001 -6.705724e-001 
1
2
2 1 2 2 0 -1
2 1 2 1 0 2
tilted_haar_y2
-1.370962e-001 0 -1
7.373584e-001 -3.590095e-001 
1
2
1 2 4 2 0 -1
1 2 2 2 0 2
haar_x2
-4.730690e-001 0 -1
6.905242e-001 -2.291336e-001 
1
2
0 1 4 2 0 -1
1 1 2 2 0 2
haar_x4
2.095339e-003 0 -1
-4.149964e-001 4.670060e-001 
1
2
1 1 4 4 0 -1
2 1 2 4 0 2
haar_x4
1.672737e-001 0 -1
-3.924500e-001 4.276577e-001 
1
2
2 0 2 2 0 -1
2 0 1 2 0 2
tilted_haar_x2
2.193134e-002 0 -1
-5.656477e-001 5.012888e-001 
1
2
2 0 2 4 0 -1
2 1 2 2 0 2
haar_y4
1.283946e-002 0 -1
-7.320936e-001 2.516786e-001 
1
2
1 0 2 1 0 -1
2 0 1 1 0 2
haar_x2
3.369404e-003 0 -1
-7.270045e-001 2.944118e-001 
1
2
2 0 2 1 0 -1
2 0 1 1 0 2
haar_x2
4.143975e-003 0 -1
-6.922089e-001 2.606483e-001 
1
2
1 0 3 1 0 -1
2 0 1 1 0 3
haar_x3
-2.853186e-003 0 -1
8.830079e-001 -6.603206e-001 
1
2
1 0 3 1 0 -1
2 0 1 1 0 3
haar_x3
2.085144e-003 0 -1
-6.796867e-001 6.161013e-001 
1
2
2 1 1 2 0 -1
2 1 1 1 0 2
tilted_haar_y2
5.800276e-003 0 -1
-7.675707e-001 4.646678e-001 
1
2
3 1 2 2 0 -1
3 1 1 2 0 2
haar_x2
-2.336754e-002 0 -1
5.032067e-001 -7.197288e-001 
1
2
0 1 3 2 0 -1
1 1 1 2 0 3
haar_x3
-2.144329e-002 0 -1
6.096913e-001 -8.174247e-001 
1
2
3 2 1 2 0 -1
3 2 1 1 0 2
tilted_haar_x2
-1.217264e-002 0 -1
6.818153e-001 -4.122249e-001 
1
2
1 1 2 3 0 -1
1 2 2 1 0 3
haar_y3
7.486406e-002 0 -1
-5.572858e-001 5.764314e-001 
1
2
2 0 2 3 0 -1
2 1 2 1 0 3
haar_y3
4.778333e-003 0 -1
-6.047847e-001 2.457818e-001 
1
2
1 0 3 3 0 -1
1 1 3 1 0 3
haar_y3
-4.127864e-003 0 -1
7.233527e-001 -5.966815e-001 
1
2
2 0 2 3 0 -1
2 1 2 1 0 3
haar_y3
7.261503e-002 0 -1
-3.667268e-001 5.139217e-001 
1
2
1 0 1 3 0 -1
1 1 1 1 0 3
haar_y3
1.153211e-002 0 -1
-6.906813e-001 5.427845e-001 
1
2
3 1 2 2 0 -1
3 1 2 1 0 2
tilted_haar_x2
3.423129e-003 0 -1
-7.376201e-001 1.882315e-001 
1
2
2 1 2 2 0 -1
2 1 1 2 0 2
tilted_haar_x2
2.457194e-002 0 -1
-8.165874e-001 4.112567e-001 
1
2
1 0 3 3 0 -1
1 1 3 1 0 3
haar_y3
-5.015726e-002 0 -1
8.219204e-001 -7.612970e-001 
1
2
0 0 3 3 0 -1
0 1 3 1 0 3
haar_y3
3.064637e-003 0 -1
-7.219625e-001 6.110824e-001 
1
2
2 0 3 3 0 -1
2 1 3 1 0 3
haar_y3
-6.164077e-003 0 -1
6.651584e-001 -6.626052e-001 
1
2
1 1 2 4 0 -1
1 3 2 2 0 2
haar_y2
-2.863837e-003 0 -1
5.189603e-001 -7.481312e-001 
1
2
2 1 2 4 0 -1
2 3 2 2 0 2
haar_y2
1.969416e-002 0 -1
-2.731246e-001 9.422911e-001 
1
3
1 1 2 4 0 -1
1 1 1 2 0 2
2 3 1 2 0 2
haar_x2_y2
-5.813851e-003 0 -1
5.355345e-001 -8.190679e-001 
1
2
2 0 2 3 0 -1
2 0 1 3 0 2
haar_x2
2.033125e-003 0 -1
-5.097660e-001 2.349580e-001 
1
3
1 1 2 4 0 -1
1 1 1 2 0 2
2 3 1 2 0 2
haar_x2_y2
5.282488e-003 0 -1
-5.555852e-001 7.681831e-001 
1
3
1 1 4 4 0 -1
3 1 2 2 0 2
1 3 2 2 0 2
haar_x2_y2
2.066700e-002 0 -1
-6.509101e-001 5.666544e-001 
1
2
2 1 1 4 0 -1
2 3 1 2 0 2
haar_y2
-8.798687e-002 0 -1
5.775577e-001 -8.579246e-001 
1
2
1 1 3 4 0 -1
1 2 3 2 0 2
haar_y4
-1.594780e-002 0 -1
4.579655e-001 -7.142301e-001 
1
2
0 1 3 4 0 -1
0 2 3 2 0 2
haar_y4
8.871546e-003 0 -1
-4.510129e-001 6.954654e-001 
1
2
1 4 4 1 0 -1
2 4 2 1 0 2
haar_x4
1.808227e-003 0 -1
-4.552013e-001 3.546041e-001 
1
2
0 4 3 1 0 -1
1 4 1 1 0 3
haar_x3
6.516405e-003 0 -1
-5.834600e-001 6.659863e-001 
1
2
4 2 1 2 0 -1
4 2 1 1 0 2
tilted_haar_x2
4.108538e-002 0 -1
-6.445029e-001 5.135870e-001 
1
2
0 3 5 2 0 -1
0 4 5 1 0 2
haar_y2
2.059352e-002 0 -1
-8.497753e-001 6.130268e-001 
1
2
1 3 4 2 0 -1
1 4 4 1 0 2
haar_y2
-2.207124e-003 0 -1
7.134538e-001 -8.306635e-001 
1
2
0 2 4 1 0 -1
2 2 2 1 0 2
haar_x2
-2.142040e-003 0 -1
7.824537e-001 -6.782185e-001 
1
2
2 1 2 3 0 -1
2 1 1 3 0 2
haar_x2
3.776408e-003 0 -1
-4.597972e-001 5.746248e-001 
1
2
0 2 4 1 0 -1
2 2 2 1 0 2
haar_x2
7.657948e-003 0 -1
-7.787363e-001 7.717679e-001 
1
2
0 1 5 4 0 -1
0 2 5 2 0 2
haar_y4
-3.854144e-003 0 -1
5.134004e-001 -8.886335e-001 
1
2
0 4 3 1 0 -1
1 4 1 1 0 3
haar_x3
-2.056772e-002 0 -1
6.577029e-001 -8.475837e-001 
1
2
1 4 4 1 0 -1
2 4 2 1 0 2
haar_x4
-3.388333e-003 0 -1
5.911710e-001 -5.001110e-001 
1
2
1 3 3 2 0 -1
2 3 1 2 0 3
haar_x3
2.948025e-003 0 -1
-6.638215e-001 7.036468e-001 
1
2
2 0 3 3 0 -1
3 1 1 1 0 9
haar_point
5.628290e-003 0 -1
-7.057447e-001 4.247015e-001 
1
2
0 1 1 4 0 -1
0 2 1 2 0 2
haar_y4
1.306546e-002 0 -1
-6.338310e-001 7.799593e-001 
1
2
2 2 1 3 0 -1
2 3 1 1 0 3
haar_y3
-4.672693e-003 0 -1
5.448935e-001 -8.386084e-001 
1
2
1 0 3 4 0 -1
1 1 3 2 0 2
haar_y4
-7.766452e-003 0 -1
8.903204e-001 -5.047092e-001 
1
2
4 1 1 4 0 -1
4 3 1 2 0 2
haar_y2
-2.918144e-003 0 -1
4.860509e-001 -6.467429e-001 
1
2
1 1 1 2 0 -1
1 2 1 1 0 2
haar_y2
2.193687e-002 0 -1
-4.470044e-001 7.224929e-001 
1
2
3 0 2 4 0 -1
3 2 2 2 0 2
haar_y2
-7.912269e-003 0 -1
2.816207e-001 -7.516700e-001 
1
2
1 0 3 3 0 -1
2 1 1 1 0 9
haar_point
6.004576e-002 0 -1
-7.587410e-001 4.211677e-001 
1
2
4 0 1 4 0 -1
4 1 1 2 0 2
haar_y4
-1.941690e-002 0 -1
6.777636e-001 -6.378118e-001 
1
2
0 0 5 4 0 -1
0 1 5 2 0 2
haar_y4
5.302373e-003 0 -1
-7.393817e-001 5.234835e-001 
1
2
1 0 4 3 0 -1
2 0 2 3 0 2
haar_x4
-5.012547e-003 0 -1
5.100920e-001 -6.243013e-001 
1
2
0 0 4 3 0 -1
1 0 2 3 0 2
haar_x4
-3.354874e-003 0 -1
7.994732e-001 -7.443383e-001 
1
2
1 0 4 3 0 -1
2 0 2 3 0 2
haar_x4
1.021899e-002 0 -1
-6.869392e-001 6.892440e-001 
1
2
0 0 4 3 0 -1
1 0 2 3 0 2
haar_x4
6.087962e-002 0 -1
-6.229099e-001 6.933948e-001 
1
2
2 0 3 2 0 -1
2 1 3 1 0 2
haar_y2
-2.258447e-003 0 -1
6.229479e-001 -5.765921e-001 
1
2
0 0 5 2 0 -1
0 1 5 1 0 2
haar_y2
4.678826e-003 0 -1
-5.558134e-001 5.590253e-001 
1
2
2 0 3 2 0 -1
2 1 3 1 0 2
haar_y2
-4.271078e-003 0 -1
4.092956e-001 -4.990859e-001 
1
2
0 0 3 2 0 -1
0 1 3 1 0 2
haar_y2
-8.208930e-003 0 -1
8.023920e-001 -4.242516e-001 
1
2
0 0 5 2 0 -1
0 1 5 1 0 2
haar_y2
4.682654e-002 0 -1
-4.825554e-001 6.170367e-001 
1
2
2 0 2 2 0 -1
2 0 1 2 0 2
tilted_haar_x2
5.437327e-002 0 -1
-6.019968e-001 4.776091e-001 
1
2
3 0 2 2 0 -1
3 0 2 1 0 2
tilted_haar_x2
2.120091e-003 0 -1
-6.998333e-001 2.196055e-001 
1
2
1 0 2 4 0 -1
1 1 2 2 0 2
haar_y4
2.690974e-003 0 -1
-8.531457e-001 3.943551e-001 
1
2
1 0 4 2 0 -1
1 0 2 2 0 2
haar_x2
7.394593e-003 0 -1
-7.954309e-001 2.535262e-001 
1
2
2 1 2 1 0 -1
2 1 1 1 0 2
tilted_haar_x2
-9.342954e-003 0 -1
7.673037e-001 -5.971636e-001 
1
2
3 1 1 2 0 -1
3 1 1 1 0 2
tilted_haar_x2
-1.312168e-002 0 -1
9.391025e-001 -1.596727e-001 
1
2
2 1 1 2 0 -1
2 1 1 1 0 2
tilted_haar_y2
5.800276e-003 0 -1
-4.176314e-001 5.770761e-001 
1
2
4 0 1 4 0 -1
3 1 1 2 0 2
tilted_haar_x4
-6.419303e-003 0 -1
5.790473e-001 -5.825028e-001 
1
2
1 0 3 4 0 -1
1 2 3 2 0 2
haar_y2
4.448004e-003 0 -1
-3.124244e-001 9.350496e-001 
1
2
2 0 1 4 0 -1
2 2 1 2 0 2
haar_y2
-4.363835e-003 0 -1
4.284967e-001 -8.365709e-001 
1
2
0 1 1 3 0 -1
0 2 1 1 0 3
haar_y3
2.164803e-002 0 -1
-5.047238e-001 5.229201e-001 
1
2
4 1 1 2 0 -1
4 2 1 1 0 2
haar_y2
-3.930431e-003 0 -1
3.031996e-001 -6.193795e-001 
1
2
1 2 1 2 0 -1
1 3 1 1 0 2
haar_y2
1.517823e-002 0 -1
-4.961658e-001 8.137453e-001 
1
2
2 0 3 4 0 -1
2 1 3 2 0 2
haar_y4
4.065646e-002 0 -1
-8.773278e-001 4.541965e-001 
1
2
1 0 3 2 0 -1
2 0 1 2 0 3
haar_x3
2.173910e-002 0 -1
-9.110657e-001 2.375994e-001 
1
2
3 3 2 1 0 -1
3 3 1 1 0 2
haar_x2
-6.996640e-003 0 -1
3.937282e-001 -9.261323e-001 
1
2
0 1 4 1 0 -1
2 1 2 1 0 2
haar_x2
-2.496262e-002 0 -1
5.844681e-001 -6.989705e-001 
1
2
3 0 2 2 0 -1
3 0 1 2 0 2
tilted_haar_y2
-8.394179e-003 0 -1
7.363709e-001 -3.397242e-001 
1
2
0 1 3 3 0 -1
1 2 1 1 0 9
haar_point
3.539066e-002 0 -1
-4.019081e-001 6.506504e-001 
1
2
2 1 3 2 0 -1
2 2 3 1 0 2
haar_y2
-1.700339e-002 0 -1
2.708276e-001 -6.006988e-001 
1
2
0 2 3 2 0 -1
1 2 1 2 0 3
haar_x3
-7.057749e-003 0 -1
4.251965e-001 -7.193522e-001 
1
2
2 0 3 5 0 -1
3 0 1 5 0 3
haar_x3
5.464935e-001 0 -1
-1.899460e-001 8.532103e-001 
1
2
0 0 3 5 0 -1
1 0 1 5 0 3
haar_x3
4.554875e-003 0 -1
-3.420530e-001 8.621527e-001 
1
2
2 1 2 4 0 -1
2 1 1 4 0 2
haar_x2
2.241468e-002 0 -1
-6.249079e-001 3.925791e-001 
1
2
1 1 2 4 0 -1
2 1 1 4 0 2
haar_x2
2.363175e-003 0 -1
-7.622265e-001 4.672751e-001 
1
2
1 2 3 3 0 -1
2 2 1 3 0 3
haar_x3
-1.668373e-003 0 -1
7.635343e-001 -7.938488e-001 
1
2
1 2 3 3 0 -1
2 2 1 3 0 3
haar_x3
2.646503e-003 0 -1
-6.419094e-001 6.315115e-001 
1
2
2 0 2 4 0 -1
2 2 2 2 0 2
haar_y2
-4.897612e-002 0 -1
3.106527e-001 -7.696210e-001 
1
2
1 1 3 2 0 -1
1 2 3 1 0 2
haar_y2
4.285474e-003 0 -1
-5.179324e-001 7.699081e-001 
1
2
3 0 1 4 0 -1
3 2 1 2 0 2
haar_y2
-1.252528e-002 0 -1
3.357690e-001 -7.795408e-001 
1
2
0 0 3 3 0 -1
0 1 3 1 0 3
haar_y3
2.420747e-003 0 -1
-6.474439e-001 4.654853e-001 
1
2
0 0 5 3 0 -1
0 1 5 1 0 3
haar_y3
-6.384667e-003 0 -1
7.313617e-001 -6.395639e-001 
1
2
1 0 3 3 0 -1
1 1 3 1 0 3
haar_y3
2.417349e-003 0 -1
-6.474782e-001 5.400035e-001 
1
2
1 1 3 3 0 -1
2 1 1 3 0 3
haar_x3
-4.427467e-003 0 -1
7.986552e-001 -5.859619e-001 
1
2
1 1 3 3 0 -1
2 1 1 3 0 3
haar_x3
3.875841e-003 0 -1
-6.287415e-001 5.405375e-001 
1
2
2 1 1 3 0 -1
2 2 1 1 0 3
haar_y3
2.181030e-002 0 -1
-7.424136e-001 2.855245e-001 
1
2
1 0 4 1 0 -1
2 1 2 1 0 2
tilted_haar_x4
-8.746180e-002 0 -1
6.593433e-001 -6.689966e-001 
1
2
2 3 1 2 0 -1
2 4 1 1 0 2
haar_y2
-7.687469e-003 0 -1
7.771286e-001 -5.198422e-001 
1
2
2 3 1 2 0 -1
2 4 1 1 0 2
haar_y2
5.843438e-003 0 -1
-4.473482e-001 6.700833e-001 
1
2
3 0 2 2 0 -1
3 0 1 2 0 2
haar_x2
-6.518450e-003 0 -1
2.864755e-001 -5.464153e-001 
1
2
1 0 4 1 0 -1
2 1 2 1 0 2
tilted_haar_x4
6.907889e-002 0 -1
-6.699656e-001 6.839114e-001 
1
2
4 0 1 4 0 -1
3 1 1 2 0 2
tilted_haar_x4
-1.804196e-001 0 -1
8.094585e-001 -6.843824e-001 
1
2
0 1 4 4 0 -1
0 3 4 2 0 2
haar_y2
-1.205296e-002 0 -1
6.640462e-001 -7.773494e-001 
1
2
0 0 5 4 0 -1
0 2 5 2 0 2
haar_y2
5.900347e-003 0 -1
-4.592936e-001 7.936505e-001 
1
2
0 1 3 4 0 -1
0 2 3 2 0 2
haar_y4
-2.471999e-003 0 -1
6.206675e-001 -5.455865e-001 
1
2
0 2 5 2 0 -1
0 3 5 1 0 2
haar_y2
2.076878e-002 0 -1
-3.210298e-001 8.945854e-001 
1
2
2 0 2 2 0 -1
2 0 2 1 0 2
tilted_haar_y2
1.246347e-002 0 -1
-7.236751e-001 4.489048e-001 
1
2
3 2 1 2 0 -1
3 2 1 1 0 2
tilted_haar_x2
1.552511e-002 0 -1
-6.583076e-001 2.176773e-001 
1
2
2 1 2 2 0 -1
2 1 2 1 0 2
tilted_haar_y2
-6.130765e-002 0 -1
8.044205e-001 -6.582667e-001 
1
2
4 1 1 3 0 -1
3 2 1 1 0 3
tilted_haar_x3
2.896935e-002 0 -1
-5.262805e-001 6.133938e-001 
1
2
1 2 3 3 0 -1
2 2 1 3 0 3
haar_x3
-1.668373e-003 0 -1
8.881446e-001 -7.175828e-001 
1
2
0 0 5 2 0 -1
0 1 5 1 0 2
haar_y2
1.995889e-002 0 -1
-6.833249e-001 6.579826e-001 
1
2
0 0 5 2 0 -1
0 1 5 1 0 2
haar_y2
-2.052769e-003 0 -1
7.992200e-001 -7.024765e-001 
1
2
0 0 5 2 0 -1
0 1 5 1 0 2
haar_y2
4.644887e-003 0 -1
-7.055556e-001 6.844351e-001 
1
2
0 1 1 4 0 -1
0 3 1 2 0 2
haar_y2
-4.797173e-003 0 -1
4.445121e-001 -7.843675e-001 
1
2
4 1 1 4 0 -1
4 3 1 2 0 2
haar_y2
-2.918144e-003 0 -1
2.957033e-001 -6.821520e-001 
1
2
0 1 1 4 0 -1
0 3 1 2 0 2
haar_y2
1.672288e-003 0 -1
-5.948095e-001 7.796453e-001 
1
2
2 0 3 4 0 -1
2 2 3 2 0 2
haar_y2
2.735551e-003 0 -1
-4.918363e-001 8.457649e-001 
1
2
0 0 5 4 0 -1
0 2 5 2 0 2
haar_y2
-2.115986e-003 0 -1
6.611603e-001 -8.390107e-001 
1
3
1 0 4 4 0 -1
3 0 2 2 0 2
1 2 2 2 0 2
haar_x2_y2
-6.953691e-003 0 -1
4.008013e-001 -7.001371e-001 
1
3
0 0 4 4 0 -1
0 0 2 2 0 2
2 2 2 2 0 2
haar_x2_y2
-2.996743e-002 0 -1
5.456914e-001 -6.467375e-001 
1
2
3 1 2 4 0 -1
3 1 1 4 0 2
haar_x2
7.027631e-003 0 -1
-2.878436e-001 6.275276e-001 
1
2
0 1 2 4 0 -1
1 1 1 4 0 2
haar_x2
8.807077e-003 0 -1
-4.236580e-001 7.724236e-001 
1
2
3 1 2 1 0 -1
3 1 1 1 0 2
haar_x2
-2.716876e-002 0 -1
5.035149e-001 -5.908015e-001 
1
2
0 1 3 3 0 -1
1 1 1 3 0 3
haar_x3
-5.792067e-003 0 -1
4.170351e-001 -7.551174e-001 
1
2
4 1 1 3 0 -1
3 2 1 1 0 3
tilted_haar_x3
9.270235e-003 0 -1
-4.295825e-001 3.022016e-001 
1
2
0 2 3 3 0 -1
1 2 1 3 0 3
haar_x3
4.165241e-002 0 -1
-4.614380e-001 7.933305e-001 
1
2
3 3 2 1 0 -1
3 3 1 1 0 2
haar_x2
-1.372549e-003 0 -1
3.750976e-001 -6.253455e-001 
1
2
0 3 2 1 0 -1
1 3 1 1 0 2
haar_x2
-4.436265e-003 0 -1
5.657033e-001 -7.534642e-001 
1
2
4 1 1 4 0 -1
4 3 1 2 0 2
haar_y2
-2.240983e-002 0 -1
1.747033e-001 -6.051810e-001 
1
2
2 1 1 3 0 -1
2 2 1 1 0 3
haar_y3
-1.478992e-002 0 -1
8.481837e-001 -3.981041e-001 
1
2
1 1 4 3 0 -1
1 2 4 1 0 3
haar_y3
6.407870e-002 0 -1
-4.822345e-001 5.291424e-001 
1
2
2 1 1 2 0 -1
2 1 1 1 0 2
tilted_haar_y2
-1.775803e-002 0 -1
6.590955e-001 -3.316041e-001 
1
2
4 1 1 3 0 -1
3 2 1 1 0 3
tilted_haar_x3
-1.776583e-003 0 -1
3.101561e-001 -2.827915e-001 
1
2
1 1 3 1 0 -1
2 2 1 1 0 3
tilted_haar_x3
6.030802e-002 0 -1
-4.929319e-001 6.919880e-001 
1
2
4 1 1 4 0 -1
4 3 1 2 0 2
haar_y2
2.867508e-003 0 -1
-5.511398e-001 9.367358e-001 
1
2
2 0 3 1 0 -1
3 1 1 1 0 3
tilted_haar_x3
9.221694e-003 0 -1
-8.825639e-001 4.842263e-001 
1
2
4 1 1 4 0 -1
4 2 1 2 0 2
haar_y4
-1.154265e-002 0 -1
4.040433e-001 -8.373759e-001 
1
2
1 2 3 1 0 -1
2 2 1 1 0 3
haar_x3
1.723725e-002 0 -1
-9.024483e-001 5.033416e-001 
1
2
1 0 3 4 0 -1
2 0 1 4 0 3
haar_x3
-3.797481e-003 0 -1
9.492915e-001 -9.143672e-001 
1
2
1 0 3 1 0 -1
2 0 1 1 0 3
haar_x3
1.719839e-002 0 -1
-8.738319e-001 7.608137e-001 
1
2
0 1 5 4 0 -1
0 3 5 2 0 2
haar_y2
-9.860431e-002 0 -1
4.340502e-001 -9.484528e-001 
1
2
0 2 3 2 0 -1
0 3 3 1 0 2
haar_y2
4.037737e-002 0 -1
-7.823084e-001 9.167428e-001 
1
2
2 2 3 3 0 -1
2 3 3 1 0 3
haar_y3
-3.693484e-003 0 -1
6.637940e-001 -9.308539e-001 
1
2
1 3 3 2 0 -1
1 4 3 1 0 2
haar_y2
-4.127020e-003 0 -1
7.412736e-001 -8.694820e-001 
1
2
1 3 3 2 0 -1
1 4 3 1 0 2
haar_y2
4.239420e-003 0 -1
-7.024618e-001 7.436528e-001 
1
2
0 2 2 2 0 -1
0 3 2 1 0 2
haar_y2
-4.448004e-003 0 -1
6.648420e-001 -8.563464e-001 
1
2
1 2 4 2 0 -1
1 3 4 1 0 2
haar_y2
4.448004e-003 0 -1
-6.014337e-001 8.931311e-001 
1
2
2 2 1 2 0 -1
2 3 1 1 0 2
haar_y2
-1.219150e-002 0 -1
5.825374e-001 -8.138174e-001 
1
2
2 0 3 4 0 -1
2 1 3 2 0 2
haar_y4
-5.325112e-003 0 -1
9.373477e-001 -4.838103e-001 
1
2
0 0 3 3 0 -1
1 1 1 1 0 9
haar_point
-3.309444e-003 0 -1
7.008072e-001 -7.491007e-001 
1
2
1 1 4 1 0 -1
2 1 2 1 0 2
haar_x4
6.475239e-003 0 -1
-8.281191e-001 6.145086e-001 
1
2
0 0 3 3 0 -1
1 1 1 1 0 9
haar_point
3.177325e-002 0 -1
-6.988961e-001 8.925187e-001 
1
2
1 1 4 1 0 -1
1 1 2 1 0 2
haar_x2
3.746606e-003 0 -1
-4.312614e-001 5.802532e-001 
1
3
1 0 2 4 0 -1
1 0 1 2 0 2
2 2 1 2 0 2
haar_x2_y2
8.561217e-003 0 -1
-4.764536e-001 8.192676e-001 
1
2
1 2 3 1 0 -1
2 2 1 1 0 3
haar_x3
-2.490554e-003 0 -1
8.810244e-001 -3.620436e-001 
1
2
0 0 3 3 0 -1
1 1 1 1 0 9
haar_point
-5.322075e-003 0 -1
6.098817e-001 -4.377674e-001 
1
2
1 0 4 4 0 -1
2 0 2 4 0 2
haar_x4
-7.271293e-002 0 -1
4.481268e-001 -4.851438e-001 
1
2
0 3 4 1 0 -1
2 3 2 1 0 2
haar_x2
5.852611e-003 0 -1
-4.769777e-001 6.709295e-001 
1
2
3 0 2 3 0 -1
3 1 2 1 0 3
haar_y3
4.554875e-003 0 -1
-5.171734e-001 3.502357e-001 
1
2
1 4 3 1 0 -1
2 4 1 1 0 3
haar_x3
1.902944e-003 0 -1
-5.562665e-001 4.757759e-001 
1
2
2 4 2 1 0 -1
2 4 1 1 0 2
haar_x2
-8.264370e-003 0 -1
3.578961e-001 -3.981891e-001 
1
2
0 1 1 2 0 -1
0 2 1 1 0 2
haar_y2
-1.533454e-003 0 -1
5.526088e-001 -5.538161e-001 
1
2
0 0 5 4 0 -1
0 2 5 2 0 2
haar_y2
4.310618e-002 0 -1
-3.575810e-001 9.237544e-001 
1
2
1 4 2 1 0 -1
2 4 1 1 0 2
haar_x2
-1.389793e-002 0 -1
6.144598e-001 -3.952390e-001 
1
3
3 0 2 4 0 -1
4 0 1 2 0 2
3 2 1 2 0 2
haar_x2_y2
-9.554854e-003 0 -1
3.997073e-001 -3.081341e-001 
1
2
0 1 5 4 0 -1
0 3 5 2 0 2
haar_y2
3.031419e-002 0 -1
-3.112696e-001 8.758245e-001 
1
2
1 3 4 2 0 -1
1 4 4 1 0 2
haar_y2
-6.492428e-002 0 -1
5.639055e-001 -3.346285e-001 
1
3
0 0 2 4 0 -1
0 0 1 2 0 2
1 2 1 2 0 2
haar_x2_y2
-1.756236e-003 0 -1
5.116877e-001 -4.649890e-001 
1
2
4 1 1 2 0 -1
4 2 1 1 0 2
haar_y2
-2.522115e-002 0 -1
2.679687e-001 -4.820845e-001 
1
2
0 1 5 3 0 -1
0 2 5 1 0 3
haar_y3
2.159930e-002 0 -1
-5.727994e-001 4.018048e-001 
1
2
3 1 2 3 0 -1
3 2 2 1 0 3
haar_y3
-3.564207e-002 0 -1
2.295655e-001 -2.527718e-001 
1
2
0 1 2 3 0 -1
0 2 2 1 0 3
haar_y3
-7.083164e-002 0 -1
6.335965e-001 -3.724783e-001 
1
2
2 2 2 2 0 -1
2 3 2 1 0 2
haar_y2
-9.735228e-003 0 -1
2.531329e-001 -6.274649e-001 
1
2
1 4 2 1 0 -1
2 4 1 1 0 2
haar_x2
4.379296e-002 0 -1
-3.353705e-001 6.455382e-001 
1
2
1 1 3 2 0 -1
2 1 1 2 0 3
haar_x3
-4.609706e-003 0 -1
7.217042e-001 -1.780330e-001 
1
2
2 0 1 2 0 -1
2 1 1 1 0 2
haar_y2
4.109767e-003 0 -1
-3.600211e-001 4.567019e-001 
1
2
1 0 4 4 0 -1
2 0 2 4 0 2
haar_x4
-2.310910e-001 0 -1
4.392287e-001 -2.078804e-001 
1
2
0 0 4 4 0 -1
1 0 2 4 0 2
haar_x4
3.592437e-002 0 -1
-3.743560e-001 4.577273e-001 
1
2
1 0 4 3 0 -1
1 1 4 1 0 3
haar_y3
-1.602236e-002 0 -1
4.178247e-001 -3.218868e-001 
1
3
1 1 2 4 0 -1
1 1 1 2 0 2
2 3 1 2 0 2
haar_x2_y2
-3.974562e-002 0 -1
3.642574e-001 -5.799034e-001 
1
2
3 0 1 4 0 -1
3 2 1 2 0 2
haar_y2
1.486213e-002 0 -1
-3.762098e-001 5.792235e-001 
1
2
1 0 1 4 0 -1
1 2 1 2 0 2
haar_y2
-2.970408e-003 0 -1
4.197242e-001 -6.637370e-001 
1
2
2 2 1 2 0 -1
2 3 1 1 0 2
haar_y2
2.854882e-002 0 -1
-2.030922e-001 8.573223e-001 
1
2
0 2 2 1 0 -1
1 2 1 1 0 2
haar_x2
3.506323e-003 0 -1
-5.323853e-001 5.874290e-001 
1
2
3 2 2 1 0 -1
3 2 1 1 0 2
haar_x2
1.828845e-002 0 -1
-5.722576e-001 3.396406e-001 
1
2
2 1 2 2 0 -1
2 1 1 2 0 2
tilted_haar_x2
2.901525e-002 0 -1
-7.723330e-001 4.718728e-001 
1
2
2 0 3 2 0 -1
3 0 1 2 0 3
haar_x3
-8.398367e-002 0 -1
3.991731e-001 -5.835053e-001 
1
2
0 0 3 2 0 -1
1 0 1 2 0 3
haar_x3
-6.262731e-003 0 -1
3.949112e-001 -7.301080e-001 
-6.534360e+000

0
-1
