313
1
2
0 2 3 3 0 -1
1 3 1 1 0 9
haar_point
-5.896518e-001 0 -1
1.325615e-001 -2.314889e-001 
1
2
1 0 3 2 0 -1
2 0 1 2 0 3
haar_x3
1.447570e-001 0 -1
-3.276275e-001 9.226127e-002 
1
2
0 0 5 4 0 -1
0 2 5 2 0 2
haar_y2
-6.608425e-001 0 -1
1.297056e-001 -1.627216e-001 
1
2
1 1 3 3 0 -1
1 2 3 1 0 3
haar_y3
3.759868e-001 0 -1
-1.562854e-001 1.660302e-001 
1
2
0 0 2 3 0 -1
0 1 2 1 0 3
haar_y3
3.284674e-003 0 -1
-2.556837e-001 6.104158e-002 
1
3
3 3 2 2 0 -1
4 3 1 1 0 2
3 4 1 1 0 2
haar_x2_y2
5.451505e-002 0 -1
-1.709157e-001 1.526681e-001 
1
3
1 1 2 4 0 -1
1 1 1 2 0 2
2 3 1 2 0 2
haar_x2_y2
-3.161730e-003 0 -1
6.546200e-002 -2.260060e-001 
1
2
2 0 1 2 0 -1
2 1 1 1 0 2
haar_y2
7.708363e-002 0 -1
3.064396e-002 -3.532999e-001 
1
2
2 0 1 2 0 -1
2 1 1 1 0 2
haar_y2
-2.279739e-002 0 -1
-2.041649e-001 5.200929e-002 
1
2
3 3 2 2 0 -1
3 4 2 1 0 2
haar_y2
-1.835441e-001 0 -1
1.396522e-001 -2.051586e-002 
1
2
2 0 2 1 0 -1
2 0 1 1 0 2
tilted_haar_x2
2.696441e-001 0 -1
-1.419505e-002 6.056978e-001 
1
2
3 1 1 2 0 -1
3 2 1 1 0 2
haar_y2
-3.521829e-003 0 -1
4.504253e-002 -7.877459e-002 
1
2
1 1 1 2 0 -1
1 2 1 1 0 2
haar_y2
-3.968573e-002 0 -1
-1.329378e-001 1.038950e-001 
1
2
2 0 3 1 0 -1
3 0 1 1 0 3
haar_x3
-3.526318e-003 0 -1
7.069535e-002 -1.667585e-001 
1
2
0 0 3 1 0 -1
1 0 1 1 0 3
haar_x3
-6.819454e-002 0 -1
8.333262e-002 -9.535933e-002 
1
2
3 0 2 1 0 -1
3 0 1 1 0 2
haar_x2
-8.473253e-002 0 -1
-1.594404e-001 3.391062e-002 
1
2
1 1 2 3 0 -1
2 1 1 3 0 2
haar_x2
5.965595e-001 0 -1
1.065719e-002 -7.517894e-001 
1
3
3 3 2 2 0 -1
4 3 1 1 0 2
3 4 1 1 0 2
haar_x2_y2
2.168282e-001 0 -1
1.844632e-002 -3.300314e-001 
1
3
0 3 2 2 0 -1
0 3 1 1 0 2
1 4 1 1 0 2
haar_x2_y2
5.533232e-003 0 -1
-1.281586e-001 5.521711e-002 
1
2
2 2 3 3 0 -1
3 3 1 1 0 9
haar_point
-1.932403e+000 0 -1
3.340149e-001 -9.957153e-003 
1
2
1 3 1 2 0 -1
1 4 1 1 0 2
haar_y2
-4.970917e-002 0 -1
1.895549e-001 -4.558954e-002 
1
3
2 1 2 2 0 -1
3 1 1 1 0 2
2 2 1 1 0 2
haar_x2_y2
3.546726e-002 0 -1
3.108573e-002 -1.148188e-001 
1
3
1 1 2 2 0 -1
1 1 1 1 0 2
2 2 1 1 0 2
haar_x2_y2
-2.914068e-002 0 -1
-1.187549e-001 6.990332e-002 
1
2
0 1 5 4 0 -1
0 2 5 2 0 2
haar_y4
-7.956722e-001 0 -1
1.391072e-001 -4.936444e-002 
1
2
0 1 3 3 0 -1
1 2 1 1 0 9
haar_point
1.169730e+000 0 -1
-1.757183e-002 3.578050e-001 
1
2
2 4 3 1 0 -1
3 4 1 1 0 3
haar_x3
1.667704e-001 0 -1
1.396382e-002 -4.317336e-001 
1
2
0 4 3 1 0 -1
1 4 1 1 0 3
haar_x3
1.244844e-001 0 -1
1.987788e-002 -2.641716e-001 
1
2
3 3 2 2 0 -1
3 3 1 2 0 2
haar_x2
-2.137830e-003 0 -1
4.192462e-002 -1.185622e-001 
1
2
0 3 2 2 0 -1
1 3 1 2 0 2
haar_x2
-1.807724e-001 0 -1
-1.409527e-001 4.079607e-002 
1
2
4 2 1 2 0 -1
4 3 1 1 0 2
haar_y2
-2.107941e-001 0 -1
-3.520032e-001 1.172011e-002 
1
3
1 1 2 4 0 -1
1 1 1 2 0 2
2 3 1 2 0 2
haar_x2_y2
-1.723672e-001 0 -1
8.882464e-002 -6.234725e-002 
1
3
3 2 2 2 0 -1
4 2 1 1 0 2
3 3 1 1 0 2
haar_x2_y2
6.305291e-002 0 -1
-1.825236e-002 1.714661e-001 
1
3
0 2 2 2 0 -1
0 2 1 1 0 2
1 3 1 1 0 2
haar_x2_y2
-5.611573e-002 0 -1
7.339634e-002 -1.032264e-001 
1
3
3 0 2 2 0 -1
4 0 1 1 0 2
3 1 1 1 0 2
haar_x2_y2
-8.340898e-002 0 -1
1.517681e-001 -3.774658e-002 
1
2
1 0 2 4 0 -1
1 1 2 2 0 2
haar_y4
6.066561e-001 0 -1
1.771757e-002 -3.221678e-001 
1
2
1 0 3 2 0 -1
1 1 3 1 0 2
haar_y2
-8.671083e-002 0 -1
-2.556813e-001 2.355514e-002 
1
2
0 0 5 2 0 -1
0 1 5 1 0 2
haar_y2
-4.263228e-001 0 -1
4.946899e-001 -1.275263e-002 
1
2
4 2 1 2 0 -1
4 3 1 1 0 2
haar_y2
-4.867571e-003 0 -1
3.506181e-002 -7.600506e-002 
1
2
1 1 2 1 0 -1
2 1 1 1 0 2
haar_x2
-1.714986e-001 0 -1
-7.914848e-001 5.510047e-003 
1
2
1 1 4 4 0 -1
1 1 2 4 0 2
haar_x2
1.337584e+000 0 -1
-1.904383e-002 3.046202e-001 
1
2
1 1 3 4 0 -1
2 1 1 4 0 3
haar_x3
-3.591462e-001 0 -1
3.179958e-001 -1.904898e-002 
1
3
1 1 4 4 0 -1
3 1 2 2 0 2
1 3 2 2 0 2
haar_x2_y2
2.660796e-002 0 -1
3.339167e-002 -1.399997e-001 
1
2
1 3 3 2 0 -1
2 3 1 2 0 3
haar_x3
-2.056868e-001 0 -1
-2.018881e-001 2.761888e-002 
1
2
1 2 4 3 0 -1
2 2 2 3 0 2
haar_x4
3.691483e-001 0 -1
-1.379051e-002 1.218218e-001 
1
2
0 2 4 3 0 -1
1 2 2 3 0 2
haar_x4
2.972277e-002 0 -1
6.466080e-002 -9.635375e-002 
1
2
3 0 2 2 0 -1
3 0 1 2 0 2
tilted_haar_y2
7.744185e-001 0 -1
3.135957e-003 -8.950006e-001 
1
2
2 0 2 2 0 -1
2 0 2 1 0 2
tilted_haar_y2
5.925859e-001 0 -1
1.446311e-002 -2.936721e-001 
1
2
1 4 3 1 0 -1
2 4 1 1 0 3
haar_x3
3.523881e-003 0 -1
-6.887569e-002 5.930456e-002 
1
2
0 0 3 2 0 -1
1 0 1 2 0 3
haar_x3
1.589525e-001 0 -1
-2.034495e-002 2.011314e-001 
1
2
2 0 3 1 0 -1
3 0 1 1 0 3
haar_x3
-8.967638e-002 0 -1
7.420124e-002 -6.161392e-002 
1
2
0 0 3 1 0 -1
1 0 1 1 0 3
haar_x3
-3.522541e-003 0 -1
4.192359e-002 -1.064221e-001 
1
3
3 0 2 2 0 -1
4 0 1 1 0 2
3 1 1 1 0 2
haar_x2_y2
-3.843471e-002 0 -1
6.453799e-002 -3.388659e-002 
1
2
0 4 3 1 0 -1
1 4 1 1 0 3
haar_x3
-5.399948e-002 0 -1
-9.650650e-002 4.741330e-002 
1
2
1 4 4 1 0 -1
2 4 2 1 0 2
haar_x4
3.264213e-003 0 -1
-3.863007e-002 5.131080e-002 
1
2
0 4 4 1 0 -1
1 4 2 1 0 2
haar_x4
-3.835827e-003 0 -1
8.161748e-002 -8.878929e-002 
1
3
3 0 2 2 0 -1
4 0 1 1 0 2
3 1 1 1 0 2
haar_x2_y2
2.215845e-003 0 -1
-3.531017e-002 3.791662e-002 
1
3
0 0 2 2 0 -1
0 0 1 1 0 2
1 1 1 1 0 2
haar_x2_y2
8.171566e-002 0 -1
2.533387e-002 -1.785491e-001 
1
2
4 0 1 2 0 -1
4 1 1 1 0 2
haar_y2
-8.015777e-002 0 -1
-1.566721e-001 1.441601e-002 
1
2
0 0 1 2 0 -1
0 1 1 1 0 2
haar_y2
-3.223451e-003 0 -1
1.094491e-001 -5.355824e-002 
1
3
3 0 2 2 0 -1
4 0 1 1 0 2
3 1 1 1 0 2
haar_x2_y2
2.358808e-001 0 -1
-8.170915e-003 2.733530e-001 
1
3
0 0 2 2 0 -1
0 0 1 1 0 2
1 1 1 1 0 2
haar_x2_y2
-6.629136e-002 0 -1
1.198462e-001 -4.374780e-002 
1
2
2 0 3 4 0 -1
2 1 3 2 0 2
haar_y4
3.234514e-001 0 -1
-7.832050e-002 3.121765e-002 
1
3
0 0 4 4 0 -1
0 0 2 2 0 2
2 2 2 2 0 2
haar_x2_y2
2.181947e-001 0 -1
2.299575e-002 -2.023166e-001 
1
2
1 0 4 5 0 -1
1 0 2 5 0 2
haar_x2
1.035294e-001 0 -1
-3.771297e-002 3.374357e-002 
1
2
0 0 4 1 0 -1
1 0 2 1 0 2
haar_x4
-3.409614e-001 0 -1
3.837228e-001 -1.537682e-002 
1
2
3 3 2 1 0 -1
3 3 1 1 0 2
haar_x2
-2.694875e-003 0 -1
3.621524e-002 -1.148355e-001 
1
2
0 3 2 1 0 -1
1 3 1 1 0 2
haar_x2
-1.703540e-001 0 -1
-1.887980e-001 3.114758e-002 
1
2
3 1 2 2 0 -1
3 1 1 2 0 2
tilted_haar_y2
7.503842e-001 0 -1
1.379159e-002 -2.649490e-001 
1
2
2 1 2 2 0 -1
2 1 2 1 0 2
tilted_haar_y2
6.747639e-001 0 -1
-2.195311e-002 2.939081e-001 
1
2
1 1 4 4 0 -1
1 1 2 4 0 2
haar_x2
8.560560e-001 0 -1
-1.533853e-002 1.164054e-001 
1
2
1 2 3 2 0 -1
1 3 3 1 0 2
haar_y2
5.041859e-001 0 -1
-6.734789e-003 7.016717e-001 
1
3
2 1 2 2 0 -1
3 1 1 1 0 2
2 2 1 1 0 2
haar_x2_y2
-9.882087e-002 0 -1
-1.490261e-001 1.862209e-002 
1
2
1 1 3 4 0 -1
2 1 1 4 0 3
haar_x3
-1.084413e-001 0 -1
1.358976e-001 -2.797405e-002 
1
2
2 2 3 2 0 -1
3 2 1 2 0 3
haar_x3
-1.549003e-001 0 -1
6.225180e-002 -4.943281e-002 
1
2
2 0 3 2 0 -1
2 0 3 1 0 2
tilted_haar_y2
2.398097e-001 0 -1
-9.214900e-002 4.736568e-002 
1
2
1 1 4 4 0 -1
1 1 2 4 0 2
haar_x2
-5.972511e+000 0 -1
-1.000000e+000 1.379617e-003 
1
2
0 1 4 4 0 -1
2 1 2 4 0 2
haar_x2
-9.204524e-001 0 -1
2.162003e-001 -2.376217e-002 
1
2
4 0 1 4 0 -1
4 0 1 2 0 2
tilted_haar_x2
1.129779e+000 0 -1
4.858693e-003 -4.637395e-001 
1
2
1 0 4 1 0 -1
1 0 2 1 0 2
tilted_haar_x2
7.069370e-001 0 -1
3.214460e-002 -1.777360e-001 
1
2
0 0 5 4 0 -1
0 2 5 2 0 2
haar_y2
-1.235842e+000 0 -1
1.244829e-001 -4.041817e-002 
1
2
0 1 5 3 0 -1
0 2 5 1 0 3
haar_y3
6.676661e-001 0 -1
-5.444829e-002 1.113233e-001 
1
2
1 1 4 3 0 -1
1 2 4 1 0 3
haar_y3
1.095594e+000 0 -1
9.543213e-003 -4.383217e-001 
1
2
0 2 1 2 0 -1
0 3 1 1 0 2
haar_y2
-1.714100e-001 0 -1
-2.425478e-001 1.753547e-002 
1
2
0 0 5 2 0 -1
0 1 5 1 0 2
haar_y2
7.316844e-001 0 -1
-1.536877e-002 3.108012e-001 
1
3
0 0 4 4 0 -1
0 0 2 2 0 2
2 2 2 2 0 2
haar_x2_y2
-3.916079e-001 0 -1
-1.220746e-001 3.133287e-002 
1
2
2 0 2 5 0 -1
2 0 1 5 0 2
haar_x2
4.441763e-001 0 -1
2.271392e-002 -7.823281e-002 
1
2
1 0 3 2 0 -1
2 0 1 2 0 3
haar_x3
3.693399e-001 0 -1
-5.448796e-002 8.661816e-002 
1
2
3 0 2 2 0 -1
3 0 1 2 0 2
tilted_haar_y2
-4.688908e-001 0 -1
-1.000000e+000 2.866213e-003 
1
2
2 0 2 2 0 -1
2 0 2 1 0 2
tilted_haar_y2
3.997956e-001 0 -1
4.278707e-002 -1.008121e-001 
1
2
1 3 4 2 0 -1
1 3 2 2 0 2
haar_x2
1.009960e+000 0 -1
-5.471196e-003 3.564647e-001 
1
2
0 3 4 2 0 -1
2 3 2 2 0 2
haar_x2
6.271465e-001 0 -1
-9.707252e-003 4.014745e-001 
1
2
0 3 5 2 0 -1
0 4 5 1 0 2
haar_y2
1.131067e+000 0 -1
7.927699e-003 -5.478773e-001 
1
2
2 1 1 2 0 -1
2 1 1 1 0 2
tilted_haar_y2
5.667770e-001 0 -1
3.399277e-003 -7.978920e-001 
1
2
2 1 2 4 0 -1
2 2 2 2 0 2
haar_y4
3.807119e-001 0 -1
-1.227501e-002 1.790353e-001 
1
2
0 3 4 2 0 -1
0 4 4 1 0 2
haar_y2
4.303634e-001 0 -1
-3.714910e-002 9.674507e-002 
1
2
4 1 1 4 0 -1
4 2 1 2 0 2
haar_y4
5.334995e-002 0 -1
3.639150e-002 -1.292992e-001 
1
2
1 1 3 4 0 -1
1 3 3 2 0 2
haar_y2
-1.243973e+000 0 -1
1.449690e-001 -3.386228e-002 
1
2
1 4 4 1 0 -1
2 4 2 1 0 2
haar_x4
-6.254476e-002 0 -1
-7.089710e-002 3.381575e-002 
1
2
1 0 3 5 0 -1
2 0 1 5 0 3
haar_x3
-1.006341e+000 0 -1
5.126643e-001 -7.348386e-003 
1
2
1 4 4 1 0 -1
2 4 2 1 0 2
haar_x4
-6.700115e-001 0 -1
2.307482e-001 -4.953298e-003 
1
2
0 1 4 1 0 -1
1 1 2 1 0 2
haar_x4
2.693735e-002 0 -1
-7.898990e-002 5.009035e-002 
1
2
2 2 3 2 0 -1
3 2 1 2 0 3
haar_x3
3.081822e-001 0 -1
-1.061833e-002 1.856404e-001 
1
2
1 3 3 1 0 -1
2 3 1 1 0 3
haar_x3
-4.834719e-001 0 -1
-1.000000e+000 3.675550e-003 
1
3
3 2 2 2 0 -1
4 2 1 1 0 2
3 3 1 1 0 2
haar_x2_y2
-3.524377e-001 0 -1
3.083887e-001 -8.419779e-003 
1
2
1 0 3 4 0 -1
1 1 3 2 0 2
haar_y4
7.407248e-001 0 -1
2.750366e-002 -1.369458e-001 
1
2
2 0 1 4 0 -1
2 1 1 2 0 2
haar_y4
1.729582e-001 0 -1
-1.034438e-001 4.464407e-002 
1
3
0 2 2 2 0 -1
0 2 1 1 0 2
1 3 1 1 0 2
haar_x2_y2
5.262781e-002 0 -1
-2.618055e-002 1.769399e-001 
1
3
3 3 2 2 0 -1
4 3 1 1 0 2
3 4 1 1 0 2
haar_x2_y2
1.217276e-001 0 -1
-2.956597e-002 9.572066e-002 
1
3
0 3 4 2 0 -1
0 3 2 1 0 2
2 4 2 1 0 2
haar_x2_y2
4.188301e-001 0 -1
1.155102e-002 -3.840266e-001 
1
3
3 3 2 2 0 -1
4 3 1 1 0 2
3 4 1 1 0 2
haar_x2_y2
2.944865e-001 0 -1
3.292138e-003 -2.833129e-001 
1
3
0 3 2 2 0 -1
0 3 1 1 0 2
1 4 1 1 0 2
haar_x2_y2
3.838333e-002 0 -1
-7.351407e-002 5.601814e-002 
1
2
3 0 1 2 0 -1
3 1 1 1 0 2
haar_y2
-7.383034e-002 0 -1
-2.992836e-001 1.682184e-002 
1
3
0 1 2 4 0 -1
0 1 1 2 0 2
1 3 1 2 0 2
haar_x2_y2
-6.233646e-001 0 -1
3.889826e-001 -1.224567e-002 
1
2
2 2 2 3 0 -1
2 3 2 1 0 3
haar_y3
-8.700998e-001 0 -1
-1.909506e-001 9.415065e-003 
1
2
2 0 1 2 0 -1
2 1 1 1 0 2
haar_y2
2.121255e-002 0 -1
5.497947e-002 -7.286405e-002 
1
2
3 0 1 2 0 -1
3 1 1 1 0 2
haar_y2
2.847610e-001 0 -1
3.701135e-003 -5.575296e-001 
1
2
1 0 1 2 0 -1
1 1 1 1 0 2
haar_y2
3.720485e-003 0 -1
-1.029851e-001 5.708402e-002 
1
3
2 0 2 2 0 -1
3 0 1 1 0 2
2 1 1 1 0 2
haar_x2_y2
2.764099e-003 0 -1
-4.219200e-002 6.335317e-002 
1
3
1 0 2 2 0 -1
1 0 1 1 0 2
2 1 1 1 0 2
haar_x2_y2
2.606874e-003 0 -1
-6.189108e-002 8.395915e-002 
1
2
2 0 1 2 0 -1
2 1 1 1 0 2
haar_y2
-3.182270e-003 0 -1
9.439717e-002 -4.717576e-002 
1
2
1 0 3 4 0 -1
1 1 3 2 0 2
haar_y4
6.072426e-001 0 -1
-5.797942e-002 7.338047e-002 
1
2
3 2 1 2 0 -1
3 3 1 1 0 2
haar_y2
-3.628548e-001 0 -1
6.064264e-001 -7.151983e-003 
1
2
0 0 1 4 0 -1
0 2 1 2 0 2
haar_y2
7.226814e-001 0 -1
5.382044e-003 -8.446878e-001 
1
2
3 2 1 2 0 -1
3 3 1 1 0 2
haar_y2
4.162164e-003 0 -1
-2.270300e-002 1.338228e-001 
1
2
1 2 1 2 0 -1
1 3 1 1 0 2
haar_y2
-2.872141e-001 0 -1
-3.321246e-001 1.030836e-002 
1
2
2 1 3 3 0 -1
3 2 1 1 0 9
haar_point
1.085522e-001 0 -1
3.294122e-002 -3.118034e-002 
1
2
1 1 3 3 0 -1
1 2 3 1 0 3
haar_y3
1.030050e-001 0 -1
-1.405467e-001 4.259065e-002 
1
2
0 1 5 2 0 -1
0 2 5 1 0 2
haar_y2
-6.094192e-001 0 -1
1.718645e-001 -2.485938e-002 
1
2
0 0 4 2 0 -1
2 0 2 2 0 2
haar_x2
4.777493e-001 0 -1
-3.029992e-002 1.317461e-001 
1
2
2 1 3 3 0 -1
3 2 1 1 0 9
haar_point
8.732407e-001 0 -1
-1.199774e-002 7.735287e-002 
1
2
0 2 4 1 0 -1
2 2 2 1 0 2
haar_x2
3.162046e-001 0 -1
1.864378e-002 -2.045610e-001 
1
2
2 1 3 3 0 -1
3 2 1 1 0 9
haar_point
-1.930688e+000 0 -1
-2.287781e-001 3.091403e-003 
1
2
0 1 3 3 0 -1
1 2 1 1 0 9
haar_point
1.974882e+000 0 -1
-4.849595e-003 5.994771e-001 
1
2
2 0 3 4 0 -1
2 1 3 2 0 2
haar_y4
9.490965e-003 0 -1
-8.202230e-002 6.783152e-003 
1
2
0 0 3 4 0 -1
0 1 3 2 0 2
haar_y4
7.208351e-001 0 -1
2.154534e-002 -1.570516e-001 
1
2
2 0 1 2 0 -1
2 1 1 1 0 2
haar_y2
3.235184e-003 0 -1
-7.075106e-002 4.958117e-002 
1
2
2 0 1 2 0 -1
2 1 1 1 0 2
haar_y2
1.960492e-002 0 -1
5.335627e-002 -6.596512e-002 
1
2
2 0 2 5 0 -1
2 0 1 5 0 2
haar_x2
1.114530e+000 0 -1
4.264599e-003 -4.943964e-001 
1
2
1 3 3 2 0 -1
2 3 1 2 0 3
haar_x3
3.519041e-003 0 -1
-6.072373e-002 6.059902e-002 
1
2
4 0 1 3 0 -1
3 1 1 1 0 3
tilted_haar_x3
2.218900e-002 0 -1
1.857899e-001 -1.252377e-002 
1
2
1 2 3 1 0 -1
2 2 1 1 0 3
haar_x3
-2.182625e-001 0 -1
-5.262288e-001 7.172014e-003 
1
2
0 0 5 2 0 -1
0 1 5 1 0 2
haar_y2
9.025763e-001 0 -1
-9.592674e-003 3.738362e-001 
1
2
0 0 2 3 0 -1
0 1 2 1 0 3
haar_y3
5.638489e-001 0 -1
1.169807e-002 -2.669544e-001 
1
2
4 0 1 3 0 -1
3 1 1 1 0 3
tilted_haar_x3
4.002288e-001 0 -1
-3.526893e-002 3.203937e-002 
1
2
1 2 3 3 0 -1
2 2 1 3 0 3
haar_x3
-2.457979e-003 0 -1
8.101851e-002 -4.135573e-002 
1
2
1 0 3 2 0 -1
2 0 1 2 0 3
haar_x3
6.576064e-002 0 -1
-1.512710e-001 2.584005e-002 
1
2
1 0 3 3 0 -1
2 0 1 3 0 3
haar_x3
1.258119e-001 0 -1
1.227031e-001 -3.181069e-002 
1
3
1 1 4 4 0 -1
3 1 2 2 0 2
1 3 2 2 0 2
haar_x2_y2
1.891126e-001 0 -1
1.296747e-002 -1.445405e-001 
1
2
1 0 3 1 0 -1
2 1 1 1 0 3
tilted_haar_x3
-5.851246e-001 0 -1
2.561500e-001 -1.468891e-002 
1
2
3 4 2 1 0 -1
3 4 1 1 0 2
haar_x2
-3.126201e-003 0 -1
5.507196e-002 -6.842479e-002 
1
2
0 4 2 1 0 -1
1 4 1 1 0 2
haar_x2
-1.754171e-001 0 -1
-3.059036e-001 2.132920e-002 
1
2
1 4 4 1 0 -1
2 4 2 1 0 2
haar_x4
-1.672433e-001 0 -1
-9.865651e-002 1.321944e-002 
1
2
0 4 4 1 0 -1
1 4 2 1 0 2
haar_x4
-3.498562e-001 0 -1
3.112186e-001 -1.479308e-002 
1
2
3 0 2 3 0 -1
3 1 2 1 0 3
haar_y3
-1.457143e-001 0 -1
-3.553181e-001 2.084046e-002 
1
2
0 0 2 3 0 -1
0 1 2 1 0 3
haar_y3
-1.264087e-001 0 -1
-2.112899e-001 1.455738e-002 
1
2
0 0 5 3 0 -1
0 1 5 1 0 3
haar_y3
-1.507311e-001 0 -1
2.188884e-001 -2.248432e-002 
1
2
1 1 1 4 0 -1
1 2 1 2 0 2
haar_y4
-3.306109e-003 0 -1
3.675147e-002 -9.013251e-002 
1
2
3 1 1 3 0 -1
2 2 1 1 0 3
tilted_haar_x3
1.323939e-002 0 -1
-1.637795e-002 1.263148e-001 
1
2
2 1 3 1 0 -1
3 2 1 1 0 3
tilted_haar_x3
-3.138628e-001 0 -1
-1.785086e-001 2.305386e-002 
1
2
2 2 3 3 0 -1
3 2 1 3 0 3
haar_x3
-7.158972e-001 0 -1
1.737716e-001 -1.300437e-002 
1
2
2 0 1 3 0 -1
2 1 1 1 0 3
haar_y3
-7.405182e-002 0 -1
-1.818093e-001 2.033497e-002 
1
2
1 0 4 4 0 -1
1 2 4 2 0 2
haar_y2
-2.059661e-001 0 -1
-2.433498e-002 9.673780e-002 
1
2
0 1 4 2 0 -1
1 1 2 2 0 2
haar_x4
5.633287e-001 0 -1
1.218771e-002 -3.159642e-001 
1
3
2 0 2 2 0 -1
3 0 1 1 0 2
2 1 1 1 0 2
haar_x2_y2
-3.635999e-003 0 -1
3.402340e-002 -4.064129e-002 
1
2
0 2 3 3 0 -1
1 2 1 3 0 3
haar_x3
5.342700e-001 0 -1
4.154463e-003 -7.848671e-001 
1
3
3 1 2 2 0 -1
4 1 1 1 0 2
3 2 1 1 0 2
haar_x2_y2
5.602723e-003 0 -1
-7.599466e-002 6.990637e-002 
1
2
1 1 3 4 0 -1
1 2 3 2 0 2
haar_y4
-9.146354e-001 0 -1
2.034582e-001 -1.690750e-002 
1
2
3 0 1 2 0 -1
3 1 1 1 0 2
haar_y2
6.270452e-002 0 -1
3.036352e-002 -7.798560e-002 
1
2
1 0 1 2 0 -1
1 1 1 1 0 2
haar_y2
-8.460958e-002 0 -1
-3.121766e-001 1.072516e-002 
1
3
2 0 2 2 0 -1
3 0 1 1 0 2
2 1 1 1 0 2
haar_x2_y2
-1.904279e-001 0 -1
2.142200e-001 -9.209095e-003 
1
3
1 0 2 2 0 -1
1 0 1 1 0 2
2 1 1 1 0 2
haar_x2_y2
2.971126e-001 0 -1
-4.430122e-003 7.158552e-001 
1
2
2 1 2 3 0 -1
2 1 1 3 0 2
haar_x2
7.169483e-001 0 -1
5.575262e-003 -7.553536e-001 
1
2
0 0 4 4 0 -1
1 0 2 4 0 2
haar_x4
6.458815e-001 0 -1
-2.237084e-002 1.511139e-001 
1
2
2 1 3 3 0 -1
3 1 1 3 0 3
haar_x3
-1.593885e-001 0 -1
4.207870e-002 -4.817935e-002 
1
2
0 3 4 2 0 -1
1 3 2 2 0 2
haar_x4
-4.420562e-003 0 -1
4.257474e-002 -9.112170e-002 
1
2
1 4 4 1 0 -1
2 4 2 1 0 2
haar_x4
-1.138445e-001 0 -1
-6.944567e-002 1.698739e-002 
1
3
1 1 2 4 0 -1
1 1 1 2 0 2
2 3 1 2 0 2
haar_x2_y2
-8.426695e-002 0 -1
4.319019e-002 -8.030234e-002 
1
2
2 1 2 3 0 -1
2 1 1 3 0 2
haar_x2
2.869459e-001 0 -1
3.345701e-002 -1.137119e-001 
1
2
0 4 4 1 0 -1
1 4 2 1 0 2
haar_x4
2.943067e-003 0 -1
-5.801229e-002 7.783765e-002 
1
2
3 4 2 1 0 -1
3 4 1 1 0 2
haar_x2
9.164417e-002 0 -1
1.239886e-002 -1.424506e-001 
1
2
0 4 2 1 0 -1
1 4 1 1 0 2
haar_x2
-2.832880e-003 0 -1
5.366874e-002 -6.986520e-002 
1
2
3 2 2 1 0 -1
3 2 1 1 0 2
tilted_haar_y2
3.331859e-001 0 -1
-2.118577e-002 9.925181e-002 
1
3
0 1 4 4 0 -1
0 1 2 2 0 2
2 3 2 2 0 2
haar_x2_y2
-3.872939e-001 0 -1
-9.261047e-002 3.705112e-002 
1
2
2 1 2 3 0 -1
2 1 1 3 0 2
haar_x2
5.572420e-001 0 -1
-1.587665e-002 2.100661e-001 
1
2
1 2 3 3 0 -1
1 3 3 1 0 3
haar_y3
-4.528817e-001 0 -1
4.217971e-002 -8.371822e-002 
1
2
1 1 4 4 0 -1
1 1 2 4 0 2
haar_x2
1.857467e+000 0 -1
3.791910e-003 -3.463938e-001 
1
2
0 1 4 4 0 -1
2 1 2 4 0 2
haar_x2
6.005398e-001 0 -1
-2.789515e-002 1.327883e-001 
1
2
2 1 2 4 0 -1
2 1 1 4 0 2
haar_x2
8.099423e-001 0 -1
5.447504e-003 -4.474912e-001 
1
2
0 1 3 4 0 -1
0 3 3 2 0 2
haar_y2
-8.850878e-002 0 -1
-2.091864e-002 2.057385e-001 
1
2
3 2 1 2 0 -1
3 2 1 1 0 2
tilted_haar_x2
5.050922e-001 0 -1
-7.985694e-003 1.848889e-001 
1
2
1 0 4 1 0 -1
1 0 2 1 0 2
tilted_haar_x2
2.774172e-001 0 -1
-9.171199e-002 5.371488e-002 
1
2
2 0 2 1 0 -1
2 0 1 1 0 2
haar_x2
-4.828914e-002 0 -1
1.523591e-001 -1.063754e-002 
1
2
1 0 2 1 0 -1
2 0 1 1 0 2
haar_x2
3.073209e-002 0 -1
-1.024701e-001 4.042083e-002 
1
2
2 1 2 4 0 -1
2 1 1 4 0 2
haar_x2
6.672416e-001 0 -1
-1.486447e-002 2.395229e-001 
1
2
1 1 2 4 0 -1
2 1 1 4 0 2
haar_x2
7.506896e-001 0 -1
5.311876e-003 -7.113855e-001 
1
2
3 0 2 1 0 -1
3 0 1 1 0 2
haar_x2
2.712674e-003 0 -1
-6.556171e-002 6.557368e-002 
1
2
0 0 3 5 0 -1
1 0 1 5 0 3
haar_x3
9.676807e-002 0 -1
-2.793165e-002 1.256005e-001 
1
2
2 2 3 2 0 -1
3 2 1 2 0 3
haar_x3
3.866490e-001 0 -1
5.910045e-003 -2.402231e-001 
1
2
0 2 3 2 0 -1
1 2 1 2 0 3
haar_x3
-1.033460e-001 0 -1
6.257109e-002 -7.675504e-002 
1
2
3 2 2 1 0 -1
3 2 1 1 0 2
haar_x2
1.351798e-001 0 -1
1.802302e-002 -1.323061e-001 
1
2
0 2 2 1 0 -1
1 2 1 1 0 2
haar_x2
3.707480e-003 0 -1
-6.054582e-002 6.040511e-002 
1
2
3 2 2 1 0 -1
3 2 1 1 0 2
haar_x2
4.149527e-003 0 -1
-4.701133e-002 4.320708e-002 
1
2
0 2 2 1 0 -1
1 2 1 1 0 2
haar_x2
-2.178437e-003 0 -1
7.665245e-002 -6.421614e-002 
1
2
3 0 2 3 0 -1
3 0 1 3 0 2
tilted_haar_y2
1.762718e-001 0 -1
-8.341664e-002 2.010867e-002 
1
3
0 1 2 2 0 -1
0 1 1 1 0 2
1 2 1 1 0 2
haar_x2_y2
2.703880e-003 0 -1
-6.094659e-002 6.191858e-002 
1
2
3 0 2 1 0 -1
3 0 1 1 0 2
haar_x2
-2.932437e-003 0 -1
4.324122e-002 -3.649221e-002 
1
2
0 0 2 1 0 -1
1 0 1 1 0 2
haar_x2
3.405000e-003 0 -1
-6.078088e-002 6.241025e-002 
1
3
1 0 4 2 0 -1
3 0 2 1 0 2
1 1 2 1 0 2
haar_x2_y2
-4.855051e-001 0 -1
-3.808865e-001 5.222531e-003 
1
3
0 0 4 2 0 -1
0 0 2 1 0 2
2 1 2 1 0 2
haar_x2_y2
5.669224e-003 0 -1
-6.343508e-002 7.463264e-002 
1
3
2 0 2 2 0 -1
3 0 1 1 0 2
2 1 1 1 0 2
haar_x2_y2
1.225811e-001 0 -1
5.546625e-003 -1.737240e-001 
1
2
0 0 4 3 0 -1
0 1 4 1 0 3
haar_y3
1.066068e+000 0 -1
-1.099086e-002 3.475098e-001 
1
2
2 0 3 1 0 -1
3 0 1 1 0 3
haar_x3
5.814886e-001 0 -1
-1.671905e-003 8.561994e-001 
1
2
0 0 3 1 0 -1
1 0 1 1 0 3
haar_x3
-8.452291e-002 0 -1
6.499617e-002 -5.571935e-002 
1
2
3 0 1 3 0 -1
3 1 1 1 0 3
haar_y3
3.370987e-003 0 -1
-9.579927e-002 3.957316e-002 
1
2
0 1 5 3 0 -1
0 2 5 1 0 3
haar_y3
7.929651e-001 0 -1
-3.475045e-002 1.301856e-001 
1
2
1 1 4 3 0 -1
1 2 4 1 0 3
haar_y3
1.370034e+000 0 -1
1.384066e-003 -9.992219e-001 
1
2
0 1 4 3 0 -1
0 2 4 1 0 3
haar_y3
8.649396e-001 0 -1
2.122769e-002 -2.149829e-001 
1
2
1 1 3 2 0 -1
1 2 3 1 0 2
haar_y2
2.964034e-001 0 -1
-1.289418e-002 3.152792e-001 
1
2
1 0 1 3 0 -1
1 1 1 1 0 3
haar_y3
3.999985e-001 0 -1
4.870121e-003 -7.236841e-001 
1
3
1 0 4 2 0 -1
3 0 2 1 0 2
1 1 2 1 0 2
haar_x2_y2
4.917395e-001 0 -1
-6.745663e-003 5.901323e-001 
1
2
2 1 1 4 0 -1
2 2 1 2 0 2
haar_y4
-3.455434e-001 0 -1
-2.068233e-001 1.667409e-002 
1
2
3 1 1 3 0 -1
3 2 1 1 0 3
haar_y3
-2.439220e-001 0 -1
1.975551e-001 -1.343840e-002 
1
3
1 0 2 2 0 -1
1 0 1 1 0 2
2 1 1 1 0 2
haar_x2_y2
-2.938237e-003 0 -1
5.767672e-002 -6.020013e-002 
1
2
2 0 2 1 0 -1
2 0 1 1 0 2
haar_x2
2.276705e-001 0 -1
1.268793e-002 -1.243101e-001 
1
2
1 0 2 1 0 -1
2 0 1 1 0 2
haar_x2
-2.114481e-002 0 -1
1.667801e-001 -2.182835e-002 
1
3
3 2 2 2 0 -1
4 2 1 1 0 2
3 3 1 1 0 2
haar_x2_y2
-2.152293e-001 0 -1
-1.395981e-001 1.342278e-002 
1
3
0 2 2 2 0 -1
0 2 1 1 0 2
1 3 1 1 0 2
haar_x2_y2
-2.212314e-001 0 -1
-2.147592e-001 1.641374e-002 
1
2
4 1 1 4 0 -1
4 3 1 2 0 2
haar_y2
-2.706932e-001 0 -1
-1.052041e-001 2.965089e-002 
1
2
0 1 5 2 0 -1
0 2 5 1 0 2
haar_y2
-1.163832e+000 0 -1
-8.690445e-001 3.417834e-003 
1
2
0 2 5 2 0 -1
0 3 5 1 0 2
haar_y2
-1.056792e+000 0 -1
4.313280e-001 -7.846466e-003 
1
3
0 2 4 2 0 -1
0 2 2 1 0 2
2 3 2 1 0 2
haar_x2_y2
-1.704254e-001 0 -1
6.412743e-002 -4.848102e-002 
1
2
2 0 1 3 0 -1
2 1 1 1 0 3
haar_y3
-1.776776e-001 0 -1
-4.063592e-001 8.301142e-003 
1
2
0 4 4 1 0 -1
2 4 2 1 0 2
haar_x2
7.205813e-001 0 -1
-4.263153e-003 8.579985e-001 
1
2
1 1 3 3 0 -1
2 2 1 1 0 9
haar_point
2.344369e+000 0 -1
-4.094508e-003 5.794771e-001 
1
2
0 0 4 4 0 -1
0 2 4 2 0 2
haar_y2
9.333683e-001 0 -1
4.592474e-003 -7.624820e-001 
1
2
1 0 3 2 0 -1
2 0 1 2 0 3
haar_x3
8.940560e-001 0 -1
-1.053974e-002 3.321681e-001 
1
2
1 0 3 4 0 -1
2 0 1 4 0 3
haar_x3
1.463594e+000 0 -1
5.433047e-003 -5.429759e-001 
1
2
1 1 3 4 0 -1
2 1 1 4 0 3
haar_x3
1.094920e+000 0 -1
-9.554325e-003 3.222636e-001 
1
2
1 0 3 4 0 -1
2 0 1 4 0 3
haar_x3
8.130186e-001 0 -1
2.971571e-002 -1.327012e-001 
1
2
1 0 4 1 0 -1
2 0 2 1 0 2
haar_x4
4.792622e-001 0 -1
-3.774906e-003 2.018281e-001 
1
2
0 0 4 1 0 -1
1 0 2 1 0 2
haar_x4
2.671645e-003 0 -1
-1.015310e-001 3.815211e-002 
1
2
0 0 5 2 0 -1
0 1 5 1 0 2
haar_y2
-1.411618e-001 0 -1
1.869095e-001 -1.819360e-002 
1
2
2 0 1 2 0 -1
2 1 1 1 0 2
haar_y2
3.235184e-003 0 -1
-7.004248e-002 4.806523e-002 
1
2
2 0 2 1 0 -1
2 0 1 1 0 2
haar_x2
-1.078018e-001 0 -1
-3.264531e-001 4.449049e-003 
1
2
1 0 2 1 0 -1
2 0 1 1 0 2
haar_x2
3.206231e-003 0 -1
-1.242051e-001 2.718680e-002 
1
2
1 0 3 3 0 -1
2 1 1 1 0 9
haar_point
2.211037e-001 0 -1
1.260236e-001 -3.790999e-002 
1
3
0 3 4 2 0 -1
0 3 2 1 0 2
2 4 2 1 0 2
haar_x2_y2
2.445138e-001 0 -1
2.064166e-002 -1.329506e-001 
1
2
3 2 2 1 0 -1
3 2 1 1 0 2
haar_x2
-3.674420e-003 0 -1
4.995927e-002 -3.811341e-002 
1
2
0 1 2 1 0 -1
1 1 1 1 0 2
haar_x2
-3.750077e-002 0 -1
6.734373e-002 -3.981272e-002 
1
2
1 1 4 1 0 -1
2 1 2 1 0 2
haar_x4
5.633087e-001 0 -1
1.375761e-003 -9.998504e-001 
1
2
0 0 4 2 0 -1
1 0 2 2 0 2
haar_x4
7.731683e-001 0 -1
-8.062460e-003 4.301900e-001 
1
2
3 1 2 4 0 -1
3 3 2 2 0 2
haar_y2
-6.286930e-003 0 -1
2.728270e-002 -1.780735e-001 
1
2
0 1 1 4 0 -1
0 3 1 2 0 2
haar_y2
-3.226005e-001 0 -1
-1.440918e-001 2.230868e-002 
1
2
1 4 4 1 0 -1
1 4 2 1 0 2
haar_x2
-1.205973e+000 0 -1
5.331988e-001 -6.304487e-003 
1
2
0 1 1 4 0 -1
0 3 1 2 0 2
haar_y2
-5.290490e-002 0 -1
3.325016e-002 -8.328076e-002 
1
2
4 2 1 3 0 -1
4 3 1 1 0 3
haar_y3
3.700240e-001 0 -1
3.331398e-003 -4.754511e-001 
1
2
0 2 1 3 0 -1
0 3 1 1 0 3
haar_y3
8.130144e-002 0 -1
-2.622182e-002 1.253097e-001 
1
2
2 2 1 3 0 -1
2 3 1 1 0 3
haar_y3
-5.852703e-001 0 -1
4.006850e-001 -7.238406e-003 
1
2
1 2 3 3 0 -1
2 3 1 1 0 9
haar_point
-1.386121e+000 0 -1
-1.705725e-001 1.673330e-002 
1
2
3 0 2 3 0 -1
3 0 1 3 0 2
tilted_haar_y2
8.974479e-001 0 -1
6.734109e-003 -1.548451e-001 
1
2
0 1 4 2 0 -1
2 1 2 2 0 2
haar_x2
1.991996e-001 0 -1
4.472971e-002 -7.453794e-002 
1
2
1 0 4 4 0 -1
1 0 2 4 0 2
haar_x2
-1.201719e+000 0 -1
-2.215414e-001 6.547451e-003 
1
2
0 0 4 4 0 -1
2 0 2 4 0 2
haar_x2
1.196955e+000 0 -1
-1.730632e-002 2.572302e-001 
1
2
3 0 2 3 0 -1
3 0 1 3 0 2
tilted_haar_y2
2.639999e+000 0 -1
-2.563891e-003 4.740381e-001 
1
2
2 0 3 2 0 -1
2 0 3 1 0 2
tilted_haar_y2
1.065301e+000 0 -1
4.265927e-003 -8.330753e-001 
1
2
1 4 3 1 0 -1
2 4 1 1 0 3
haar_x3
-5.303662e-001 0 -1
5.151083e-001 -6.444171e-003 
1
2
0 0 2 1 0 -1
1 0 1 1 0 2
haar_x2
3.771598e-001 0 -1
3.096997e-003 -9.998319e-001 
1
2
2 0 1 2 0 -1
2 1 1 1 0 2
haar_y2
-1.434437e-001 0 -1
-1.000000e+000 1.409490e-003 
1
2
2 0 3 2 0 -1
2 0 3 1 0 2
tilted_haar_y2
-9.917665e-001 0 -1
-4.445471e-001 4.340395e-003 
1
3
3 1 2 4 0 -1
4 1 1 2 0 2
3 3 1 2 0 2
haar_x2_y2
5.179849e-001 0 -1
-4.243622e-003 4.571759e-001 
1
3
0 1 2 4 0 -1
0 1 1 2 0 2
1 3 1 2 0 2
haar_x2_y2
-5.712628e-001 0 -1
3.040767e-001 -8.869094e-003 
1
2
4 2 1 2 0 -1
4 3 1 1 0 2
haar_y2
2.301250e-003 0 -1
-2.255512e-002 6.970738e-002 
1
2
0 2 1 2 0 -1
0 3 1 1 0 2
haar_y2
1.479011e-001 0 -1
9.139106e-003 -3.660385e-001 
1
2
1 2 4 1 0 -1
2 2 2 1 0 2
haar_x4
5.801430e-001 0 -1
-2.693547e-003 7.091130e-001 
1
2
0 2 4 1 0 -1
1 2 2 1 0 2
haar_x4
-3.254206e-001 0 -1
2.868206e-001 -9.227124e-003 
1
2
1 2 4 3 0 -1
1 3 4 1 0 3
haar_y3
-3.706030e-001 0 -1
3.076510e-002 -8.662543e-002 
1
2
1 1 1 4 0 -1
1 3 1 2 0 2
haar_y2
-4.731667e-001 0 -1
1.548125e-001 -1.888657e-002 
1
2
2 1 2 3 0 -1
2 2 2 1 0 3
haar_y3
5.178639e-001 0 -1
1.982535e-002 -1.123927e-001 
1
3
1 1 2 4 0 -1
1 1 1 2 0 2
2 3 1 2 0 2
haar_x2_y2
1.121551e-001 0 -1
1.467734e-002 -2.072053e-001 
1
2
2 3 2 1 0 -1
2 3 1 1 0 2
haar_x2
-1.718226e-001 0 -1
-3.540998e-001 1.016597e-002 
1
2
2 0 3 1 0 -1
3 1 1 1 0 3
tilted_haar_x3
1.704561e-001 0 -1
1.218726e-001 -2.592375e-002 
1
2
1 0 3 2 0 -1
2 0 1 2 0 3
haar_x3
6.611793e-002 0 -1
-1.600383e-001 2.854219e-002 
1
2
1 0 3 4 0 -1
2 0 1 4 0 3
haar_x3
-3.509567e-001 0 -1
3.006203e-001 -1.026782e-002 
1
2
3 0 1 4 0 -1
3 2 1 2 0 2
haar_y2
-3.777939e-001 0 -1
-2.016508e-001 1.428594e-002 
1
2
1 0 1 4 0 -1
1 2 1 2 0 2
haar_y2
-4.793330e-001 0 -1
-5.269415e-001 6.505862e-003 
1
2
0 0 5 4 0 -1
0 2 5 2 0 2
haar_y2
-1.391883e+000 0 -1
1.151791e-001 -2.337152e-002 
1
2
0 0 3 4 0 -1
0 2 3 2 0 2
haar_y2
-9.333434e-001 0 -1
-1.321467e-001 2.166170e-002 
1
2
4 1 1 4 0 -1
4 2 1 2 0 2
haar_y4
-2.508368e-001 0 -1
-1.241043e-001 1.280339e-002 
1
2
0 0 5 4 0 -1
0 2 5 2 0 2
haar_y2
-1.625125e+000 0 -1
2.021418e-001 -1.619092e-002 
1
2
2 2 2 2 0 -1
2 2 1 2 0 2
haar_x2
4.830732e-001 0 -1
2.711994e-003 -5.933531e-001 
1
2
2 1 1 2 0 -1
2 2 1 1 0 2
haar_y2
8.348909e-004 0 -1
-3.358611e-002 7.674437e-002 
1
2
2 1 1 4 0 -1
2 2 1 2 0 2
haar_y4
-1.521816e-001 0 -1
7.388014e-002 -4.820586e-002 
1
2
2 0 1 4 0 -1
2 2 1 2 0 2
haar_y2
3.288924e-001 0 -1
-2.546303e-003 9.332908e-001 
1
2
1 0 3 4 0 -1
1 1 3 2 0 2
haar_y4
1.277067e+000 0 -1
3.082381e-003 -9.992846e-001 
1
2
1 0 3 3 0 -1
2 1 1 1 0 9
haar_point
-7.377242e-001 0 -1
-8.159347e-001 1.788545e-003 
1
2
1 0 3 3 0 -1
1 1 3 1 0 3
haar_y3
1.070303e+000 0 -1
1.592497e-003 -9.997685e-001 
1
2
1 0 2 1 0 -1
2 0 1 1 0 2
haar_x2
7.578364e-002 0 -1
-4.679654e-002 4.536000e-002 
1
2
2 0 2 1 0 -1
2 0 1 1 0 2
haar_x2
-4.828914e-002 0 -1
1.605821e-001 -1.040919e-002 
1
2
0 1 4 1 0 -1
1 1 2 1 0 2
haar_x4
3.411212e-003 0 -1
-7.393584e-002 3.402588e-002 
1
2
3 0 1 2 0 -1
3 1 1 1 0 2
haar_y2
3.640432e-003 0 -1
-6.068953e-002 3.424495e-002 
1
2
1 0 1 2 0 -1
1 1 1 1 0 2
haar_y2
3.501603e-002 0 -1
5.049671e-002 -6.799474e-002 
1
3
1 0 4 2 0 -1
3 0 2 1 0 2
1 1 2 1 0 2
haar_x2_y2
-2.499037e-001 0 -1
-1.171717e-001 9.281311e-003 
1
3
0 0 4 2 0 -1
0 0 2 1 0 2
2 1 2 1 0 2
haar_x2_y2
-7.552876e-002 0 -1
8.223239e-002 -4.104435e-002 
1
3
2 0 2 4 0 -1
3 0 1 2 0 2
2 2 1 2 0 2
haar_x2_y2
-4.079880e-001 0 -1
1.843556e-001 -7.198674e-003 
1
3
1 0 2 4 0 -1
1 0 1 2 0 2
2 2 1 2 0 2
haar_x2_y2
2.099879e-001 0 -1
-9.107964e-003 3.488792e-001 
1
3
2 1 2 2 0 -1
3 1 1 1 0 2
2 2 1 1 0 2
haar_x2_y2
1.010647e-001 0 -1
1.464325e-002 -1.988080e-001 
1
3
0 0 2 2 0 -1
0 0 1 1 0 2
1 1 1 1 0 2
haar_x2_y2
3.571609e-001 0 -1
-6.150902e-003 3.977102e-001 
1
3
2 2 2 2 0 -1
3 2 1 1 0 2
2 3 1 1 0 2
haar_x2_y2
1.323135e-001 0 -1
-9.289697e-003 2.456863e-001 
1
2
1 1 2 3 0 -1
1 2 2 1 0 3
haar_y3
1.365986e-001 0 -1
-8.124048e-002 3.244019e-002 
1
2
3 1 1 3 0 -1
3 2 1 1 0 3
haar_y3
-4.951344e-003 0 -1
1.092316e-001 -3.661073e-002 
1
2
0 0 1 3 0 -1
0 1 1 1 0 3
haar_y3
-1.017768e-001 0 -1
-2.109877e-001 1.158606e-002 
1
2
4 0 1 2 0 -1
4 1 1 1 0 2
haar_y2
3.657959e-001 0 -1
-4.592338e-003 3.351333e-001 
1
2
0 0 1 2 0 -1
0 1 1 1 0 2
haar_y2
-3.334834e-003 0 -1
8.035278e-002 -4.068682e-002 
-7.553624e-001

13
-1
