18
1
3
3 3 4 4 0 -1
3 3 2 2 0 2
5 5 2 2 0 2
haar_x2_y2
-2.902792e-002 0 -1
4.790405e-001 -2.812347e-001 
1
2
7 2 3 3 0 -1
7 3 3 1 0 3
haar_y3
-9.375498e-002 0 -1
5.014042e-001 -1.904845e-001 
1
2
0 1 1 3 0 -1
0 2 1 1 0 3
haar_y3
1.495058e-002 0 -1
9.279647e-002 -7.956768e-001 
1
2
13 0 2 1 0 -1
13 0 1 1 0 2
tilted_haar_y2
-2.957009e-003 0 -1
-5.358825e-001 1.501259e-001 
1
2
2 0 1 2 0 -1
2 0 1 1 0 2
tilted_haar_y2
2.253016e-002 0 -1
1.407090e-001 -6.698457e-001 
1
2
12 5 3 3 0 -1
12 6 3 1 0 3
haar_y3
-2.953811e-002 0 -1
-8.836162e-001 9.303283e-002 
1
2
4 0 7 3 0 -1
4 1 7 1 0 3
haar_y3
1.126146e-001 0 -1
-2.155165e-001 4.956940e-001 
1
2
12 5 1 3 0 -1
12 6 1 1 0 3
haar_y3
2.195309e-002 0 -1
8.108912e-002 -9.869541e-001 
1
3
2 4 4 4 0 -1
2 4 2 2 0 2
4 6 2 2 0 2
haar_x2_y2
-1.522080e-002 0 -1
3.115170e-001 -3.114538e-001 
1
2
7 6 4 2 0 -1
8 6 2 2 0 2
haar_x4
2.107477e-002 0 -1
4.214878e-002 -8.609351e-001 
1
2
2 5 1 3 0 -1
2 6 1 1 0 3
haar_y3
-9.495502e-003 0 -1
-7.237206e-001 1.073648e-001 
1
2
12 6 1 2 0 -1
12 7 1 1 0 2
haar_y2
5.680361e-003 0 -1
1.172551e-001 -5.556952e-001 
1
2
2 6 1 2 0 -1
2 7 1 1 0 2
haar_y2
-6.411882e-003 0 -1
-6.575669e-001 1.151372e-001 
1
2
7 6 8 2 0 -1
7 6 4 2 0 2
haar_x2
3.230102e-002 0 -1
-1.305810e-001 3.489975e-001 
1
2
5 0 6 2 0 -1
5 0 6 1 0 2
tilted_haar_y2
2.208584e-003 0 -1
-3.150798e-001 2.813977e-001 
1
2
7 6 8 2 0 -1
7 6 4 2 0 2
haar_x2
-2.311359e-001 0 -1
9.557835e-001 -2.959311e-002 
1
2
0 6 8 2 0 -1
4 6 4 2 0 2
haar_x2
2.679234e-002 0 -1
-1.369283e-001 5.635122e-001 
1
2
9 3 3 4 0 -1
10 3 1 4 0 3
haar_x3
-3.868446e-002 0 -1
-9.113868e-001 7.367150e-002 
-1.067121e+000

10
-1
