213
1
2
1 3 4 1 0 -1
2 3 2 1 0 2
haar_x4
-1.003106e-001 0 -1
1.805235e-001 -1.782398e-001 
1
2
5 4 1 2 0 -1
5 5 1 1 0 2
haar_y2
1.301192e-002 0 -1
-1.561066e-001 8.952783e-002 
1
2
1 2 2 2 0 -1
1 3 2 1 0 2
haar_y2
2.474061e-003 0 -1
-2.024908e-001 6.303004e-002 
1
2
2 5 3 1 0 -1
3 5 1 1 0 3
haar_x3
-4.872561e-002 0 -1
-4.562649e-001 4.406651e-002 
1
2
2 2 3 4 0 -1
3 2 1 4 0 3
haar_x3
-8.905929e-002 0 -1
1.227627e-001 -1.355965e-001 
1
2
2 0 1 6 0 -1
2 2 1 2 0 3
haar_y3
-3.807631e-001 0 -1
1.461622e-001 -1.085597e-001 
1
2
0 3 3 3 0 -1
1 4 1 1 0 9
haar_point
1.505464e-001 0 -1
9.051269e-002 -1.103097e-001 
1
2
3 1 3 1 0 -1
4 1 1 1 0 3
haar_x3
6.018978e-002 0 -1
1.808648e-002 -4.124675e-001 
1
2
2 0 3 1 0 -1
3 0 1 1 0 3
haar_x3
4.760800e-002 0 -1
2.386510e-002 -3.451865e-001 
1
2
0 0 4 1 0 -1
2 0 2 1 0 2
haar_x2
3.965282e-002 0 -1
-7.087164e-002 1.725662e-001 
1
2
4 2 2 2 0 -1
4 3 2 1 0 2
haar_y2
1.560928e-002 0 -1
-1.534285e-001 5.649935e-002 
1
2
0 1 6 3 0 -1
0 2 6 1 0 3
haar_y3
-9.340415e-001 0 -1
-3.318164e-001 2.813191e-002 
1
2
1 0 3 1 0 -1
2 0 1 1 0 3
haar_x3
3.117431e-002 0 -1
3.539644e-002 -2.336476e-001 
1
2
1 0 4 1 0 -1
3 0 2 1 0 2
haar_x2
-3.449290e-002 0 -1
1.380000e-001 -7.913879e-002 
1
2
0 0 3 1 0 -1
1 0 1 1 0 3
haar_x3
2.933044e-002 0 -1
3.996613e-002 -2.263947e-001 
1
3
0 2 2 2 0 -1
0 2 1 1 0 2
1 3 1 1 0 2
haar_x2_y2
3.475837e-002 0 -1
-6.679472e-002 1.284671e-001 
1
2
0 2 1 4 0 -1
0 4 1 2 0 2
haar_y2
4.721951e-002 0 -1
-1.605743e-001 5.076100e-002 
1
3
0 3 2 2 0 -1
0 3 1 1 0 2
1 4 1 1 0 2
haar_x2_y2
1.085651e-001 0 -1
-2.272451e-002 4.489400e-001 
1
3
1 0 4 4 0 -1
1 0 2 2 0 2
3 2 2 2 0 2
haar_x2_y2
-2.646845e-001 0 -1
1.878654e-001 -4.012689e-002 
1
2
1 3 3 1 0 -1
2 3 1 1 0 3
haar_x3
-4.209346e-002 0 -1
9.517217e-002 -9.625470e-002 
1
2
5 3 1 3 0 -1
5 4 1 1 0 3
haar_y3
-5.653671e-002 0 -1
-2.466701e-001 3.316171e-002 
1
3
3 2 2 2 0 -1
3 2 1 1 0 2
4 3 1 1 0 2
haar_x2_y2
-5.910274e-002 0 -1
2.806472e-001 -3.029026e-002 
1
2
0 0 3 2 0 -1
1 0 1 2 0 3
haar_x3
-8.600459e-002 0 -1
-2.462456e-001 2.992544e-002 
1
2
0 3 3 1 0 -1
1 3 1 1 0 3
haar_x3
-4.923330e-002 0 -1
2.099972e-001 -3.713685e-002 
1
2
2 1 1 2 0 -1
2 1 1 1 0 2
tilted_haar_y2
-1.014211e-001 0 -1
-1.593818e-001 4.856667e-002 
1
2
3 5 3 1 0 -1
4 5 1 1 0 3
haar_x3
1.825219e-002 0 -1
4.233104e-002 -1.585509e-001 
1
2
1 4 3 2 0 -1
2 4 1 2 0 3
haar_x3
4.042399e-002 0 -1
3.458926e-002 -2.148716e-001 
1
2
2 3 3 1 0 -1
3 3 1 1 0 3
haar_x3
-1.001277e-001 0 -1
1.454997e-001 -5.739307e-002 
1
2
3 2 3 2 0 -1
4 2 1 2 0 3
haar_x3
-8.730322e-002 0 -1
1.764090e-001 -3.987316e-002 
1
2
3 4 2 1 0 -1
4 4 1 1 0 2
haar_x2
3.093981e-002 0 -1
5.770592e-002 -1.531038e-001 
1
2
3 3 3 3 0 -1
4 3 1 3 0 3
haar_x3
6.484789e-002 0 -1
-6.518313e-002 1.126854e-001 
1
2
2 5 3 1 0 -1
3 5 1 1 0 3
haar_x3
3.236721e-002 0 -1
2.231225e-002 -2.994869e-001 
1
2
0 5 3 1 0 -1
1 5 1 1 0 3
haar_x3
1.863376e-002 0 -1
4.188897e-002 -1.705981e-001 
1
2
1 2 4 4 0 -1
1 3 4 2 0 2
haar_y4
2.988678e-001 0 -1
2.248388e-002 -3.229476e-001 
1
2
1 2 1 2 0 -1
1 3 1 1 0 2
haar_y2
3.633059e-002 0 -1
-8.355734e-002 7.263798e-002 
1
3
4 0 2 4 0 -1
4 0 1 2 0 2
5 2 1 2 0 2
haar_x2_y2
3.862336e-001 0 -1
-1.078857e-002 5.487395e-001 
1
2
4 2 2 1 0 -1
5 2 1 1 0 2
haar_x2
7.214856e-002 0 -1
3.412864e-002 -2.037391e-001 
1
2
3 2 3 1 0 -1
4 2 1 1 0 3
haar_x3
-1.232868e-002 0 -1
9.362689e-002 -6.710117e-002 
1
2
3 0 3 3 0 -1
4 1 1 3 0 3
tilted_haar_x3
-1.389584e-001 0 -1
4.734621e-002 -1.441310e-001 
1
2
0 0 6 2 0 -1
3 0 3 2 0 2
haar_x2
1.422240e-001 0 -1
-5.177306e-002 1.275472e-001 
1
2
0 0 4 3 0 -1
1 0 2 3 0 2
haar_x4
2.921740e-001 0 -1
-1.234928e-002 5.877118e-001 
1
2
3 0 3 1 0 -1
4 0 1 1 0 3
haar_x3
4.764797e-002 0 -1
2.169223e-002 -3.355187e-001 
1
2
1 1 4 1 0 -1
1 1 2 1 0 2
tilted_haar_x2
-3.671906e-001 0 -1
-2.467710e-001 2.468004e-002 
1
2
1 1 3 1 0 -1
2 1 1 1 0 3
haar_x3
-8.742590e-002 0 -1
-3.602049e-001 1.633720e-002 
1
3
1 2 2 2 0 -1
1 2 1 1 0 2
2 3 1 1 0 2
haar_x2_y2
5.346876e-002 0 -1
-2.973086e-002 1.993500e-001 
1
2
0 1 2 1 0 -1
1 1 1 1 0 2
haar_x2
2.922655e-002 0 -1
2.865495e-002 -2.136528e-001 
1
2
1 3 2 1 0 -1
2 3 1 1 0 2
haar_x2
-1.475425e-001 0 -1
2.855059e-001 -2.221338e-002 
1
2
0 3 1 3 0 -1
0 4 1 1 0 3
haar_y3
-2.619119e-002 0 -1
-1.443049e-001 4.413880e-002 
1
2
0 3 1 3 0 -1
0 4 1 1 0 3
haar_y3
9.573381e-002 0 -1
2.669394e-002 -2.318002e-001 
1
2
2 0 4 4 0 -1
2 1 4 2 0 2
haar_y4
3.492191e-001 0 -1
-1.972607e-002 2.928125e-001 
1
2
2 0 4 2 0 -1
4 0 2 2 0 2
haar_x2
6.784918e-001 0 -1
5.969177e-003 -7.560620e-001 
1
2
5 2 1 2 0 -1
5 3 1 1 0 2
haar_y2
1.917477e-001 0 -1
-1.114112e-002 4.761382e-001 
1
2
0 4 6 2 0 -1
2 4 2 2 0 3
haar_x3
2.876222e-001 0 -1
-1.054043e-002 4.359243e-001 
1
2
1 5 3 1 0 -1
2 5 1 1 0 3
haar_x3
2.478362e-002 0 -1
2.846368e-002 -2.059368e-001 
1
2
3 3 1 3 0 -1
3 4 1 1 0 3
haar_y3
1.577980e-001 0 -1
1.442451e-002 -3.130294e-001 
1
2
4 0 1 6 0 -1
4 3 1 3 0 2
haar_y2
-1.873182e-002 0 -1
-1.489518e-001 2.998081e-002 
1
2
2 0 2 4 0 -1
2 2 2 2 0 2
haar_y2
-5.763527e-001 0 -1
2.011483e-001 -2.556656e-002 
1
2
2 0 4 2 0 -1
4 0 2 2 0 2
haar_x2
1.158647e-001 0 -1
-4.210662e-002 1.330753e-001 
1
2
2 0 4 1 0 -1
4 0 2 1 0 2
haar_x2
-5.773195e-002 0 -1
1.192560e-001 -4.566683e-002 
1
2
2 0 3 1 0 -1
3 0 1 1 0 3
haar_x3
3.003583e-002 0 -1
3.091259e-002 -1.736648e-001 
1
2
0 0 4 1 0 -1
1 0 2 1 0 2
haar_x4
-5.743416e-002 0 -1
1.863797e-001 -3.131809e-002 
1
2
1 5 3 1 0 -1
2 5 1 1 0 3
haar_x3
-2.480067e-002 0 -1
-1.564061e-001 3.261483e-002 
1
2
5 1 1 2 0 -1
5 2 1 1 0 2
haar_y2
-1.436827e-001 0 -1
-4.347437e-001 1.172412e-002 
1
2
2 0 3 2 0 -1
3 0 1 2 0 3
haar_x3
-1.012699e-001 0 -1
-3.246113e-001 1.409186e-002 
1
2
1 2 3 2 0 -1
2 2 1 2 0 3
haar_x3
6.678210e-002 0 -1
-2.654094e-002 1.846531e-001 
1
2
2 2 3 1 0 -1
3 2 1 1 0 3
haar_x3
5.865046e-002 0 -1
-2.098422e-002 2.400566e-001 
1
2
2 1 3 1 0 -1
3 1 1 1 0 3
haar_x3
4.431900e-002 0 -1
2.299431e-002 -2.442503e-001 
1
2
2 3 2 1 0 -1
2 3 1 1 0 2
tilted_haar_x2
-1.510657e-001 0 -1
-2.176686e-001 2.557561e-002 
1
3
1 4 2 2 0 -1
1 4 1 1 0 2
2 5 1 1 0 2
haar_x2_y2
-1.568601e-003 0 -1
1.011185e-001 -5.484713e-002 
1
2
4 1 2 3 0 -1
3 2 2 1 0 3
tilted_haar_y3
-1.955163e-001 0 -1
5.282484e-002 -1.290540e-001 
1
2
0 0 4 6 0 -1
2 0 2 6 0 2
haar_x2
3.635360e-001 0 -1
-1.370110e-002 4.013164e-001 
1
2
1 0 3 4 0 -1
2 0 1 4 0 3
haar_x3
-5.285173e-001 0 -1
-7.864301e-001 6.721113e-003 
1
2
1 1 2 2 0 -1
2 1 1 2 0 2
haar_x2
-2.298535e-001 0 -1
3.909847e-001 -1.415068e-002 
1
3
2 2 2 2 0 -1
2 2 1 1 0 2
3 3 1 1 0 2
haar_x2_y2
4.024963e-002 0 -1
-3.138242e-002 1.502874e-001 
1
2
3 0 3 6 0 -1
4 0 1 6 0 3
haar_x3
5.339009e-001 0 -1
7.975514e-003 -5.875409e-001 
1
2
1 2 2 1 0 -1
1 2 1 1 0 2
tilted_haar_x2
-2.483977e-001 0 -1
-5.396404e-001 7.449707e-003 
1
2
2 1 3 2 0 -1
3 2 1 2 0 3
tilted_haar_x3
-3.527836e-001 0 -1
-1.287419e-001 3.828877e-002 
1
2
3 3 3 1 0 -1
4 3 1 1 0 3
haar_x3
1.608230e-001 0 -1
-2.115517e-002 2.256260e-001 
1
2
1 2 1 4 0 -1
1 4 1 2 0 2
haar_y2
8.455679e-002 0 -1
-1.120384e-001 4.369307e-002 
1
2
3 1 2 3 0 -1
2 2 2 1 0 3
tilted_haar_y3
5.065432e-001 0 -1
-1.462745e-002 3.792736e-001 
1
2
1 0 5 3 0 -1
1 1 5 1 0 3
haar_y3
4.407938e-001 0 -1
-3.904489e-002 1.222654e-001 
1
3
0 0 2 2 0 -1
0 0 1 1 0 2
1 1 1 1 0 2
haar_x2_y2
-1.573532e-003 0 -1
6.445693e-002 -8.260337e-002 
1
2
3 2 1 3 0 -1
2 3 1 1 0 3
tilted_haar_y3
3.050340e-001 0 -1
-2.029763e-002 2.390140e-001 
1
2
3 1 2 2 0 -1
4 1 1 2 0 2
haar_x2
2.459996e-001 0 -1
-6.732754e-003 6.081423e-001 
1
2
4 3 2 2 0 -1
4 4 2 1 0 2
haar_y2
2.327550e-003 0 -1
-1.470297e-001 3.012656e-002 
1
2
3 3 3 3 0 -1
4 4 1 1 0 9
haar_point
8.348843e-003 0 -1
9.736128e-002 -5.314232e-002 
1
3
2 4 2 2 0 -1
2 4 1 1 0 2
3 5 1 1 0 2
haar_x2_y2
2.548994e-002 0 -1
3.546411e-002 -1.421168e-001 
1
2
2 2 3 3 0 -1
3 3 1 1 0 9
haar_point
-3.617432e-001 0 -1
7.366985e-002 -6.198363e-002 
1
2
0 2 5 2 0 -1
0 3 5 1 0 2
haar_y2
3.957210e-001 0 -1
-2.234234e-002 2.188773e-001 
1
2
0 0 6 4 0 -1
0 1 6 2 0 2
haar_y4
-1.052620e+000 0 -1
-4.052648e-001 1.230850e-002 
1
2
0 0 6 3 0 -1
0 1 6 1 0 3
haar_y3
-4.586695e-001 0 -1
1.938052e-001 -2.490260e-002 
1
2
5 1 1 2 0 -1
5 2 1 1 0 2
haar_y2
4.117877e-002 0 -1
2.614126e-002 -1.761915e-001 
1
3
0 0 6 4 0 -1
0 0 3 2 0 2
3 2 3 2 0 2
haar_x2_y2
2.196588e-001 0 -1
-4.695786e-002 1.121977e-001 
1
2
1 0 4 1 0 -1
3 0 2 1 0 2
haar_x2
4.397354e-002 0 -1
-5.017263e-002 1.209393e-001 
1
2
0 1 6 5 0 -1
3 1 3 5 0 2
haar_x2
-7.729357e-001 0 -1
1.750386e-001 -3.034125e-002 
1
3
4 3 2 2 0 -1
4 3 1 1 0 2
5 4 1 1 0 2
haar_x2_y2
-7.968768e-002 0 -1
1.925517e-001 -2.552446e-002 
1
3
0 2 4 2 0 -1
0 2 2 1 0 2
2 3 2 1 0 2
haar_x2_y2
-2.090740e-001 0 -1
-2.825397e-001 1.655280e-002 
1
2
3 3 2 3 0 -1
4 3 1 3 0 2
haar_x2
-5.496680e-002 0 -1
-2.695958e-001 1.664444e-002 
1
2
2 3 3 1 0 -1
3 3 1 1 0 3
haar_x3
1.958465e-002 0 -1
-2.805792e-002 1.618590e-001 
1
2
0 0 4 6 0 -1
1 0 2 6 0 2
haar_x4
7.405023e-002 0 -1
-4.379821e-002 1.012869e-001 
1
2
3 0 1 3 0 -1
2 1 1 1 0 3
tilted_haar_y3
1.066320e-001 0 -1
2.200046e-002 -2.034547e-001 
1
2
1 0 2 1 0 -1
2 0 1 1 0 2
haar_x2
6.071608e-002 0 -1
1.066885e-002 -4.091595e-001 
1
2
2 4 4 1 0 -1
3 4 2 1 0 2
haar_x4
2.071795e-001 0 -1
-5.138105e-003 9.434863e-001 
1
3
0 1 2 4 0 -1
0 1 1 2 0 2
1 3 1 2 0 2
haar_x2_y2
-3.558271e-001 0 -1
6.753175e-001 -4.616213e-003 
1
2
5 3 1 3 0 -1
5 4 1 1 0 3
haar_y3
-1.140192e-001 0 -1
-3.563614e-001 1.282238e-002 
1
2
4 5 2 1 0 -1
5 5 1 1 0 2
haar_x2
-5.418602e-002 0 -1
-3.471491e-001 1.025746e-002 
1
2
0 4 6 2 0 -1
2 4 2 2 0 3
haar_x3
1.554648e-001 0 -1
-2.054758e-002 2.083197e-001 
1
2
1 4 3 2 0 -1
2 4 1 2 0 3
haar_x3
-1.236011e-003 0 -1
5.544649e-002 -8.065569e-002 
1
2
2 1 4 1 0 -1
2 1 2 1 0 2
tilted_haar_x2
3.489399e-001 0 -1
-6.767712e-003 6.832719e-001 
1
3
1 3 2 2 0 -1
1 3 1 1 0 2
2 4 1 1 0 2
haar_x2_y2
6.417408e-002 0 -1
-3.858383e-002 1.171602e-001 
1
3
0 2 4 4 0 -1
0 2 2 2 0 2
2 4 2 2 0 2
haar_x2_y2
3.093050e-001 0 -1
3.662804e-002 -1.349616e-001 
1
2
1 5 2 1 0 -1
2 5 1 1 0 2
haar_x2
-3.325722e-002 0 -1
-2.077404e-001 2.435319e-002 
1
2
1 0 4 1 0 -1
1 0 2 1 0 2
tilted_haar_x2
-1.644327e-001 0 -1
-2.472919e-001 1.847136e-002 
1
2
4 3 1 2 0 -1
4 4 1 1 0 2
haar_y2
1.543465e-001 0 -1
9.158700e-003 -4.083556e-001 
1
3
3 3 2 2 0 -1
3 3 1 1 0 2
4 4 1 1 0 2
haar_x2_y2
4.287957e-002 0 -1
-2.027365e-002 2.199126e-001 
1
2
3 3 1 2 0 -1
3 4 1 1 0 2
haar_y2
1.490510e-002 0 -1
-2.015717e-001 2.352612e-002 
1
2
2 0 4 6 0 -1
2 2 4 2 0 3
haar_y3
1.889931e-001 0 -1
-1.340586e-002 3.481022e-001 
1
3
1 1 2 2 0 -1
1 1 1 1 0 2
2 2 1 1 0 2
haar_x2_y2
-2.886635e-002 0 -1
6.681723e-002 -6.260962e-002 
1
2
1 1 3 1 0 -1
2 2 1 1 0 3
tilted_haar_x3
-2.668987e-003 0 -1
4.754025e-002 -9.212578e-002 
1
2
0 2 3 3 0 -1
0 3 3 1 0 3
haar_y3
-2.173792e-001 0 -1
-1.285499e-001 3.910730e-002 
1
2
2 2 4 1 0 -1
4 2 2 1 0 2
haar_x2
1.588538e-001 0 -1
4.026710e-002 -1.308604e-001 
1
3
3 1 2 2 0 -1
3 1 1 1 0 2
4 2 1 1 0 2
haar_x2_y2
7.986468e-002 0 -1
-2.885685e-002 1.564946e-001 
1
2
0 2 4 2 0 -1
0 3 4 1 0 2
haar_y2
-2.297859e-001 0 -1
2.656447e-001 -1.608020e-002 
1
2
4 1 1 4 0 -1
4 1 1 2 0 2
tilted_haar_y2
-3.813778e-001 0 -1
6.203252e-002 -7.597629e-002 
1
2
0 0 1 3 0 -1
0 1 1 1 0 3
haar_y3
2.685833e-001 0 -1
6.637345e-003 -7.053560e-001 
1
3
0 0 4 6 0 -1
0 0 2 3 0 2
2 3 2 3 0 2
haar_x2_y2
7.395375e-001 0 -1
-8.523412e-003 5.488281e-001 
1
2
3 0 3 4 0 -1
4 0 1 4 0 3
haar_x3
-7.717041e-001 0 -1
5.503892e-001 -6.577385e-003 
1
2
3 0 3 2 0 -1
4 0 1 2 0 3
haar_x3
-9.920084e-002 0 -1
-2.376262e-001 2.294309e-002 
1
3
4 1 2 4 0 -1
4 1 1 2 0 2
5 3 1 2 0 2
haar_x2_y2
1.275116e-002 0 -1
4.980545e-002 -9.211560e-002 
1
2
1 2 4 4 0 -1
1 3 4 2 0 2
haar_y4
1.961243e-001 0 -1
3.486455e-002 -1.481687e-001 
1
2
1 0 3 1 0 -1
2 0 1 1 0 3
haar_x3
-5.924128e-002 0 -1
-3.051777e-001 1.540718e-002 
1
2
1 4 3 2 0 -1
1 5 3 1 0 2
haar_y2
-3.826921e-002 0 -1
1.927211e-001 -2.161702e-002 
1
2
3 4 2 1 0 -1
4 4 1 1 0 2
haar_x2
1.793548e-001 0 -1
-8.173136e-003 5.710707e-001 
1
2
2 0 2 3 0 -1
3 0 1 3 0 2
haar_x2
1.688934e-001 0 -1
-9.146100e-003 4.048333e-001 
1
2
2 4 3 2 0 -1
3 4 1 2 0 3
haar_x3
-2.065865e-001 0 -1
-4.119054e-001 9.541819e-003 
1
3
1 2 2 4 0 -1
1 2 1 2 0 2
2 4 1 2 0 2
haar_x2_y2
-1.019840e-001 0 -1
3.251756e-001 -1.371177e-002 
1
2
1 1 2 2 0 -1
2 1 1 2 0 2
haar_x2
8.656974e-002 0 -1
9.427450e-003 -4.372424e-001 
1
3
0 0 2 4 0 -1
0 0 1 2 0 2
1 2 1 2 0 2
haar_x2_y2
5.918652e-002 0 -1
-3.425674e-002 1.120777e-001 
1
2
0 1 2 3 0 -1
0 2 2 1 0 3
haar_y3
-2.553701e-003 0 -1
3.517008e-002 -1.292934e-001 
1
3
0 2 6 2 0 -1
0 2 3 1 0 2
3 3 3 1 0 2
haar_x2_y2
-1.904937e-001 0 -1
-1.826428e-001 2.344154e-002 
1
2
1 0 2 2 0 -1
1 1 2 1 0 2
haar_y2
4.098302e-002 0 -1
-3.939892e-002 1.117520e-001 
1
2
0 0 3 3 0 -1
1 1 1 1 0 9
haar_point
-9.012711e-004 0 -1
8.538347e-002 -6.490799e-002 
1
2
1 0 4 6 0 -1
1 3 4 3 0 2
haar_y2
9.307665e-001 0 -1
3.697899e-002 -1.189057e-001 
1
2
4 3 2 1 0 -1
5 3 1 1 0 2
haar_x2
-1.266370e-001 0 -1
-5.701931e-001 6.733282e-003 
1
2
3 2 3 3 0 -1
4 3 1 1 0 9
haar_point
7.105657e-001 0 -1
-1.444047e-002 2.985512e-001 
1
2
4 2 1 4 0 -1
4 4 1 2 0 2
haar_y2
8.012877e-002 0 -1
-1.407838e-001 3.489556e-002 
1
3
3 2 2 2 0 -1
3 2 1 1 0 2
4 3 1 1 0 2
haar_x2_y2
-2.263857e-002 0 -1
1.142720e-001 -3.990379e-002 
1
2
5 2 1 2 0 -1
5 2 1 1 0 2
tilted_haar_y2
-1.080224e-001 0 -1
-1.391797e-001 3.689310e-002 
1
3
3 1 2 4 0 -1
3 1 1 2 0 2
4 3 1 2 0 2
haar_x2_y2
-9.228331e-002 0 -1
-2.213649e-001 1.837170e-002 
1
2
1 4 4 1 0 -1
2 4 2 1 0 2
haar_x4
-1.776816e-002 0 -1
-7.207721e-002 7.499519e-002 
1
2
0 3 6 3 0 -1
2 4 2 1 0 9
haar_point
2.719596e-001 0 -1
4.479131e-002 -1.148478e-001 
1
2
1 3 2 2 0 -1
1 4 2 1 0 2
haar_y2
-5.942372e-002 0 -1
-2.895787e-001 1.463144e-002 
1
2
0 0 6 5 0 -1
2 0 2 5 0 3
haar_x3
5.434168e-001 0 -1
-9.091156e-003 4.785179e-001 
1
2
0 1 2 2 0 -1
1 1 1 2 0 2
haar_x2
-6.568071e-002 0 -1
-9.825389e-002 3.759879e-002 
1
2
0 2 4 1 0 -1
1 2 2 1 0 2
haar_x4
-1.642564e-003 0 -1
4.976010e-002 -8.308982e-002 
1
2
2 4 2 1 0 -1
3 4 1 1 0 2
haar_x2
4.456567e-002 0 -1
1.713778e-002 -2.539429e-001 
1
2
1 2 3 2 0 -1
2 2 1 2 0 3
haar_x3
1.845147e-002 0 -1
-3.123618e-002 1.233148e-001 
1
2
1 0 3 2 0 -1
2 0 1 2 0 3
haar_x3
2.729791e-002 0 -1
3.647876e-002 -1.117194e-001 
1
2
2 2 3 2 0 -1
3 2 1 2 0 3
haar_x3
-4.369785e-001 0 -1
-8.336175e-001 4.314907e-003 
1
2
5 2 1 2 0 -1
5 2 1 1 0 2
tilted_haar_y2
-2.137191e-001 0 -1
-4.991531e-001 6.551206e-003 
1
3
4 2 2 2 0 -1
4 2 1 1 0 2
5 3 1 1 0 2
haar_x2_y2
-3.371332e-002 0 -1
9.956643e-002 -4.030285e-002 
1
3
4 2 2 2 0 -1
4 2 1 1 0 2
5 3 1 1 0 2
haar_x2_y2
3.073185e-002 0 -1
-4.022495e-002 1.365825e-001 
1
2
3 1 1 2 0 -1
3 2 1 1 0 2
haar_y2
-1.711806e-001 0 -1
-3.405613e-001 1.149578e-002 
1
2
3 2 1 4 0 -1
3 3 1 2 0 2
haar_y4
-1.724729e-002 0 -1
-7.031262e-002 5.972777e-002 
1
2
3 1 2 3 0 -1
3 1 1 3 0 2
tilted_haar_x2
-5.617356e-002 0 -1
-8.498830e-002 6.102685e-002 
1
2
2 0 4 4 0 -1
2 2 4 2 0 2
haar_y2
5.927309e-001 0 -1
7.226900e-003 -4.926524e-001 
1
2
2 0 2 6 0 -1
2 3 2 3 0 2
haar_y2
8.783519e-001 0 -1
-7.896463e-003 6.451740e-001 
1
2
1 0 3 2 0 -1
2 0 1 2 0 3
haar_x3
-4.162834e-002 0 -1
-1.085897e-001 3.285363e-002 
1
2
1 4 3 2 0 -1
2 4 1 2 0 3
haar_x3
1.174277e-001 0 -1
7.115586e-003 -4.758806e-001 
1
2
2 0 3 4 0 -1
2 2 3 2 0 2
haar_y2
-4.255061e-001 0 -1
-7.308354e-002 4.888417e-002 
1
2
4 1 1 4 0 -1
4 2 1 2 0 2
haar_y4
-2.364955e-001 0 -1
2.330064e-001 -1.897077e-002 
1
2
1 0 3 6 0 -1
2 2 1 2 0 9
haar_point
-1.797754e+000 0 -1
1.690757e-001 -2.702761e-002 
1
3
0 2 2 2 0 -1
0 2 1 1 0 2
1 3 1 1 0 2
haar_x2_y2
7.830019e-002 0 -1
-2.161518e-002 1.626175e-001 
1
2
1 2 5 2 0 -1
1 3 5 1 0 2
haar_y2
-2.284533e-001 0 -1
2.371460e-001 -1.681227e-002 
1
2
4 2 1 3 0 -1
4 3 1 1 0 3
haar_y3
-4.896995e-002 0 -1
-9.721024e-002 5.260400e-002 
1
2
2 2 1 3 0 -1
2 3 1 1 0 3
haar_y3
-3.068857e-001 0 -1
-9.507936e-001 3.510625e-003 
1
2
4 2 1 2 0 -1
4 3 1 1 0 2
haar_y2
1.137018e-001 0 -1
1.502410e-002 -2.191491e-001 
1
2
2 1 3 1 0 -1
3 2 1 1 0 3
tilted_haar_x3
-4.513662e-001 0 -1
-4.181043e-001 8.047364e-003 
1
2
0 1 3 2 0 -1
1 1 1 2 0 3
haar_x3
2.320007e-001 0 -1
-1.280496e-002 3.221248e-001 
1
2
2 1 1 2 0 -1
2 1 1 1 0 2
tilted_haar_y2
1.554181e-001 0 -1
1.162967e-002 -3.883958e-001 
1
2
1 2 2 2 0 -1
2 2 1 2 0 2
haar_x2
-1.195416e-001 0 -1
-9.500833e-002 4.076784e-002 
1
3
1 3 2 2 0 -1
1 3 1 1 0 2
2 4 1 1 0 2
haar_x2_y2
3.834886e-002 0 -1
-5.066353e-002 7.354657e-002 
1
3
1 2 2 2 0 -1
1 2 1 1 0 2
2 3 1 1 0 2
haar_x2_y2
1.903991e-002 0 -1
-3.695345e-002 9.820309e-002 
1
2
4 2 1 3 0 -1
3 3 1 1 0 3
tilted_haar_y3
-1.226240e-001 0 -1
1.093945e-001 -3.800948e-002 
1
2
2 3 2 1 0 -1
3 3 1 1 0 2
haar_x2
3.565174e-002 0 -1
3.177751e-002 -1.451810e-001 
1
2
0 5 3 1 0 -1
1 5 1 1 0 3
haar_x3
6.294283e-002 0 -1
1.036644e-002 -3.369290e-001 
1
3
2 2 2 2 0 -1
2 2 1 1 0 2
3 3 1 1 0 2
haar_x2_y2
1.585165e-002 0 -1
-4.215245e-002 8.706708e-002 
1
2
0 1 2 4 0 -1
0 3 2 2 0 2
haar_y2
5.360787e-002 0 -1
-8.661103e-002 4.227797e-002 
1
2
0 0 1 3 0 -1
0 1 1 1 0 3
haar_y3
-8.817813e-002 0 -1
-2.016551e-001 2.320935e-002 
1
2
5 0 1 4 0 -1
5 0 1 2 0 2
tilted_haar_y2
-3.256344e-001 0 -1
-1.914879e-001 2.114253e-002 
1
2
2 1 4 3 0 -1
4 1 2 3 0 2
haar_x2
-1.282797e-001 0 -1
2.142727e-001 -2.295942e-002 
1
2
2 2 4 1 0 -1
4 2 2 1 0 2
haar_x2
-6.479241e-002 0 -1
-2.339268e-001 1.891566e-002 
1
2
3 0 1 3 0 -1
3 1 1 1 0 3
haar_y3
-4.484132e-002 0 -1
1.245175e-001 -3.641299e-002 
1
2
3 1 2 4 0 -1
3 3 2 2 0 2
haar_y2
4.432397e-001 0 -1
1.528973e-002 -2.717459e-001 
1
2
4 0 2 1 0 -1
5 0 1 1 0 2
haar_x2
-6.235442e-002 0 -1
-4.094861e-001 9.029316e-003 
1
2
0 1 4 5 0 -1
1 1 2 5 0 2
haar_x4
3.010489e-001 0 -1
-1.707157e-002 2.204019e-001 
1
2
0 4 6 2 0 -1
3 4 3 2 0 2
haar_x2
9.679885e-002 0 -1
-4.096193e-002 9.041378e-002 
1
2
0 5 6 1 0 -1
3 5 3 1 0 2
haar_x2
-4.683764e-002 0 -1
8.448054e-002 -4.305590e-002 
1
2
2 4 4 2 0 -1
4 4 2 2 0 2
haar_x2
-2.200190e-001 0 -1
-4.157200e-001 1.027409e-002 
1
2
2 5 3 1 0 -1
3 5 1 1 0 3
haar_x3
-1.881304e-002 0 -1
-1.205788e-001 3.573745e-002 
1
2
3 5 2 1 0 -1
4 5 1 1 0 2
haar_x2
2.129228e-003 0 -1
-7.730786e-002 7.429007e-002 
1
2
3 5 3 1 0 -1
4 5 1 1 0 3
haar_x3
-1.570450e-003 0 -1
6.890644e-002 -6.534030e-002 
1
2
3 5 3 1 0 -1
4 5 1 1 0 3
haar_x3
-2.367725e-002 0 -1
-1.513999e-001 3.351355e-002 
1
3
0 4 2 2 0 -1
0 4 1 1 0 2
1 5 1 1 0 2
haar_x2_y2
1.247693e-001 0 -1
-8.298511e-003 4.607203e-001 
1
2
0 4 4 1 0 -1
1 4 2 1 0 2
haar_x4
2.231131e-003 0 -1
-5.917444e-002 6.571393e-002 
1
2
2 3 4 3 0 -1
3 3 2 3 0 2
haar_x4
3.006926e-001 0 -1
-7.943163e-003 4.868788e-001 
1
2
0 1 3 5 0 -1
1 1 1 5 0 3
haar_x3
6.587491e-001 0 -1
4.002026e-003 -9.994061e-001 
1
3
2 3 4 2 0 -1
2 3 2 1 0 2
4 4 2 1 0 2
haar_x2_y2
2.191352e-001 0 -1
4.614939e-003 -5.630466e-001 
1
2
0 0 6 3 0 -1
2 0 2 3 0 3
haar_x3
-8.609537e-001 0 -1
2.108734e-001 -1.778318e-002 
1
2
0 0 4 4 0 -1
2 0 2 4 0 2
haar_x2
-1.565552e+000 0 -1
-5.835172e-001 7.521499e-003 
1
2
0 0 6 5 0 -1
3 0 3 5 0 2
haar_x2
1.546404e+000 0 -1
5.778273e-003 -5.253242e-001 
1
2
0 3 6 3 0 -1
2 3 2 3 0 3
haar_x3
-1.479834e+000 0 -1
3.607368e-001 -1.522950e-002 
1
2
4 1 2 2 0 -1
5 1 1 2 0 2
haar_x2
6.297577e-002 0 -1
3.971813e-002 -9.976730e-002 
-7.445909e-001

14
-1
