12
1
2
1 1 6 6 0 -1
3 3 2 2 0 9
haar_point
-5.838563e-001 0 -1
8.235981e-001 -6.945714e-001 
1
2
1 2 6 6 0 -1
1 5 6 3 0 2
haar_y2
3.803679e-001 0 -1
-6.501104e-001 6.924394e-001 
1
2
0 1 7 4 0 -1
0 2 7 2 0 2
haar_y4
-9.305941e-002 0 -1
4.803338e-001 -5.549883e-001 
1
2
7 4 1 4 0 -1
7 6 1 2 0 2
haar_y2
3.419482e-003 0 -1
-5.372713e-001 3.340607e-001 
1
2
0 4 1 4 0 -1
0 6 1 2 0 2
haar_y2
3.692416e-003 0 -1
-5.475423e-001 2.849733e-001 
1
2
2 4 4 4 0 -1
3 4 2 4 0 2
haar_x4
-6.896394e-004 0 -1
2.622164e-001 -5.516920e-001 
1
2
1 1 6 6 0 -1
1 3 6 2 0 3
haar_y3
1.895978e-002 0 -1
-2.339796e-001 5.548864e-001 
1
2
4 0 2 2 0 -1
4 0 2 1 0 2
tilted_haar_x2
1.772980e-002 0 -1
-3.584394e-001 2.958927e-001 
1
2
4 1 4 1 0 -1
5 2 2 1 0 2
tilted_haar_x4
-4.463829e-003 0 -1
2.980167e-001 -6.644671e-001 
1
2
5 5 1 2 0 -1
5 5 1 1 0 2
tilted_haar_x2
-8.311444e-004 0 -1
2.263289e-001 -4.550476e-001 
1
2
2 3 4 2 0 -1
4 3 2 2 0 2
haar_x2
8.756961e-002 0 -1
-2.353281e-001 7.278742e-001 
1
2
3 0 4 3 0 -1
3 0 2 3 0 2
haar_x2
8.256070e-004 0 -1
-2.896636e-001 1.680984e-001 
-2.045327e+000

-1
-1
