36
1
2
1 1 4 3 0 -1
1 2 4 1 0 3
haar_y3
-4.173126e-001 0 -1
4.615636e-001 -2.221017e-001 
1
2
2 0 2 1 0 -1
3 0 1 1 0 2
haar_x2
1.487854e-003 0 -1
-3.647411e-001 2.515365e-001 
1
2
2 0 3 1 0 -1
3 0 1 1 0 3
haar_x3
4.789410e-002 0 -1
1.012327e-001 -6.900256e-001 
1
2
0 2 4 4 0 -1
2 2 2 4 0 2
haar_x2
-1.025471e-003 0 -1
1.672132e-001 -5.781424e-001 
1
2
0 0 3 2 0 -1
1 0 1 2 0 3
haar_x3
3.188540e-002 0 -1
9.512965e-002 -5.078797e-001 
1
2
2 0 1 2 0 -1
2 0 1 1 0 2
tilted_haar_y2
-8.004455e-002 0 -1
-4.213911e-001 1.322612e-001 
1
2
2 5 3 1 0 -1
3 5 1 1 0 3
haar_x3
3.172434e-002 0 -1
7.597183e-002 -6.532706e-001 
1
2
0 1 6 3 0 -1
2 1 2 3 0 3
haar_x3
-1.993178e-001 0 -1
1.423574e-001 -3.691729e-001 
1
2
2 5 3 1 0 -1
3 5 1 1 0 3
haar_x3
-3.027818e-002 0 -1
-4.951349e-001 1.430027e-001 
1
2
1 5 3 1 0 -1
2 5 1 1 0 3
haar_x3
3.807442e-002 0 -1
6.329966e-002 -5.802985e-001 
1
2
3 3 1 2 0 -1
3 4 1 1 0 2
haar_y2
9.862899e-002 0 -1
-1.459314e-001 2.971486e-001 
1
2
2 5 3 1 0 -1
3 5 1 1 0 3
haar_x3
-4.617681e-004 0 -1
2.142754e-001 -2.030586e-001 
1
2
3 5 3 1 0 -1
4 5 1 1 0 3
haar_x3
3.220211e-002 0 -1
9.200808e-002 -5.078841e-001 
1
2
4 4 1 2 0 -1
4 5 1 1 0 2
haar_y2
1.558702e-003 0 -1
-3.269249e-001 1.143264e-001 
1
2
0 0 6 6 0 -1
0 3 6 3 0 2
haar_y2
2.127002e+000 0 -1
9.737197e-002 -5.734043e-001 
1
2
4 2 1 4 0 -1
4 3 1 2 0 2
haar_y4
1.673035e-003 0 -1
-2.440002e-001 2.040312e-001 
1
2
1 0 5 3 0 -1
1 1 5 1 0 3
haar_y3
2.937615e-001 0 -1
-1.224015e-001 3.433069e-001 
1
2
4 0 2 6 0 -1
4 3 2 3 0 2
haar_y2
-3.072077e-001 0 -1
-7.016124e-001 6.138600e-002 
1
2
3 4 1 2 0 -1
3 5 1 1 0 2
haar_y2
9.788430e-004 0 -1
-3.541101e-001 9.577046e-002 
1
2
1 2 3 2 0 -1
2 2 1 2 0 3
haar_x3
-1.523409e-001 0 -1
3.468390e-001 -1.068482e-001 
1
2
1 3 3 1 0 -1
2 3 1 1 0 3
haar_x3
8.873731e-002 0 -1
-6.951398e-002 6.176004e-001 
1
2
1 0 3 2 0 -1
2 0 1 2 0 3
haar_x3
-9.925302e-002 0 -1
-5.377972e-001 7.745234e-002 
1
2
1 0 3 2 0 -1
2 0 1 2 0 3
haar_x3
-1.596267e-003 0 -1
1.732548e-001 -2.625540e-001 
1
2
0 5 2 1 0 -1
1 5 1 1 0 2
haar_x2
3.614789e-002 0 -1
5.972311e-002 -5.163981e-001 
1
2
2 4 2 1 0 -1
3 4 1 1 0 2
haar_x2
4.105210e-002 0 -1
5.742130e-002 -5.093670e-001 
1
2
1 2 3 3 0 -1
2 2 1 3 0 3
haar_x3
-6.884661e-002 0 -1
1.782292e-001 -1.772530e-001 
1
3
2 1 2 2 0 -1
2 1 1 1 0 2
3 2 1 1 0 2
haar_x2_y2
-1.562937e-003 0 -1
1.602040e-001 -2.552867e-001 
1
2
1 0 3 2 0 -1
2 0 1 2 0 3
haar_x3
-5.178551e-002 0 -1
-3.138160e-001 1.176082e-001 
1
2
3 5 2 1 0 -1
4 5 1 1 0 2
haar_x2
1.651478e-003 0 -1
-1.915871e-001 1.710774e-001 
1
2
3 5 2 1 0 -1
4 5 1 1 0 2
haar_x2
2.522628e-002 0 -1
1.096351e-001 -3.497537e-001 
1
2
0 1 3 4 0 -1
0 3 3 2 0 2
haar_y2
7.127187e-001 0 -1
4.572482e-002 -5.828164e-001 
1
2
0 2 3 2 0 -1
1 2 1 2 0 3
haar_x3
-5.987345e-002 0 -1
3.225915e-001 -9.577967e-002 
1
2
0 3 2 1 0 -1
1 3 1 1 0 2
haar_x2
8.471718e-004 0 -1
-1.574386e-001 2.566850e-001 
1
2
2 2 2 2 0 -1
2 2 1 2 0 2
tilted_haar_x2
-2.510111e-001 0 -1
-5.514425e-001 6.045104e-002 
1
2
0 1 1 3 0 -1
0 2 1 1 0 3
haar_y3
-7.486313e-004 0 -1
1.201423e-001 -2.761858e-001 
1
2
0 4 2 2 0 -1
0 5 2 1 0 2
haar_y2
-2.234722e-002 0 -1
-3.823270e-001 8.002724e-002 
-1.243979e+000

5
-1
