29
1
2
5 3 5 3 0 -1
5 4 5 1 0 3
haar_y3
1.280737e-001 0 -1
-1.734389e-001 4.428502e-001 
1
3
1 0 14 6 0 -1
8 0 7 3 0 2
1 3 7 3 0 2
haar_x2_y2
-2.222866e-001 0 -1
-6.294792e-001 8.084099e-002 
1
2
2 0 3 8 0 -1
2 2 3 4 0 2
haar_y4
-8.714180e-002 0 -1
2.679899e-001 -2.712875e-001 
1
2
14 6 1 2 0 -1
14 7 1 1 0 2
haar_y2
-9.769033e-003 0 -1
-6.365810e-001 4.158192e-002 
1
2
0 6 1 2 0 -1
0 7 1 1 0 2
haar_y2
-5.060831e-004 0 -1
1.737807e-001 -2.938504e-001 
1
3
6 1 8 2 0 -1
10 1 4 1 0 2
6 2 4 1 0 2
haar_x2_y2
-3.967417e-002 0 -1
3.812566e-001 -5.547252e-002 
1
3
0 0 8 2 0 -1
0 0 4 1 0 2
4 1 4 1 0 2
haar_x2_y2
1.957892e-002 0 -1
-1.979807e-001 2.527256e-001 
1
2
6 2 3 3 0 -1
6 3 3 1 0 3
haar_y3
9.295939e-002 0 -1
-7.793038e-002 6.232708e-001 
1
2
7 1 1 3 0 -1
7 2 1 1 0 3
haar_y3
2.068864e-002 0 -1
-1.296714e-001 4.677949e-001 
1
2
3 5 9 3 0 -1
6 6 3 1 0 9
haar_point
-2.039222e-001 0 -1
3.356810e-001 -1.221986e-001 
1
3
1 5 8 2 0 -1
1 5 4 1 0 2
5 6 4 1 0 2
haar_x2_y2
3.132160e-002 0 -1
-8.851061e-002 5.278007e-001 
1
2
3 0 9 6 0 -1
6 0 3 6 0 3
haar_x3
7.421322e-002 0 -1
-1.890391e-001 2.009823e-001 
1
2
0 1 1 3 0 -1
0 2 1 1 0 3
haar_y3
-1.250789e-002 0 -1
-4.448018e-001 8.787125e-002 
1
2
10 5 3 3 0 -1
11 5 1 3 0 3
haar_x3
-1.738493e-002 0 -1
-8.065346e-001 5.539808e-002 
1
2
3 1 8 2 0 -1
3 2 8 1 0 2
haar_y2
-1.147217e-001 0 -1
3.095429e-001 -1.380941e-001 
1
2
4 0 7 3 0 -1
4 1 7 1 0 3
haar_y3
-1.165662e-001 0 -1
5.368587e-001 -6.341849e-002 
1
2
1 0 3 3 0 -1
2 0 1 3 0 3
haar_x3
2.417096e-002 0 -1
4.343415e-002 -8.828250e-001 
1
2
13 1 2 3 0 -1
13 2 2 1 0 3
haar_y3
3.716405e-002 0 -1
2.569230e-002 -8.638247e-001 
1
2
2 1 2 3 0 -1
2 2 2 1 0 3
haar_y3
9.452208e-004 0 -1
-2.056389e-001 2.010253e-001 
1
2
13 1 2 3 0 -1
13 2 2 1 0 3
haar_y3
1.630354e-002 0 -1
4.246352e-002 -2.989981e-001 
1
2
0 1 2 3 0 -1
0 2 2 1 0 3
haar_y3
3.588513e-002 0 -1
4.085537e-002 -9.767343e-001 
1
3
11 2 2 2 0 -1
12 2 1 1 0 2
11 3 1 1 0 2
haar_x2_y2
6.344289e-003 0 -1
-7.992015e-002 2.366394e-001 
1
2
1 3 3 3 0 -1
1 4 3 1 0 3
haar_y3
1.417393e-002 0 -1
-1.627149e-001 2.408289e-001 
1
2
11 2 2 3 0 -1
10 3 2 1 0 3
tilted_haar_x3
3.005397e-002 0 -1
-1.295705e-001 1.861020e-001 
1
2
4 2 3 2 0 -1
5 3 1 2 0 3
tilted_haar_x3
-5.307304e-002 0 -1
5.378184e-001 -1.209120e-001 
1
3
3 0 10 6 0 -1
8 0 5 3 0 2
3 3 5 3 0 2
haar_x2_y2
-1.506168e-001 0 -1
-6.038831e-001 6.985177e-002 
1
2
0 2 8 6 0 -1
0 5 8 3 0 2
haar_y2
-3.074986e-002 0 -1
-5.635710e-001 6.637117e-002 
1
2
7 3 4 5 0 -1
8 3 2 5 0 2
haar_x4
-2.855832e-002 0 -1
-6.775509e-001 3.289131e-002 
1
2
6 0 2 1 0 -1
7 0 1 1 0 2
haar_x2
-2.997112e-003 0 -1
2.933608e-001 -1.408297e-001 
-9.164832e-001

11
-1
