18
1
2
1 1 6 6 0 -1
3 3 2 2 0 9
haar_point
-6.865140e-001 0 -1
4.679151e-001 -5.502322e-001 
1
2
1 1 6 4 0 -1
1 2 6 2 0 2
haar_y4
-2.256796e-001 0 -1
5.576948e-001 -2.441381e-001 
1
2
0 0 3 8 0 -1
0 4 3 4 0 2
haar_y2
8.525711e-003 0 -1
-6.450349e-001 1.785424e-001 
1
2
4 2 1 3 0 -1
3 3 1 1 0 3
tilted_haar_x3
8.195540e-002 0 -1
-6.727151e-002 5.697780e-001 
1
2
0 2 8 4 0 -1
0 3 8 2 0 2
haar_y4
-2.993289e-001 0 -1
6.020285e-001 -1.882730e-001 
1
2
1 0 6 6 0 -1
3 0 2 6 0 3
haar_x3
-1.032461e-001 0 -1
2.287882e-001 -3.499676e-001 
1
2
0 7 8 1 0 -1
4 7 4 1 0 2
haar_x2
-1.023711e-001 0 -1
-7.001549e-001 1.106945e-001 
1
2
4 0 4 2 0 -1
5 0 2 2 0 2
haar_x4
4.355196e-002 0 -1
8.191944e-002 -6.340081e-001 
1
2
0 0 4 2 0 -1
1 0 2 2 0 2
haar_x4
-5.894328e-004 0 -1
2.121131e-001 -3.566664e-001 
1
2
3 3 3 2 0 -1
4 3 1 2 0 3
haar_x3
-3.028415e-002 0 -1
2.180823e-001 -1.874773e-001 
1
2
1 7 6 1 0 -1
4 7 3 1 0 2
haar_x2
7.532768e-002 0 -1
1.163877e-001 -7.100965e-001 
1
2
3 3 3 2 0 -1
4 3 1 2 0 3
haar_x3
2.953377e-002 0 -1
-9.111237e-002 4.928625e-001 
1
2
2 3 3 2 0 -1
3 3 1 2 0 3
haar_x3
4.438475e-002 0 -1
-9.372219e-002 6.803613e-001 
1
2
4 5 1 2 0 -1
4 5 1 1 0 2
tilted_haar_x2
4.189594e-002 0 -1
5.207825e-002 -8.017108e-001 
1
2
2 0 3 2 0 -1
3 0 1 2 0 3
haar_x3
2.597276e-002 0 -1
8.177485e-002 -7.106153e-001 
1
2
3 0 3 1 0 -1
4 0 1 1 0 3
haar_x3
2.227264e-002 0 -1
4.226943e-002 -7.245089e-001 
1
2
0 4 3 1 0 -1
1 4 1 1 0 3
haar_x3
4.170493e-002 0 -1
-1.114617e-001 5.845349e-001 
1
2
2 1 4 3 0 -1
2 2 4 1 0 3
haar_y3
-1.007306e-001 0 -1
4.563669e-001 -1.206064e-001 
-1.233641e+000

3
-1
