27
1
2
5 0 1 4 0 -1
4 1 1 2 0 2
tilted_haar_y4
-2.226251e-001 0 -1
3.683033e-001 -5.250185e-001 
1
2
2 0 3 3 0 -1
2 1 3 1 0 3
haar_y3
1.866657e-001 0 -1
-2.221523e-001 5.485952e-001 
1
2
4 2 2 1 0 -1
4 2 1 1 0 2
tilted_haar_x2
-1.372069e-001 0 -1
2.935523e-001 -3.080858e-001 
1
2
3 0 2 2 0 -1
4 0 1 2 0 2
haar_x2
1.015461e-001 0 -1
8.850424e-002 -7.352511e-001 
1
3
0 0 2 4 0 -1
0 0 1 2 0 2
1 2 1 2 0 2
haar_x2_y2
3.731263e-002 0 -1
-1.739347e-001 3.355589e-001 
1
2
5 1 1 2 0 -1
5 2 1 1 0 2
haar_y2
-2.567125e-003 0 -1
1.781228e-001 -3.156691e-001 
1
2
0 0 1 6 0 -1
0 3 1 3 0 2
haar_y2
-9.618098e-002 0 -1
-7.544766e-001 1.167522e-001 
1
2
0 4 6 2 0 -1
3 4 3 2 0 2
haar_x2
-4.647095e-001 0 -1
-7.670061e-001 7.015859e-002 
1
2
2 5 2 1 0 -1
3 5 1 1 0 2
haar_x2
4.147257e-002 0 -1
4.898625e-002 -7.971969e-001 
1
2
1 0 4 3 0 -1
1 1 4 1 0 3
haar_y3
-2.549043e-001 0 -1
4.408731e-001 -1.430219e-001 
1
2
0 0 6 1 0 -1
3 0 3 1 0 2
haar_x2
3.652158e-001 0 -1
5.966103e-002 -7.318451e-001 
1
2
0 0 3 1 0 -1
1 0 1 1 0 3
haar_x3
-1.495842e-003 0 -1
1.555871e-001 -2.750551e-001 
1
2
0 0 3 2 0 -1
1 0 1 2 0 3
haar_x3
-1.053925e-001 0 -1
-5.006312e-001 9.914601e-002 
1
2
0 0 4 4 0 -1
0 2 4 2 0 2
haar_y2
6.523274e-001 0 -1
5.062426e-002 -7.558102e-001 
1
2
2 2 2 2 0 -1
2 2 1 2 0 2
tilted_haar_x2
-2.039403e-001 0 -1
-4.366378e-001 9.004702e-002 
1
2
0 4 1 2 0 -1
0 5 1 1 0 2
haar_y2
1.582982e-003 0 -1
-3.432774e-001 1.660122e-001 
1
2
2 5 3 1 0 -1
3 5 1 1 0 3
haar_x3
-4.529690e-002 0 -1
-5.576444e-001 7.592385e-002 
1
2
3 5 2 1 0 -1
4 5 1 1 0 2
haar_x2
1.721314e-003 0 -1
-2.246806e-001 1.958308e-001 
1
2
1 0 4 6 0 -1
1 3 4 3 0 2
haar_y2
-7.142655e-001 0 -1
-8.827958e-001 4.973485e-002 
1
2
2 3 3 1 0 -1
3 3 1 1 0 3
haar_x3
-6.943502e-002 0 -1
2.620743e-001 -1.641326e-001 
1
2
3 4 2 1 0 -1
4 4 1 1 0 2
haar_x2
4.596930e-002 0 -1
1.064175e-001 -4.212445e-001 
1
2
0 2 3 2 0 -1
1 2 1 2 0 3
haar_x3
-9.537964e-002 0 -1
4.571395e-001 -8.982314e-002 
1
2
1 3 3 1 0 -1
2 3 1 1 0 3
haar_x3
-6.370170e-002 0 -1
3.252637e-001 -1.269700e-001 
1
2
3 0 2 1 0 -1
4 0 1 1 0 2
haar_x2
1.504004e-003 0 -1
-2.261266e-001 1.727674e-001 
1
2
0 4 1 2 0 -1
0 5 1 1 0 2
haar_y2
5.127499e-002 0 -1
1.118041e-001 -3.430824e-001 
1
3
2 0 4 6 0 -1
2 0 2 3 0 2
4 3 2 3 0 2
haar_x2_y2
-3.865492e-001 0 -1
-6.063983e-001 5.809277e-002 
1
2
3 2 3 3 0 -1
4 3 1 1 0 9
haar_point
-4.362407e-001 0 -1
4.203522e-001 -9.167973e-002 
-1.367525e+000

4
-1
