17
1
2
3 2 8 3 0 -1
3 3 8 1 0 3
haar_y3
-1.633039e-001 0 -1
7.000956e-001 -3.288093e-001 
1
2
9 0 6 6 0 -1
11 2 2 2 0 9
haar_point
-3.537560e-001 0 -1
5.869002e-001 -3.374245e-001 
1
2
0 1 8 4 0 -1
2 1 4 4 0 2
haar_x4
-3.220139e-002 0 -1
2.922008e-001 -3.345804e-001 
1
2
4 2 8 2 0 -1
4 3 8 1 0 2
haar_y2
1.257408e-001 0 -1
-1.428172e-001 7.672330e-001 
1
2
3 2 6 6 0 -1
5 2 2 6 0 3
haar_x3
8.880475e-002 0 -1
1.393882e-001 -8.337915e-001 
1
2
6 3 3 5 0 -1
7 3 1 5 0 3
haar_x3
1.373290e-002 0 -1
1.437034e-001 -7.541713e-001 
1
2
0 0 2 2 0 -1
0 1 2 1 0 2
haar_y2
9.231090e-003 0 -1
1.092247e-001 -7.381865e-001 
1
2
6 3 5 3 0 -1
6 4 5 1 0 3
haar_y3
1.173766e-001 0 -1
-1.649594e-001 5.662082e-001 
1
2
3 2 4 2 0 -1
3 2 2 2 0 2
tilted_haar_x2
-1.008769e-002 0 -1
1.875770e-001 -4.786968e-001 
1
2
9 5 3 3 0 -1
10 6 1 1 0 9
haar_point
-7.205440e-002 0 -1
-7.395968e-001 3.487795e-002 
1
2
3 5 3 3 0 -1
4 6 1 1 0 9
haar_point
2.510053e-002 0 -1
1.647545e-001 -5.539947e-001 
1
2
9 1 3 3 0 -1
9 2 3 1 0 3
haar_y3
1.168410e-002 0 -1
-2.113288e-001 3.308175e-001 
1
2
6 2 3 3 0 -1
6 3 3 1 0 3
haar_y3
6.613821e-002 0 -1
-1.210946e-001 6.395523e-001 
1
2
14 2 1 3 0 -1
14 3 1 1 0 3
haar_y3
1.180358e-002 0 -1
9.885041e-002 -6.099539e-001 
1
2
2 0 1 2 0 -1
2 0 1 1 0 2
tilted_haar_y2
2.547624e-002 0 -1
9.958933e-002 -7.263308e-001 
1
2
13 5 2 1 0 -1
13 5 1 1 0 2
tilted_haar_y2
-1.206892e-002 0 -1
-5.464425e-001 1.066329e-001 
1
2
0 2 14 2 0 -1
7 2 7 2 0 2
haar_x2
1.504091e-001 0 -1
9.670673e-002 -7.430515e-001 
-1.334484e+000

3
-1
