14
1
2
2 2 3 1 0 -1
3 3 1 1 0 3
tilted_haar_x3
2.565654e-002 0 -1
3.392514e-001 -6.216257e-001 
1
2
2 4 3 2 0 -1
2 5 3 1 0 2
haar_y2
3.879272e-002 0 -1
-4.011386e-001 3.100730e-001 
1
2
2 1 3 3 0 -1
3 1 1 3 0 3
haar_x3
-1.810688e-002 0 -1
2.031824e-001 -4.480582e-001 
1
2
0 2 6 3 0 -1
0 3 6 1 0 3
haar_y3
6.034677e-001 0 -1
1.065966e-001 -8.953015e-001 
1
2
1 2 5 2 0 -1
1 3 5 1 0 2
haar_y2
6.176282e-002 0 -1
-4.371110e-001 2.138982e-001 
1
2
2 5 3 1 0 -1
3 5 1 1 0 3
haar_x3
-4.715844e-002 0 -1
-7.159848e-001 6.971552e-002 
1
2
2 5 3 1 0 -1
3 5 1 1 0 3
haar_x3
3.738749e-002 0 -1
1.012282e-001 -7.578591e-001 
1
2
0 3 6 3 0 -1
0 4 6 1 0 3
haar_y3
7.504343e-001 0 -1
4.823000e-002 -9.110702e-001 
1
2
0 0 3 2 0 -1
1 0 1 2 0 3
haar_x3
4.595083e-002 0 -1
1.242370e-001 -4.485274e-001 
1
2
3 5 3 1 0 -1
4 5 1 1 0 3
haar_x3
2.880552e-002 0 -1
1.036273e-001 -4.958282e-001 
1
2
0 1 6 3 0 -1
0 2 6 1 0 3
haar_y3
-1.119575e+000 0 -1
-8.191991e-001 5.351180e-002 
1
2
1 0 3 2 0 -1
2 0 1 2 0 3
haar_x3
9.968542e-002 0 -1
5.956199e-002 -6.938852e-001 
1
2
2 1 1 4 0 -1
2 2 1 2 0 2
haar_y4
-2.278356e-001 0 -1
5.304928e-001 -1.079057e-001 
1
2
0 3 6 2 0 -1
0 4 6 1 0 2
haar_y2
7.466047e-001 0 -1
7.331128e-002 -8.940991e-001 
-1.197575e+000

7
-1
