245
1
2
3 3 3 1 0 -1
4 3 1 1 0 3
haar_x3
9.178879e-002 0 -1
-1.266340e-001 3.089044e-001 
1
2
0 3 3 1 0 -1
1 3 1 1 0 3
haar_x3
6.251160e-002 0 -1
-1.066578e-001 1.954942e-001 
1
2
1 1 5 3 0 -1
1 2 5 1 0 3
haar_y3
-3.012285e-001 0 -1
9.301682e-002 -1.811495e-001 
1
2
2 5 3 1 0 -1
3 5 1 1 0 3
haar_x3
-1.963353e-003 0 -1
9.313577e-002 -1.097508e-001 
1
2
0 4 1 2 0 -1
0 5 1 1 0 2
haar_y2
1.868791e-003 0 -1
-1.463918e-001 7.650221e-002 
1
2
0 0 6 3 0 -1
2 1 2 1 0 9
haar_point
-1.035663e+000 0 -1
2.825412e-001 -2.458025e-002 
1
2
0 1 1 2 0 -1
0 2 1 1 0 2
haar_y2
5.925632e-002 0 -1
3.708113e-002 -3.388832e-001 
1
2
3 1 3 1 0 -1
4 1 1 1 0 3
haar_x3
-1.061182e-001 0 -1
-6.525722e-001 4.824630e-004 
1
3
0 2 2 2 0 -1
0 2 1 1 0 2
1 3 1 1 0 2
haar_x2_y2
-1.423307e-002 0 -1
1.432736e-001 -4.658341e-002 
1
2
0 0 1 2 0 -1
0 1 1 1 0 2
haar_y2
-1.125420e-001 0 -1
-3.947864e-001 2.469772e-002 
1
2
3 4 3 2 0 -1
4 4 1 2 0 3
haar_x3
-1.570883e-003 0 -1
9.084246e-002 -7.835736e-002 
1
2
2 5 2 1 0 -1
3 5 1 1 0 2
haar_x2
1.816266e-003 0 -1
-7.626115e-002 1.078108e-001 
1
2
3 2 3 4 0 -1
3 3 3 2 0 2
haar_y4
-6.192590e-002 0 -1
-1.516548e-001 4.478199e-002 
1
2
2 2 3 3 0 -1
3 3 1 1 0 9
haar_point
-4.010951e-001 0 -1
1.252178e-001 -5.845894e-002 
1
2
5 4 1 2 0 -1
5 5 1 1 0 2
haar_y2
1.844753e-003 0 -1
-1.587867e-001 4.288506e-002 
1
3
0 4 2 2 0 -1
0 4 1 1 0 2
1 5 1 1 0 2
haar_x2_y2
-6.496601e-002 0 -1
-3.891610e-001 1.405272e-002 
1
2
1 2 3 2 0 -1
2 2 1 2 0 3
haar_x3
-1.046501e-001 0 -1
1.003180e-001 -6.870247e-002 
1
3
0 2 4 4 0 -1
0 2 2 2 0 2
2 4 2 2 0 2
haar_x2_y2
3.136431e-001 0 -1
3.163975e-002 -2.352606e-001 
1
2
2 2 3 1 0 -1
3 2 1 1 0 3
haar_x3
-3.191739e-002 0 -1
8.180382e-002 -1.012925e-001 
1
2
5 2 1 2 0 -1
5 2 1 1 0 2
tilted_haar_y2
4.335049e-002 0 -1
4.539136e-002 -1.734458e-001 
1
3
0 1 2 2 0 -1
0 1 1 1 0 2
1 2 1 1 0 2
haar_x2_y2
-4.608259e-002 0 -1
1.779136e-001 -4.709322e-002 
1
3
4 3 2 2 0 -1
4 3 1 1 0 2
5 4 1 1 0 2
haar_x2_y2
-9.802590e-002 0 -1
3.931519e-001 -1.969503e-002 
1
2
0 1 3 1 0 -1
1 1 1 1 0 3
haar_x3
-1.506006e-003 0 -1
8.302682e-002 -8.498672e-002 
1
2
1 0 4 1 0 -1
3 0 2 1 0 2
haar_x2
-5.080474e-002 0 -1
1.165816e-001 -6.353566e-002 
1
2
2 0 3 1 0 -1
3 0 1 1 0 3
haar_x3
-4.640320e-002 0 -1
-3.325106e-001 2.285481e-002 
1
3
4 3 2 2 0 -1
4 3 1 1 0 2
5 4 1 1 0 2
haar_x2_y2
1.785249e-003 0 -1
-8.906247e-002 7.879521e-002 
1
2
1 4 3 2 0 -1
2 4 1 2 0 3
haar_x3
-9.187007e-002 0 -1
-2.611514e-001 2.684504e-002 
1
2
2 0 4 5 0 -1
4 0 2 5 0 2
haar_x2
2.382867e-001 0 -1
-8.067565e-002 8.911371e-002 
1
3
0 0 6 4 0 -1
0 0 3 2 0 2
3 2 3 2 0 2
haar_x2_y2
-4.118767e-001 0 -1
2.071614e-001 -3.189408e-002 
1
2
1 0 4 2 0 -1
3 0 2 2 0 2
haar_x2
-4.524921e-002 0 -1
9.818759e-002 -9.170348e-002 
1
2
2 1 4 2 0 -1
3 1 2 2 0 2
haar_x4
-1.700759e-001 0 -1
-2.975409e-001 2.650288e-002 
1
2
4 0 2 3 0 -1
3 1 2 1 0 3
tilted_haar_y3
2.140137e-001 0 -1
-1.290384e-002 5.697397e-001 
1
2
3 5 3 1 0 -1
4 5 1 1 0 3
haar_x3
-3.911840e-002 0 -1
-2.796849e-001 2.435712e-002 
1
3
0 3 2 2 0 -1
0 3 1 1 0 2
1 4 1 1 0 2
haar_x2_y2
-1.209879e-002 0 -1
9.799242e-002 -6.891243e-002 
1
3
0 3 2 2 0 -1
0 3 1 1 0 2
1 4 1 1 0 2
haar_x2_y2
1.121238e-001 0 -1
-1.422015e-002 4.751402e-001 
1
2
4 1 2 2 0 -1
5 1 1 2 0 2
haar_x2
1.678953e-003 0 -1
-1.218026e-001 5.293055e-002 
1
2
4 1 1 4 0 -1
4 3 1 2 0 2
haar_y2
2.446103e-001 0 -1
2.427095e-002 -2.571634e-001 
1
3
1 0 2 2 0 -1
1 0 1 1 0 2
2 1 1 1 0 2
haar_x2_y2
8.729848e-002 0 -1
6.806097e-003 -7.875745e-001 
1
3
3 2 2 2 0 -1
3 2 1 1 0 2
4 3 1 1 0 2
haar_x2_y2
4.493864e-002 0 -1
-5.005009e-002 1.290502e-001 
1
2
3 0 3 1 0 -1
4 0 1 1 0 3
haar_x3
-5.857449e-002 0 -1
-2.964533e-001 1.993768e-002 
1
2
3 2 3 1 0 -1
4 2 1 1 0 3
haar_x3
1.548003e-001 0 -1
-2.146596e-002 3.059563e-001 
1
2
5 3 1 3 0 -1
5 4 1 1 0 3
haar_y3
-6.212344e-002 0 -1
-2.368759e-001 2.464980e-002 
1
3
1 3 2 2 0 -1
1 3 1 1 0 2
2 4 1 1 0 2
haar_x2_y2
-2.667340e-002 0 -1
2.076277e-001 -2.805811e-002 
1
2
0 1 2 2 0 -1
1 1 1 2 0 2
haar_x2
-8.382462e-002 0 -1
-1.738771e-001 3.876748e-002 
1
2
0 2 2 1 0 -1
1 2 1 1 0 2
haar_x2
-1.764235e-003 0 -1
5.437425e-002 -1.263880e-001 
1
2
0 1 2 3 0 -1
1 1 1 3 0 2
haar_x2
-9.832475e-003 0 -1
-6.655873e-002 9.836805e-002 
1
2
2 1 3 2 0 -1
2 1 3 1 0 2
tilted_haar_y2
-2.611418e-001 0 -1
5.710754e-002 -1.201148e-001 
1
3
0 0 4 6 0 -1
0 0 2 3 0 2
2 3 2 3 0 2
haar_x2_y2
-1.128699e-001 0 -1
-1.256191e-001 5.230126e-002 
1
2
0 5 4 1 0 -1
2 5 2 1 0 2
haar_x2
1.301931e-001 0 -1
5.451879e-003 -9.155102e-001 
1
2
4 2 2 4 0 -1
4 4 2 2 0 2
haar_y2
4.252473e-001 0 -1
4.516707e-002 -1.189552e-001 
1
2
2 1 3 3 0 -1
3 1 1 3 0 3
haar_x3
5.189370e-002 0 -1
-2.621513e-002 2.013770e-001 
1
2
3 1 2 3 0 -1
3 1 1 3 0 2
tilted_haar_x2
-2.696885e-001 0 -1
-1.727974e-001 3.353911e-002 
1
2
0 0 3 2 0 -1
1 0 1 2 0 3
haar_x3
4.268042e-002 0 -1
3.260653e-002 -1.697984e-001 
1
2
5 0 1 2 0 -1
5 1 1 1 0 2
haar_y2
1.329168e-001 0 -1
6.074114e-003 -7.555754e-001 
1
2
0 0 6 1 0 -1
2 0 2 1 0 3
haar_x3
5.673640e-002 0 -1
-4.818305e-002 1.056036e-001 
1
2
0 0 6 1 0 -1
2 0 2 1 0 3
haar_x3
-5.114966e-002 0 -1
1.296195e-001 -7.209647e-002 
1
2
2 0 1 2 0 -1
2 0 1 1 0 2
tilted_haar_y2
-7.567208e-002 0 -1
-1.848397e-001 2.899827e-002 
1
2
1 1 2 1 0 -1
2 1 1 1 0 2
haar_x2
-1.478282e-003 0 -1
5.921116e-002 -9.425630e-002 
1
2
1 2 2 4 0 -1
1 3 2 2 0 2
haar_y4
9.786255e-002 0 -1
4.781522e-002 -1.079325e-001 
1
2
2 1 3 2 0 -1
3 2 1 2 0 3
tilted_haar_x3
-3.595950e-001 0 -1
-1.631529e-001 3.630511e-002 
1
2
0 1 3 3 0 -1
1 1 1 3 0 3
haar_x3
-5.943837e-002 0 -1
1.491714e-001 -4.310581e-002 
1
2
1 0 3 2 0 -1
2 0 1 2 0 3
haar_x3
-7.520057e-002 0 -1
-2.310545e-001 2.229280e-002 
1
2
2 0 4 1 0 -1
3 0 2 1 0 2
haar_x4
3.251206e-002 0 -1
-3.531531e-002 1.556700e-001 
1
2
1 2 1 4 0 -1
1 4 1 2 0 2
haar_y2
2.861661e-001 0 -1
2.441793e-002 -2.075708e-001 
1
2
2 2 2 1 0 -1
3 2 1 1 0 2
haar_x2
1.755832e-003 0 -1
-6.839289e-002 8.270966e-002 
1
2
4 0 2 4 0 -1
4 2 2 2 0 2
haar_y2
3.415349e-001 0 -1
1.664758e-002 -3.027962e-001 
1
2
4 0 1 6 0 -1
4 3 1 3 0 2
haar_y2
1.910467e-003 0 -1
-2.319676e-001 2.334643e-002 
1
2
0 2 1 2 0 -1
0 3 1 1 0 2
haar_y2
-5.167545e-002 0 -1
2.005673e-001 -2.701987e-002 
1
2
2 5 4 1 0 -1
3 5 2 1 0 2
haar_x4
-1.972112e-003 0 -1
6.515942e-002 -8.040997e-002 
1
2
2 5 3 1 0 -1
3 5 1 1 0 3
haar_x3
-3.125779e-002 0 -1
-2.101823e-001 2.627611e-002 
1
2
2 2 4 2 0 -1
4 2 2 2 0 2
haar_x2
1.745495e-003 0 -1
-1.679100e-001 2.837070e-002 
1
2
1 0 3 6 0 -1
2 2 1 2 0 9
haar_point
1.133935e-002 0 -1
-2.264852e-002 3.111701e-001 
1
2
2 1 2 2 0 -1
2 2 2 1 0 2
haar_y2
1.239298e-001 0 -1
1.025058e-002 -5.096614e-001 
1
2
0 3 6 3 0 -1
2 3 2 3 0 3
haar_x3
3.578069e-001 0 -1
-8.998539e-003 6.274144e-001 
1
2
1 5 2 1 0 -1
2 5 1 1 0 2
haar_x2
-1.697237e-003 0 -1
7.102082e-002 -7.917522e-002 
1
2
1 5 2 1 0 -1
2 5 1 1 0 2
haar_x2
1.956773e-003 0 -1
-5.467440e-002 9.977130e-002 
1
2
0 3 4 1 0 -1
2 3 2 1 0 2
haar_x2
5.308809e-002 0 -1
2.048142e-002 -2.636630e-001 
1
2
3 0 3 6 0 -1
3 2 3 2 0 3
haar_y3
4.550951e-001 0 -1
-1.136989e-002 5.139174e-001 
1
2
5 3 1 2 0 -1
5 3 1 1 0 2
tilted_haar_y2
-3.109677e-002 0 -1
5.362434e-002 -9.253895e-002 
1
2
3 1 3 2 0 -1
4 2 1 2 0 3
tilted_haar_x3
-7.514709e-001 0 -1
-6.214964e-001 5.832428e-003 
1
2
2 3 4 1 0 -1
4 3 2 1 0 2
haar_x2
3.444247e-001 0 -1
-1.433667e-002 3.886811e-001 
1
2
1 3 1 3 0 -1
1 4 1 1 0 3
haar_y3
-1.763969e-003 0 -1
8.625986e-002 -5.053592e-002 
1
2
2 1 3 1 0 -1
3 1 1 1 0 3
haar_x3
-5.149310e-002 0 -1
-2.054129e-001 2.358420e-002 
1
2
4 1 2 2 0 -1
4 1 2 1 0 2
tilted_haar_y2
2.803937e-001 0 -1
1.604349e-002 -2.904560e-001 
1
2
3 2 3 3 0 -1
4 2 1 3 0 3
haar_x3
5.460465e-002 0 -1
-7.871091e-002 7.420775e-002 
1
2
0 3 1 3 0 -1
0 4 1 1 0 3
haar_y3
-2.436339e-002 0 -1
-1.349746e-001 3.640601e-002 
1
2
3 0 3 1 0 -1
4 0 1 1 0 3
haar_x3
-1.884606e-003 0 -1
6.385059e-002 -7.570181e-002 
1
2
3 2 1 2 0 -1
3 2 1 1 0 2
tilted_haar_y2
-3.569072e-001 0 -1
6.721912e-001 -6.818684e-003 
1
2
3 2 3 1 0 -1
4 2 1 1 0 3
haar_x3
-1.588805e-002 0 -1
9.738461e-002 -4.664781e-002 
1
3
3 2 2 2 0 -1
3 2 1 1 0 2
4 3 1 1 0 2
haar_x2_y2
-3.134100e-002 0 -1
1.445993e-001 -4.129779e-002 
1
2
1 2 1 2 0 -1
1 3 1 1 0 2
haar_y2
1.423906e-001 0 -1
1.256422e-002 -4.033334e-001 
1
2
0 2 3 1 0 -1
1 2 1 1 0 3
haar_x3
-9.351742e-003 0 -1
7.975251e-002 -5.425524e-002 
1
2
0 1 2 2 0 -1
1 1 1 2 0 2
haar_x2
-4.407749e-002 0 -1
-1.022387e-001 6.685153e-002 
1
2
0 4 6 2 0 -1
2 4 2 2 0 3
haar_x3
-7.896446e-002 0 -1
7.379292e-002 -6.952818e-002 
1
2
0 4 2 1 0 -1
1 4 1 1 0 2
haar_x2
1.456571e-002 0 -1
-4.552794e-002 1.297235e-001 
1
2
2 4 3 1 0 -1
3 4 1 1 0 3
haar_x3
-4.045670e-002 0 -1
-1.545161e-001 3.569273e-002 
1
2
2 2 3 3 0 -1
3 2 1 3 0 3
haar_x3
-1.302336e-001 0 -1
8.127930e-002 -5.977997e-002 
1
2
0 1 4 4 0 -1
1 1 2 4 0 2
haar_x4
-1.029308e-001 0 -1
9.826525e-002 -5.409390e-002 
1
2
2 4 3 1 0 -1
3 4 1 1 0 3
haar_x3
4.978423e-002 0 -1
1.420991e-002 -3.410886e-001 
1
2
3 4 2 1 0 -1
4 4 1 1 0 2
haar_x2
-1.522165e-003 0 -1
9.571338e-002 -5.152582e-002 
1
2
3 4 2 1 0 -1
4 4 1 1 0 2
haar_x2
1.859884e-003 0 -1
-8.382167e-002 6.175125e-002 
1
2
5 4 1 2 0 -1
5 5 1 1 0 2
haar_y2
-5.485158e-002 0 -1
-4.529741e-001 1.047667e-002 
1
2
3 0 1 3 0 -1
2 1 1 1 0 3
tilted_haar_y3
-2.267573e-001 0 -1
-1.815435e-001 2.374339e-002 
1
2
1 0 1 4 0 -1
1 1 1 2 0 2
haar_y4
-3.903303e-002 0 -1
4.806981e-002 -9.351278e-002 
1
2
1 0 2 2 0 -1
1 1 2 1 0 2
haar_y2
7.553531e-002 0 -1
-3.578921e-002 1.931321e-001 
1
2
2 1 2 2 0 -1
2 1 1 2 0 2
tilted_haar_x2
-2.054022e-001 0 -1
-2.193286e-001 2.135888e-002 
1
2
2 0 2 3 0 -1
2 1 2 1 0 3
haar_y3
-5.312154e-002 0 -1
1.025432e-001 -4.886011e-002 
1
2
2 1 4 2 0 -1
2 2 4 1 0 2
haar_y2
-1.151820e-001 0 -1
6.938066e-002 -9.289324e-002 
1
2
3 3 3 3 0 -1
4 4 1 1 0 9
haar_point
2.728589e-002 0 -1
8.387455e-002 -5.533265e-002 
1
2
4 1 2 2 0 -1
5 1 1 2 0 2
haar_x2
8.358307e-002 0 -1
3.056482e-002 -1.650372e-001 
1
2
1 0 3 1 0 -1
2 0 1 1 0 3
haar_x3
7.134347e-002 0 -1
9.902416e-003 -4.225073e-001 
1
2
0 0 4 3 0 -1
1 0 2 3 0 2
haar_x4
2.900797e-001 0 -1
-8.497128e-003 5.564116e-001 
1
2
3 0 1 3 0 -1
2 1 1 1 0 3
tilted_haar_y3
8.494557e-002 0 -1
2.321814e-002 -2.046945e-001 
1
2
0 1 6 3 0 -1
0 2 6 1 0 3
haar_y3
1.299626e-001 0 -1
-1.763114e-002 2.895289e-001 
1
3
4 1 2 4 0 -1
4 1 1 2 0 2
5 3 1 2 0 2
haar_x2_y2
-7.908417e-003 0 -1
5.158588e-002 -8.370447e-002 
1
2
4 3 2 1 0 -1
5 3 1 1 0 2
haar_x2
1.528912e-001 0 -1
-1.088127e-002 4.776073e-001 
1
2
2 0 3 5 0 -1
3 0 1 5 0 3
haar_x3
-4.392639e-001 0 -1
-5.372371e-001 9.025519e-003 
1
2
0 3 1 3 0 -1
0 4 1 1 0 3
haar_y3
-1.484774e-001 0 -1
-5.666123e-001 6.450329e-003 
1
2
2 0 3 1 0 -1
3 0 1 1 0 3
haar_x3
4.916130e-002 0 -1
1.238467e-002 -3.086278e-001 
1
2
0 0 6 1 0 -1
2 0 2 1 0 3
haar_x3
2.110141e-001 0 -1
-1.501432e-002 3.759239e-001 
1
2
1 2 2 2 0 -1
2 2 1 2 0 2
haar_x2
-2.916442e-001 0 -1
5.485007e-001 -7.129290e-003 
1
2
4 2 2 1 0 -1
4 2 1 1 0 2
tilted_haar_x2
-3.074538e-001 0 -1
2.741761e-001 -1.387311e-002 
1
2
1 2 4 3 0 -1
2 2 2 3 0 2
haar_x4
-5.013852e-001 0 -1
-4.961450e-001 8.635500e-003 
1
3
0 0 2 6 0 -1
0 0 1 3 0 2
1 3 1 3 0 2
haar_x2_y2
-6.581139e-001 0 -1
7.876894e-001 -5.734049e-003 
1
2
0 1 1 4 0 -1
0 3 1 2 0 2
haar_y2
2.813466e-001 0 -1
1.383190e-002 -3.098265e-001 
1
2
1 5 2 1 0 -1
2 5 1 1 0 2
haar_x2
2.082485e-002 0 -1
1.921615e-002 -2.065927e-001 
1
2
0 5 6 1 0 -1
2 5 2 1 0 3
haar_x3
3.351092e-002 0 -1
-4.430417e-002 1.466149e-001 
1
2
2 5 3 1 0 -1
3 5 1 1 0 3
haar_x3
3.437282e-002 0 -1
1.493705e-002 -3.227113e-001 
1
2
1 5 3 1 0 -1
2 5 1 1 0 3
haar_x3
-1.933809e-003 0 -1
6.319213e-002 -7.175022e-002 
1
2
0 5 2 1 0 -1
1 5 1 1 0 2
haar_x2
4.984041e-002 0 -1
5.782586e-003 -7.459213e-001 
1
2
0 5 4 1 0 -1
2 5 2 1 0 2
haar_x2
4.032974e-002 0 -1
-3.049034e-002 1.532088e-001 
1
2
2 5 2 1 0 -1
3 5 1 1 0 2
haar_x2
-1.780141e-003 0 -1
7.971909e-002 -6.859071e-002 
1
2
1 5 3 1 0 -1
2 5 1 1 0 3
haar_x3
2.242601e-002 0 -1
2.331871e-002 -2.030648e-001 
1
2
0 5 3 1 0 -1
1 5 1 1 0 3
haar_x3
-1.744235e-003 0 -1
7.915749e-002 -6.748547e-002 
1
2
1 4 4 1 0 -1
2 4 2 1 0 2
haar_x4
-2.166172e-001 0 -1
6.249766e-001 -7.456344e-003 
1
2
4 4 2 2 0 -1
5 4 1 2 0 2
haar_x2
-1.284339e-001 0 -1
-7.638915e-001 6.264094e-003 
1
2
3 0 3 4 0 -1
3 2 3 2 0 2
haar_y2
6.952231e-001 0 -1
2.429464e-003 -1.000016e+000 
1
2
0 0 3 4 0 -1
0 1 3 2 0 2
haar_y4
5.943002e-001 0 -1
-8.140058e-003 5.626540e-001 
1
2
0 2 4 2 0 -1
0 3 4 1 0 2
haar_y2
-4.140221e-001 0 -1
-7.472921e-001 7.482338e-003 
1
2
0 0 6 3 0 -1
0 1 6 1 0 3
haar_y3
1.197460e+000 0 -1
3.366499e-003 -8.287644e-001 
1
2
1 2 4 4 0 -1
1 4 4 2 0 2
haar_y2
1.394717e+000 0 -1
2.855279e-003 -8.958266e-001 
1
2
3 0 2 3 0 -1
3 1 2 1 0 3
haar_y3
-4.266008e-001 0 -1
-7.268580e-001 3.749790e-003 
1
2
2 3 1 3 0 -1
2 4 1 1 0 3
haar_y3
-3.954897e-002 0 -1
1.465790e-001 -2.628729e-002 
1
3
1 3 2 2 0 -1
1 3 1 1 0 2
2 4 1 1 0 2
haar_x2_y2
4.852030e-002 0 -1
-4.635185e-002 1.050861e-001 
1
2
0 1 3 2 0 -1
0 2 3 1 0 2
haar_y2
1.764027e-001 0 -1
1.187590e-002 -3.508733e-001 
1
2
1 2 3 4 0 -1
2 2 1 4 0 3
haar_x3
4.996336e-002 0 -1
-2.796680e-002 1.461594e-001 
1
2
1 2 3 3 0 -1
2 2 1 3 0 3
haar_x3
-3.619019e-002 0 -1
5.291606e-002 -1.037496e-001 
1
2
0 4 6 1 0 -1
3 4 3 1 0 2
haar_x2
2.751878e-001 0 -1
7.774312e-003 -5.023983e-001 
1
2
1 3 2 1 0 -1
2 3 1 1 0 2
haar_x2
-6.263240e-002 0 -1
-1.015517e-001 4.244672e-002 
1
2
0 2 6 3 0 -1
2 3 2 1 0 9
haar_point
-1.269552e+000 0 -1
1.341624e-001 -3.707234e-002 
1
2
2 2 4 2 0 -1
4 2 2 2 0 2
haar_x2
3.743483e-001 0 -1
2.803201e-002 -1.658255e-001 
1
2
4 1 2 1 0 -1
4 1 1 1 0 2
tilted_haar_x2
-2.067851e-001 0 -1
2.234342e-001 -2.718209e-002 
1
2
1 2 4 3 0 -1
3 2 2 3 0 2
haar_x2
5.973890e-001 0 -1
-6.941700e-003 5.843201e-001 
1
2
4 0 2 5 0 -1
5 0 1 5 0 2
haar_x2
-2.349403e-001 0 -1
-6.189177e-001 8.002981e-003 
1
2
0 5 3 1 0 -1
1 5 1 1 0 3
haar_x3
1.982965e-003 0 -1
-5.903723e-002 6.842536e-002 
1
2
0 5 3 1 0 -1
1 5 1 1 0 3
haar_x3
1.518639e-002 0 -1
3.741178e-002 -1.205195e-001 
1
2
3 1 3 2 0 -1
4 1 1 2 0 3
haar_x3
3.125587e-001 0 -1
-7.049198e-003 6.075239e-001 
1
3
0 1 6 2 0 -1
0 1 3 1 0 2
3 2 3 1 0 2
haar_x2_y2
-2.269406e-001 0 -1
1.986671e-001 -1.802624e-002 
1
2
5 1 1 2 0 -1
5 2 1 1 0 2
haar_y2
-1.252015e-001 0 -1
-3.722138e-001 1.115577e-002 
1
2
0 1 3 3 0 -1
0 2 3 1 0 3
haar_y3
-2.202128e-001 0 -1
5.740933e-002 -7.449295e-002 
1
3
0 0 2 4 0 -1
0 0 1 2 0 2
1 2 1 2 0 2
haar_x2_y2
4.179192e-002 0 -1
-4.243108e-002 1.046268e-001 
1
3
3 2 2 2 0 -1
3 2 1 1 0 2
4 3 1 1 0 2
haar_x2_y2
1.750450e-003 0 -1
-7.405715e-002 6.399211e-002 
1
2
4 2 1 2 0 -1
4 3 1 1 0 2
haar_y2
1.269867e-001 0 -1
1.804417e-002 -2.394997e-001 
1
3
0 0 6 2 0 -1
0 0 3 1 0 2
3 1 3 1 0 2
haar_x2_y2
-5.352820e-002 0 -1
8.660854e-002 -4.895709e-002 
1
2
4 0 2 4 0 -1
4 0 1 4 0 2
tilted_haar_x2
3.945726e-001 0 -1
1.596709e-002 -2.940217e-001 
1
2
2 0 4 2 0 -1
2 0 2 2 0 2
tilted_haar_x2
3.732703e-001 0 -1
-2.477837e-002 2.048570e-001 
1
2
2 1 4 1 0 -1
2 1 2 1 0 2
tilted_haar_x2
-1.909541e-001 0 -1
4.311823e-002 -1.212578e-001 
1
3
2 1 2 2 0 -1
2 1 1 1 0 2
3 2 1 1 0 2
haar_x2_y2
-3.026317e-003 0 -1
7.403329e-002 -6.345937e-002 
1
2
2 0 4 1 0 -1
4 0 2 1 0 2
haar_x2
-6.556499e-002 0 -1
1.146961e-001 -4.296478e-002 
1
2
4 0 2 2 0 -1
5 0 1 2 0 2
haar_x2
-5.468052e-002 0 -1
-2.638576e-001 1.896556e-002 
1
2
1 2 3 2 0 -1
2 2 1 2 0 3
haar_x3
-1.490235e-001 0 -1
1.170474e-001 -3.889211e-002 
1
2
1 1 2 2 0 -1
2 1 1 2 0 2
haar_x2
-9.757720e-002 0 -1
-1.534550e-001 3.252021e-002 
1
3
1 2 2 2 0 -1
1 2 1 1 0 2
2 3 1 1 0 2
haar_x2_y2
4.323619e-002 0 -1
-2.884686e-002 1.605068e-001 
1
2
2 2 4 1 0 -1
4 2 2 1 0 2
haar_x2
1.859904e-001 0 -1
2.624605e-002 -1.533452e-001 
1
2
2 1 3 3 0 -1
3 1 1 3 0 3
haar_x3
-1.631493e-001 0 -1
9.866627e-002 -4.398703e-002 
1
2
3 0 2 3 0 -1
2 1 2 1 0 3
tilted_haar_y3
-3.106653e-001 0 -1
7.934731e-002 -6.343819e-002 
1
2
0 0 5 4 0 -1
0 2 5 2 0 2
haar_y2
-1.235562e+000 0 -1
2.713090e-001 -1.444856e-002 
1
2
0 0 1 4 0 -1
0 2 1 2 0 2
haar_y2
-3.179558e-001 0 -1
-5.023435e-001 1.056747e-002 
1
2
3 1 1 2 0 -1
3 1 1 1 0 2
tilted_haar_y2
-2.861432e-001 0 -1
3.950431e-001 -1.122803e-002 
1
2
2 0 2 2 0 -1
2 0 2 1 0 2
tilted_haar_y2
-3.277648e-001 0 -1
-2.643840e-001 1.623460e-002 
1
2
0 0 6 1 0 -1
2 0 2 1 0 3
haar_x3
-2.473662e-001 0 -1
3.268417e-001 -1.742726e-002 
1
2
4 0 2 1 0 -1
5 0 1 1 0 2
haar_x2
6.949975e-002 0 -1
1.109190e-002 -3.506617e-001 
1
2
2 0 4 1 0 -1
3 0 2 1 0 2
haar_x4
-5.100770e-002 0 -1
1.486827e-001 -2.692766e-002 
1
2
0 2 3 3 0 -1
0 3 3 1 0 3
haar_y3
5.755283e-002 0 -1
-4.450916e-002 8.701294e-002 
1
2
2 1 3 2 0 -1
3 2 1 2 0 3
tilted_haar_x3
3.331197e-002 0 -1
3.105846e-002 -1.590958e-001 
1
2
2 0 1 6 0 -1
2 2 1 2 0 3
haar_y3
1.211310e-001 0 -1
-1.011137e-002 4.256233e-001 
1
2
1 5 3 1 0 -1
2 5 1 1 0 3
haar_x3
4.443632e-002 0 -1
8.511283e-003 -4.478289e-001 
1
2
2 1 4 1 0 -1
4 1 2 1 0 2
haar_x2
-2.353717e-001 0 -1
-8.270443e-001 3.605887e-003 
1
2
0 2 4 2 0 -1
0 3 4 1 0 2
haar_y2
-2.200210e-001 0 -1
2.418808e-001 -1.635857e-002 
1
2
1 1 4 4 0 -1
1 3 4 2 0 2
haar_y2
-4.348859e-001 0 -1
-4.150512e-001 9.141343e-003 
1
2
2 3 2 2 0 -1
2 4 2 1 0 2
haar_y2
3.111391e-001 0 -1
9.837488e-003 -3.546809e-001 
1
2
1 3 4 2 0 -1
1 4 4 1 0 2
haar_y2
4.788323e-001 0 -1
-1.858221e-002 2.663820e-001 
1
2
1 3 5 2 0 -1
1 4 5 1 0 2
haar_y2
4.956051e-001 0 -1
2.434545e-002 -1.786721e-001 
1
2
2 0 3 6 0 -1
3 2 1 2 0 9
haar_point
-3.047110e-001 0 -1
1.886436e-002 -1.992477e-001 
1
2
3 1 3 1 0 -1
4 2 1 1 0 3
tilted_haar_x3
2.251028e-003 0 -1
-2.216911e-002 2.148840e-001 
1
2
2 2 3 3 0 -1
3 3 1 1 0 9
haar_point
-1.821809e-001 0 -1
6.079628e-002 -7.075975e-002 
1
2
3 2 1 2 0 -1
3 3 1 1 0 2
haar_y2
7.429455e-002 0 -1
-4.767937e-002 8.815959e-002 
1
2
1 0 1 2 0 -1
1 1 1 1 0 2
haar_y2
2.604560e-003 0 -1
-4.702706e-002 8.947705e-002 
1
2
3 0 1 2 0 -1
3 0 1 1 0 2
tilted_haar_y2
-1.176620e-001 0 -1
-3.105604e-001 1.346911e-002 
1
2
0 1 3 3 0 -1
0 2 3 1 0 3
haar_y3
-5.112207e-001 0 -1
-1.988838e-001 2.162511e-002 
1
2
0 0 6 1 0 -1
3 0 3 1 0 2
haar_x2
3.642482e-001 0 -1
6.783259e-003 -4.968830e-001 
1
2
3 1 1 2 0 -1
3 1 1 1 0 2
tilted_haar_y2
-2.184087e-001 0 -1
2.224279e-001 -1.698780e-002 
1
3
0 2 4 2 0 -1
0 2 2 1 0 2
2 3 2 1 0 2
haar_x2_y2
1.242567e-001 0 -1
2.354626e-002 -1.781575e-001 
1
2
2 1 2 2 0 -1
2 1 2 1 0 2
tilted_haar_y2
-3.240248e-001 0 -1
-1.298718e-001 3.270551e-002 
1
2
0 1 2 2 0 -1
1 1 1 2 0 2
haar_x2
4.449216e-002 0 -1
2.190984e-002 -2.324555e-001 
1
2
0 1 3 2 0 -1
1 1 1 2 0 3
haar_x3
1.803694e-001 0 -1
-1.492451e-002 3.152645e-001 
1
3
0 2 2 4 0 -1
0 2 1 2 0 2
1 4 1 2 0 2
haar_x2_y2
2.446816e-001 0 -1
-7.419796e-003 4.842286e-001 
1
2
1 1 3 1 0 -1
2 1 1 1 0 3
haar_x3
-1.383858e-001 0 -1
-9.374972e-001 4.890520e-003 
1
3
0 0 2 4 0 -1
0 0 1 2 0 2
1 2 1 2 0 2
haar_x2_y2
1.657552e-001 0 -1
1.050157e-002 -2.894545e-001 
1
2
0 0 3 6 0 -1
0 2 3 2 0 3
haar_y3
-2.031472e+000 0 -1
8.803177e-001 -4.896128e-003 
1
2
3 2 1 2 0 -1
3 2 1 1 0 2
tilted_haar_y2
-3.020692e-001 0 -1
2.700064e-001 -1.199259e-002 
1
2
4 0 2 3 0 -1
3 1 2 1 0 3
tilted_haar_y3
-7.117217e-001 0 -1
-5.423678e-001 6.512653e-003 
1
2
2 0 4 1 0 -1
3 0 2 1 0 2
haar_x4
6.815308e-002 0 -1
-1.502613e-002 2.614521e-001 
1
2
3 0 3 1 0 -1
4 0 1 1 0 3
haar_x3
5.487263e-002 0 -1
1.232058e-002 -3.545822e-001 
1
2
2 0 4 2 0 -1
4 0 2 2 0 2
haar_x2
1.985415e-001 0 -1
-2.434145e-002 1.554774e-001 
1
2
4 0 2 1 0 -1
5 0 1 1 0 2
haar_x2
-7.036550e-003 0 -1
8.341782e-002 -4.960207e-002 
1
2
2 0 4 1 0 -1
3 0 2 1 0 2
haar_x4
-2.589533e-003 0 -1
6.061841e-002 -7.832706e-002 
1
2
4 0 2 3 0 -1
5 0 1 3 0 2
haar_x2
1.989419e-001 0 -1
8.499705e-003 -4.238912e-001 
1
2
4 1 2 2 0 -1
5 1 1 2 0 2
haar_x2
1.563413e-001 0 -1
-1.371302e-002 3.735020e-001 
1
2
4 2 2 1 0 -1
5 2 1 1 0 2
haar_x2
8.303629e-002 0 -1
1.602253e-002 -2.348846e-001 
1
3
4 1 2 2 0 -1
4 1 1 1 0 2
5 2 1 1 0 2
haar_x2_y2
5.491322e-002 0 -1
-2.769232e-002 1.367663e-001 
1
2
0 0 3 1 0 -1
1 0 1 1 0 3
haar_x3
-7.796963e-002 0 -1
-3.195870e-001 1.169301e-002 
1
2
0 0 4 4 0 -1
2 0 2 4 0 2
haar_x2
2.866189e-001 0 -1
-1.009106e-002 4.168152e-001 
1
2
0 0 4 2 0 -1
1 0 2 2 0 2
haar_x4
-2.181196e-001 0 -1
3.673978e-001 -9.979681e-003 
1
2
0 2 4 1 0 -1
1 2 2 1 0 2
haar_x4
-8.348563e-002 0 -1
-1.453946e-001 2.877778e-002 
1
2
0 0 3 3 0 -1
1 1 1 1 0 9
haar_point
6.039767e-001 0 -1
-1.327336e-002 2.934729e-001 
1
2
0 1 3 1 0 -1
1 1 1 1 0 3
haar_x3
7.662399e-002 0 -1
1.000827e-002 -3.955313e-001 
1
2
0 1 6 1 0 -1
2 1 2 1 0 3
haar_x3
-4.601183e-002 0 -1
5.743681e-002 -6.896966e-002 
1
2
2 0 3 2 0 -1
3 0 1 2 0 3
haar_x3
-3.612991e-002 0 -1
-9.686381e-002 3.698356e-002 
1
2
0 0 4 6 0 -1
1 0 2 6 0 2
haar_x4
6.071112e-001 0 -1
-5.037911e-003 7.770093e-001 
1
2
2 0 3 1 0 -1
3 0 1 1 0 3
haar_x3
3.314676e-002 0 -1
2.150804e-002 -1.737466e-001 
1
3
2 0 2 2 0 -1
2 0 1 1 0 2
3 1 1 1 0 2
haar_x2_y2
-1.682959e-003 0 -1
6.907848e-002 -6.198249e-002 
1
2
2 1 4 4 0 -1
3 1 2 4 0 2
haar_x4
7.141960e-002 0 -1
-3.818592e-002 1.188605e-001 
1
2
2 0 4 1 0 -1
3 1 2 1 0 2
tilted_haar_x4
-4.011599e-001 0 -1
1.369931e-001 -2.949850e-002 
1
2
3 4 3 2 0 -1
4 4 1 2 0 3
haar_x3
4.499925e-002 0 -1
3.128193e-002 -1.341780e-001 
1
2
4 2 2 2 0 -1
4 3 2 1 0 2
haar_y2
-8.018139e-002 0 -1
2.712805e-001 -1.445272e-002 
1
2
2 3 4 1 0 -1
4 3 2 1 0 2
haar_x2
3.742690e-001 0 -1
-7.751664e-003 4.782135e-001 
1
3
1 0 4 4 0 -1
1 0 2 2 0 2
3 2 2 2 0 2
haar_x2_y2
-5.200485e-001 0 -1
5.645975e-001 -6.260029e-003 
1
2
2 2 4 4 0 -1
3 2 2 4 0 2
haar_x4
-5.377653e-001 0 -1
-7.356557e-001 5.467020e-003 
1
2
2 3 4 1 0 -1
4 3 2 1 0 2
haar_x2
-1.273773e-001 0 -1
-4.768392e-001 6.661605e-003 
1
3
0 2 2 2 0 -1
0 2 1 1 0 2
1 3 1 1 0 2
haar_x2_y2
3.961758e-002 0 -1
-4.122689e-002 9.419666e-002 
1
2
0 1 1 4 0 -1
0 3 1 2 0 2
haar_y2
9.834503e-002 0 -1
-7.991090e-002 7.012427e-002 
1
2
2 1 1 2 0 -1
2 1 1 1 0 2
tilted_haar_y2
4.770997e-003 0 -1
-4.637359e-002 9.946188e-002 
1
2
0 3 1 2 0 -1
0 4 1 1 0 2
haar_y2
1.029410e-001 0 -1
2.316953e-002 -1.929051e-001 
1
2
0 5 6 1 0 -1
3 5 3 1 0 2
haar_x2
-4.569973e-002 0 -1
8.368615e-002 -4.552670e-002 
-7.622623e-001

15
-1
