45
1
2
5 3 4 1 0 -1
5 3 2 1 0 2
tilted_haar_x2
1.132120e-001 0 -1
-2.486951e-001 5.209090e-001 
1
2
5 1 4 3 0 -1
5 1 2 3 0 2
tilted_haar_y2
2.384748e-001 0 -1
-3.333158e-002 2.815299e-001 
1
2
5 1 3 4 0 -1
5 1 3 2 0 2
tilted_haar_y2
2.130113e-001 0 -1
-2.218770e-001 3.482231e-001 
1
2
3 2 5 6 0 -1
3 4 5 2 0 3
haar_y3
1.681043e-001 0 -1
-2.323861e-001 2.431104e-001 
1
2
2 0 1 2 0 -1
2 0 1 1 0 2
tilted_haar_y2
-1.014566e-003 0 -1
1.611791e-001 -3.907570e-001 
1
3
8 0 2 4 0 -1
9 0 1 2 0 2
8 2 1 2 0 2
haar_x2_y2
-5.282675e-003 0 -1
3.038965e-001 -1.592589e-001 
1
2
3 0 1 3 0 -1
2 1 1 1 0 3
tilted_haar_y3
-2.828939e-002 0 -1
-6.198021e-001 9.304927e-002 
1
3
8 0 2 4 0 -1
9 0 1 2 0 2
8 2 1 2 0 2
haar_x2_y2
6.912561e-002 0 -1
-2.796405e-002 6.755487e-001 
1
3
0 0 2 4 0 -1
0 0 1 2 0 2
1 2 1 2 0 2
haar_x2_y2
-1.071684e-002 0 -1
3.622380e-001 -1.427882e-001 
1
2
7 0 3 1 0 -1
8 1 1 1 0 3
tilted_haar_y3
1.613732e-002 0 -1
5.595382e-002 -5.628264e-001 
1
2
0 0 3 10 0 -1
0 5 3 5 0 2
haar_y2
-3.323700e-001 0 -1
-6.380755e-001 4.676494e-002 
1
2
7 2 1 6 0 -1
7 5 1 3 0 2
haar_y2
-1.258180e-002 0 -1
9.282069e-002 -2.604752e-001 
1
3
0 0 10 10 0 -1
0 0 5 5 0 2
5 5 5 5 0 2
haar_x2_y2
-1.692096e-001 0 -1
-4.187938e-001 1.194639e-001 
1
2
6 0 3 1 0 -1
7 1 1 1 0 3
tilted_haar_y3
3.547511e-002 0 -1
1.386505e-002 -7.301267e-001 
1
3
4 1 2 6 0 -1
4 1 1 3 0 2
5 4 1 3 0 2
haar_x2_y2
2.644411e-002 0 -1
6.230912e-002 -5.820818e-001 
1
2
4 6 3 3 0 -1
5 6 1 3 0 3
haar_x3
-4.904834e-002 0 -1
-7.507269e-001 2.813937e-002 
1
2
3 0 2 3 0 -1
2 1 2 1 0 3
tilted_haar_y3
1.807069e-002 0 -1
8.912301e-002 -4.061155e-001 
1
2
5 0 2 1 0 -1
5 0 1 1 0 2
haar_x2
2.106543e-003 0 -1
-2.408068e-001 1.276741e-001 
1
2
4 1 2 2 0 -1
4 1 2 1 0 2
tilted_haar_y2
6.274955e-002 0 -1
5.051703e-002 -7.849285e-001 
1
2
4 0 6 2 0 -1
4 0 3 2 0 2
haar_x2
-1.697467e-001 0 -1
8.266762e-001 -2.754526e-002 
1
2
0 0 6 2 0 -1
3 0 3 2 0 2
haar_x2
-1.842135e-001 0 -1
8.929073e-001 -3.742357e-002 
1
2
1 0 8 4 0 -1
3 0 4 4 0 2
haar_x4
8.598748e-002 0 -1
-1.899756e-001 1.992046e-001 
1
2
3 7 4 3 0 -1
4 7 2 3 0 2
haar_x4
6.242525e-002 0 -1
4.939135e-002 -7.781950e-001 
1
2
3 0 4 3 0 -1
3 1 4 1 0 3
haar_y3
-1.880123e-002 0 -1
-5.938630e-001 5.346058e-002 
1
2
1 0 6 5 0 -1
3 0 2 5 0 3
haar_x3
-5.356029e-002 0 -1
3.691489e-001 -1.035783e-001 
1
2
6 0 3 1 0 -1
7 1 1 1 0 3
tilted_haar_y3
-3.889331e-002 0 -1
-2.973374e-001 2.992369e-002 
1
2
0 7 10 3 0 -1
0 8 10 1 0 3
haar_y3
3.849776e-002 0 -1
-1.567297e-001 2.179463e-001 
1
2
3 8 4 2 0 -1
3 9 4 1 0 2
haar_y2
9.359201e-003 0 -1
-1.888836e-001 1.971373e-001 
1
2
1 6 8 3 0 -1
1 7 8 1 0 3
haar_y3
4.583145e-002 0 -1
-1.092714e-001 3.540154e-001 
1
2
6 4 4 1 0 -1
6 4 2 1 0 2
haar_x2
-5.851769e-002 0 -1
6.373362e-001 -1.939489e-002 
1
2
0 4 4 1 0 -1
2 4 2 1 0 2
haar_x2
5.988316e-003 0 -1
-1.908922e-001 2.328149e-001 
1
2
5 0 3 1 0 -1
6 1 1 1 0 3
tilted_haar_y3
-1.338201e-002 0 -1
-3.240725e-001 3.948938e-002 
1
2
4 0 1 3 0 -1
3 1 1 1 0 3
tilted_haar_y3
1.357999e-002 0 -1
8.069865e-002 -4.906586e-001 
1
2
7 2 3 1 0 -1
8 3 1 1 0 3
tilted_haar_y3
-3.500604e-002 0 -1
-4.774153e-001 3.759752e-002 
1
2
3 2 1 3 0 -1
2 3 1 1 0 3
tilted_haar_y3
3.026311e-002 0 -1
6.571120e-002 -5.770335e-001 
1
2
8 0 2 3 0 -1
7 1 2 1 0 3
tilted_haar_x3
-9.675776e-002 0 -1
4.434500e-001 -4.050577e-002 
1
2
2 0 3 2 0 -1
3 1 1 2 0 3
tilted_haar_x3
3.684334e-002 0 -1
-8.876070e-002 4.694345e-001 
1
2
9 5 1 2 0 -1
9 6 1 1 0 2
haar_y2
-2.124364e-002 0 -1
-6.535298e-001 5.563826e-002 
1
2
3 1 4 3 0 -1
3 2 4 1 0 3
haar_y3
-3.302838e-002 0 -1
-6.357412e-001 4.317931e-002 
1
2
5 0 4 1 0 -1
6 0 2 1 0 2
haar_x4
2.409997e-003 0 -1
-4.869149e-002 1.186983e-001 
1
2
1 0 4 1 0 -1
2 0 2 1 0 2
haar_x4
-3.487541e-003 0 -1
1.606375e-001 -2.213553e-001 
1
2
6 0 2 3 0 -1
6 1 2 1 0 3
haar_y3
-1.644449e-002 0 -1
-6.031280e-001 4.692790e-002 
1
2
4 2 2 2 0 -1
4 3 2 1 0 2
haar_y2
3.852198e-004 0 -1
-2.052803e-001 1.561190e-001 
1
3
4 6 4 2 0 -1
6 6 2 1 0 2
4 7 2 1 0 2
haar_x2_y2
2.788905e-002 0 -1
-3.496038e-002 2.604723e-001 
1
2
1 5 8 1 0 -1
5 5 4 1 0 2
haar_x2
8.676708e-002 0 -1
3.946408e-002 -7.614999e-001 
-1.261068e+000

6
-1
