49
1
2
1 2 3 3 0 -1
1 3 3 1 0 3
haar_y3
-5.996214e-001 0 -1
4.958963e-001 -3.766522e-001 
1
2
3 0 1 3 0 -1
2 1 1 1 0 3
tilted_haar_x3
2.153506e-001 0 -1
5.319568e-002 -2.515441e-001 
1
2
1 0 3 2 0 -1
1 1 3 1 0 2
haar_y2
-9.779073e-002 0 -1
-6.929697e-001 1.985686e-001 
1
2
2 0 1 2 0 -1
2 1 1 1 0 2
haar_y2
6.988044e-002 0 -1
1.753262e-001 -6.536278e-001 
1
2
2 0 1 4 0 -1
2 1 1 2 0 2
haar_y4
1.632002e-001 0 -1
-4.242269e-001 2.094988e-001 
1
2
1 0 3 2 0 -1
2 0 1 2 0 3
haar_x3
1.630406e-001 0 -1
-3.781632e-001 2.351263e-001 
1
2
0 1 1 2 0 -1
0 2 1 1 0 2
haar_y2
9.014730e-002 0 -1
5.195788e-002 -6.745954e-001 
1
2
1 2 3 2 0 -1
1 3 3 1 0 2
haar_y2
-5.133286e-001 0 -1
3.077007e-001 -1.326531e-001 
1
2
0 4 3 1 0 -1
1 4 1 1 0 3
haar_x3
7.075427e-002 0 -1
1.004653e-001 -3.733293e-001 
1
2
0 1 5 3 0 -1
0 2 5 1 0 3
haar_y3
-7.486222e-001 0 -1
4.978612e-001 -5.430278e-002 
1
2
0 0 1 4 0 -1
0 1 1 2 0 2
haar_y4
3.059862e-003 0 -1
-2.778870e-001 1.223506e-001 
1
2
1 4 3 1 0 -1
2 4 1 1 0 3
haar_x3
2.673490e-001 0 -1
5.061004e-002 -6.671079e-001 
1
2
2 0 1 2 0 -1
2 1 1 1 0 2
haar_y2
1.687191e-001 0 -1
3.599003e-002 -7.738222e-001 
1
2
2 0 1 2 0 -1
2 1 1 1 0 2
haar_y2
-1.432978e-001 0 -1
-1.000000e+000 2.417051e-002 
1
2
1 0 3 4 0 -1
2 0 1 4 0 3
haar_x3
5.928692e-001 0 -1
-1.234569e-001 2.309748e-001 
1
2
3 0 2 2 0 -1
3 0 1 2 0 2
tilted_haar_y2
1.320405e-001 0 -1
-2.164044e-001 9.569611e-002 
1
2
2 0 2 2 0 -1
2 0 2 1 0 2
tilted_haar_y2
5.957015e-001 0 -1
4.297324e-002 -5.390816e-001 
1
3
1 1 4 4 0 -1
3 1 2 2 0 2
1 3 2 2 0 2
haar_x2_y2
-5.864974e-001 0 -1
-4.373455e-001 8.535782e-002 
1
2
1 0 3 1 0 -1
2 0 1 1 0 3
haar_x3
-3.548040e-001 0 -1
8.488732e-001 -3.483590e-002 
1
3
1 1 4 2 0 -1
3 1 2 1 0 2
1 2 2 1 0 2
haar_x2_y2
-2.002574e-001 0 -1
-4.636508e-001 9.682605e-002 
1
2
1 0 1 3 0 -1
1 1 1 1 0 3
haar_y3
-1.306726e-001 0 -1
-5.417627e-001 4.628402e-002 
1
2
1 0 4 1 0 -1
1 0 2 1 0 2
haar_x2
-1.701719e-001 0 -1
-1.997512e-001 2.993787e-002 
1
2
0 1 1 4 0 -1
0 3 1 2 0 2
haar_y2
-4.225112e-001 0 -1
-4.408737e-001 5.050579e-002 
1
2
1 0 4 1 0 -1
1 0 2 1 0 2
haar_x2
-8.538913e-001 0 -1
7.008688e-001 -1.769645e-002 
1
2
0 0 4 1 0 -1
2 0 2 1 0 2
haar_x2
-6.874287e-001 0 -1
8.021103e-001 -2.966057e-002 
1
2
2 3 2 2 0 -1
2 3 1 2 0 2
haar_x2
-3.038665e-001 0 -1
-4.889466e-001 2.303754e-002 
1
2
1 3 2 2 0 -1
2 3 1 2 0 2
haar_x2
-1.864602e-001 0 -1
-3.724651e-001 7.131210e-002 
1
2
2 1 1 2 0 -1
2 2 1 1 0 2
haar_y2
1.350109e-001 0 -1
2.624582e-002 -5.938556e-001 
1
2
2 0 1 2 0 -1
2 1 1 1 0 2
haar_y2
4.010503e-002 0 -1
9.178787e-002 -1.827390e-001 
1
2
3 3 2 2 0 -1
3 3 1 2 0 2
haar_x2
-9.335622e-003 0 -1
1.689700e-001 -2.881373e-001 
1
2
0 0 4 4 0 -1
0 2 4 2 0 2
haar_y2
-2.040931e-001 0 -1
-8.734255e-002 2.157516e-001 
1
2
3 3 2 2 0 -1
3 3 1 2 0 2
haar_x2
-9.444606e-001 0 -1
6.739091e-001 -1.333071e-002 
1
3
0 0 4 2 0 -1
0 0 2 1 0 2
2 1 2 1 0 2
haar_x2_y2
-2.944078e-001 0 -1
-3.990457e-001 5.028649e-002 
1
2
3 1 1 3 0 -1
3 2 1 1 0 3
haar_y3
-7.317254e-002 0 -1
1.319260e-001 -4.744915e-002 
1
3
0 1 4 2 0 -1
0 1 2 1 0 2
2 2 2 1 0 2
haar_x2_y2
-1.548031e-001 0 -1
-2.751831e-001 8.092069e-002 
1
2
3 3 2 2 0 -1
3 3 1 2 0 2
haar_x2
5.874250e-001 0 -1
5.837817e-003 -9.368530e-001 
1
2
0 3 2 2 0 -1
1 3 1 2 0 2
haar_x2
-2.151875e-001 0 -1
-2.403065e-001 7.070922e-002 
1
2
1 2 4 1 0 -1
2 2 2 1 0 2
haar_x4
3.294798e-001 0 -1
1.607070e-002 -2.493292e-001 
1
2
0 2 2 1 0 -1
1 2 1 1 0 2
haar_x2
-3.193646e-001 0 -1
6.485865e-001 -3.340891e-002 
1
2
2 1 2 4 0 -1
2 2 2 2 0 2
haar_y4
3.958302e-001 0 -1
-2.397964e-002 3.503411e-001 
1
2
1 0 2 5 0 -1
2 0 1 5 0 2
haar_x2
4.801803e-001 0 -1
-6.606182e-002 2.362253e-001 
1
2
1 3 3 1 0 -1
2 3 1 1 0 3
haar_x3
1.662076e-001 0 -1
4.633056e-002 -3.231868e-001 
1
2
1 1 3 2 0 -1
1 2 3 1 0 2
haar_y2
-6.462501e-001 0 -1
6.454023e-001 -2.245846e-002 
1
2
3 0 1 3 0 -1
3 1 1 1 0 3
haar_y3
3.510733e-001 0 -1
3.113026e-002 -5.719115e-001 
1
2
0 2 4 1 0 -1
2 2 2 1 0 2
haar_x2
5.021242e-001 0 -1
1.110134e-002 -9.194763e-001 
1
2
2 1 3 3 0 -1
3 2 1 1 0 9
haar_point
1.767581e+000 0 -1
-1.800191e-002 5.148117e-001 
1
2
1 1 3 3 0 -1
1 2 3 1 0 3
haar_y3
9.297625e-001 0 -1
2.177793e-002 -6.628681e-001 
1
2
2 1 3 3 0 -1
3 2 1 1 0 9
haar_point
-1.109420e+000 0 -1
2.253462e-001 -2.808638e-002 
1
2
0 1 3 3 0 -1
1 2 1 1 0 9
haar_point
1.703332e+000 0 -1
-1.870379e-002 7.153226e-001 
-1.286074e+000

2
-1
