109
1
2
0 3 2 1 0 -1
1 3 1 1 0 2
haar_x2
9.802805e-003 0 -1
-1.739438e-001 2.791943e-001 
1
2
5 0 1 6 0 -1
5 3 1 3 0 2
haar_y2
-2.167857e-002 0 -1
-5.369443e-001 7.929927e-002 
1
2
0 0 6 6 0 -1
2 2 2 2 0 9
haar_point
-2.287783e+000 0 -1
2.123130e-001 -2.025006e-001 
1
3
4 3 2 2 0 -1
4 3 1 1 0 2
5 4 1 1 0 2
haar_x2_y2
1.752082e-003 0 -1
-2.539317e-001 1.534409e-001 
1
2
0 2 1 4 0 -1
0 4 1 2 0 2
haar_y2
7.061833e-002 0 -1
-2.806900e-001 1.173336e-001 
1
2
0 1 3 1 0 -1
1 1 1 1 0 3
haar_x3
7.662163e-002 0 -1
3.514541e-002 -6.335021e-001 
1
2
2 3 3 1 0 -1
3 3 1 1 0 3
haar_x3
-6.656984e-002 0 -1
1.375206e-001 -1.385536e-001 
1
3
1 1 4 4 0 -1
1 1 2 2 0 2
3 3 2 2 0 2
haar_x2_y2
-1.675710e-001 0 -1
-2.906550e-001 7.593132e-002 
1
2
0 2 1 3 0 -1
0 3 1 1 0 3
haar_y3
1.025887e-003 0 -1
-1.218862e-001 1.737384e-001 
1
2
1 0 5 3 0 -1
1 1 5 1 0 3
haar_y3
4.234376e-001 0 -1
-7.845098e-002 2.925456e-001 
1
2
3 0 3 1 0 -1
4 0 1 1 0 3
haar_x3
5.503592e-002 0 -1
3.911442e-002 -5.000197e-001 
1
2
5 4 1 2 0 -1
5 5 1 1 0 2
haar_y2
1.872575e-003 0 -1
-2.374412e-001 6.346719e-002 
1
2
1 5 3 1 0 -1
2 5 1 1 0 3
haar_x3
4.443993e-002 0 -1
2.479232e-002 -6.950877e-001 
1
3
1 3 2 2 0 -1
1 3 1 1 0 2
2 4 1 1 0 2
haar_x2_y2
3.892219e-002 0 -1
-9.747305e-002 1.540946e-001 
1
2
2 0 3 1 0 -1
3 0 1 1 0 3
haar_x3
5.588013e-002 0 -1
2.838764e-002 -5.445180e-001 
1
2
4 0 2 1 0 -1
5 0 1 1 0 2
haar_x2
-1.304014e-003 0 -1
1.432662e-001 -1.091318e-001 
1
2
2 3 1 2 0 -1
2 3 1 1 0 2
tilted_haar_y2
2.382508e-002 0 -1
4.158311e-002 -3.659407e-001 
1
2
1 2 5 4 0 -1
1 4 5 2 0 2
haar_y2
1.424482e+000 0 -1
3.084780e-002 -4.037561e-001 
1
2
1 0 3 2 0 -1
2 0 1 2 0 3
haar_x3
8.821270e-002 0 -1
2.679148e-002 -4.647537e-001 
1
2
3 3 3 1 0 -1
4 3 1 1 0 3
haar_x3
-5.470038e-002 0 -1
3.309957e-001 -4.410239e-002 
1
2
2 0 1 3 0 -1
2 1 1 1 0 3
haar_y3
-9.197403e-002 0 -1
2.818313e-001 -4.280702e-002 
1
2
1 0 2 3 0 -1
1 1 2 1 0 3
haar_y3
1.116135e-001 0 -1
-8.075812e-002 1.647497e-001 
1
2
4 0 2 2 0 -1
5 0 1 2 0 2
haar_x2
-4.713731e-002 0 -1
-3.340401e-001 4.222982e-002 
1
2
4 1 2 2 0 -1
5 1 1 2 0 2
haar_x2
1.047287e-001 0 -1
4.163491e-002 -3.229748e-001 
1
2
1 0 4 1 0 -1
3 0 2 1 0 2
haar_x2
1.233875e-001 0 -1
-3.608180e-002 3.563248e-001 
1
2
2 0 2 1 0 -1
3 0 1 1 0 2
haar_x2
-1.727893e-003 0 -1
1.216401e-001 -1.368540e-001 
1
2
2 0 4 4 0 -1
4 0 2 4 0 2
haar_x2
5.542847e-002 0 -1
-1.766948e-001 7.675253e-002 
1
2
1 2 3 2 0 -1
2 2 1 2 0 3
haar_x3
8.608532e-002 0 -1
-4.623323e-002 3.212479e-001 
1
2
0 0 6 1 0 -1
2 0 2 1 0 3
haar_x3
7.997005e-002 0 -1
-5.845017e-002 2.133714e-001 
1
2
5 1 1 2 0 -1
5 1 1 1 0 2
tilted_haar_y2
1.675784e-001 0 -1
5.125156e-002 -2.816783e-001 
1
2
0 2 4 2 0 -1
2 2 2 2 0 2
haar_x2
-7.121236e-003 0 -1
4.814283e-002 -2.579942e-001 
1
2
0 4 1 2 0 -1
0 5 1 1 0 2
haar_y2
1.559107e-003 0 -1
-1.902624e-001 6.214549e-002 
1
2
3 2 3 4 0 -1
3 4 3 2 0 2
haar_y2
-1.327681e-001 0 -1
6.779894e-001 -1.758979e-002 
1
2
0 1 3 1 0 -1
1 1 1 1 0 3
haar_x3
-1.489756e-003 0 -1
1.033778e-001 -1.067992e-001 
1
2
1 1 1 4 0 -1
1 3 1 2 0 2
haar_y2
2.776592e-001 0 -1
1.600976e-002 -6.442020e-001 
1
2
1 4 2 1 0 -1
2 4 1 1 0 2
haar_x2
5.724165e-002 0 -1
1.104470e-002 -7.852455e-001 
1
2
2 5 3 1 0 -1
3 5 1 1 0 3
haar_x3
6.015915e-002 0 -1
1.028372e-002 -7.601555e-001 
1
2
0 5 6 1 0 -1
2 5 2 1 0 3
haar_x3
3.350671e-002 0 -1
-6.148444e-002 1.958618e-001 
1
2
5 2 1 4 0 -1
5 4 1 2 0 2
haar_y2
1.983827e-002 0 -1
-3.005237e-001 3.702088e-002 
1
2
5 3 1 2 0 -1
5 3 1 1 0 2
tilted_haar_y2
-1.171910e-001 0 -1
-2.303638e-001 6.268004e-002 
1
2
3 4 2 2 0 -1
4 4 1 2 0 2
haar_x2
6.386166e-002 0 -1
3.970839e-002 -2.461379e-001 
1
2
0 0 6 6 0 -1
2 2 2 2 0 9
haar_point
-3.196863e+000 0 -1
1.838008e-001 -7.039791e-002 
1
2
0 1 6 3 0 -1
0 2 6 1 0 3
haar_y3
2.731187e-001 0 -1
-2.165276e-002 5.412742e-001 
1
2
1 0 3 1 0 -1
2 0 1 1 0 3
haar_x3
3.708262e-002 0 -1
3.987635e-002 -2.723591e-001 
1
3
0 3 2 2 0 -1
0 3 1 1 0 2
1 4 1 1 0 2
haar_x2_y2
-1.570928e-003 0 -1
1.098945e-001 -9.696527e-002 
1
2
0 1 3 3 0 -1
1 2 1 1 0 9
haar_point
-1.522198e-001 0 -1
9.052192e-002 -1.283122e-001 
1
2
1 3 2 3 0 -1
1 4 2 1 0 3
haar_y3
1.774815e-001 0 -1
-4.707281e-002 2.108615e-001 
1
2
2 2 1 4 0 -1
2 3 1 2 0 2
haar_y4
1.304462e-001 0 -1
1.940347e-002 -4.926274e-001 
1
3
0 4 2 2 0 -1
0 4 1 1 0 2
1 5 1 1 0 2
haar_x2_y2
-1.182843e-001 0 -1
-9.609542e-001 7.963080e-003 
1
2
0 2 6 3 0 -1
0 3 6 1 0 3
haar_y3
1.090272e-001 0 -1
-6.922667e-002 1.319098e-001 
1
2
4 2 1 2 0 -1
4 3 1 1 0 2
haar_y2
1.803977e-001 0 -1
1.173288e-002 -8.444139e-001 
1
2
3 2 3 1 0 -1
4 2 1 1 0 3
haar_x3
-1.299221e-003 0 -1
1.137036e-001 -9.351499e-002 
1
2
1 2 4 4 0 -1
2 2 2 4 0 2
haar_x4
-1.539055e-001 0 -1
9.584033e-002 -1.297064e-001 
1
2
2 1 2 2 0 -1
2 1 2 1 0 2
tilted_haar_y2
-3.187115e-001 0 -1
-1.896174e-001 5.880343e-002 
1
2
2 1 3 3 0 -1
3 1 1 3 0 3
haar_x3
2.298432e-001 0 -1
-1.918942e-002 4.929011e-001 
1
2
2 1 3 1 0 -1
3 1 1 1 0 3
haar_x3
9.264214e-002 0 -1
1.708334e-002 -6.597218e-001 
1
2
1 2 3 2 0 -1
2 2 1 2 0 3
haar_x3
-4.015487e-001 0 -1
-8.890610e-001 7.788532e-003 
1
2
5 0 1 2 0 -1
5 1 1 1 0 2
haar_y2
-6.933033e-002 0 -1
-2.394285e-001 3.667554e-002 
1
3
4 0 2 4 0 -1
4 0 1 2 0 2
5 2 1 2 0 2
haar_x2_y2
-2.058907e-003 0 -1
1.094140e-001 -9.137674e-002 
1
2
0 0 6 4 0 -1
0 2 6 2 0 2
haar_y2
8.345500e-001 0 -1
1.770613e-002 -5.910505e-001 
1
3
2 4 2 2 0 -1
2 4 1 1 0 2
3 5 1 1 0 2
haar_x2_y2
-4.084667e-002 0 -1
-3.159442e-001 2.787083e-002 
1
2
3 5 3 1 0 -1
4 5 1 1 0 3
haar_x3
4.144162e-002 0 -1
2.508044e-002 -3.434227e-001 
1
2
0 2 2 1 0 -1
1 2 1 1 0 2
haar_x2
-2.088719e-001 0 -1
6.728368e-001 -1.491826e-002 
1
2
3 5 3 1 0 -1
4 5 1 1 0 3
haar_x3
-3.475561e-002 0 -1
-2.832190e-001 3.568347e-002 
1
2
4 3 2 1 0 -1
5 3 1 1 0 2
haar_x2
1.527368e-001 0 -1
-1.498890e-002 6.873814e-001 
1
2
4 0 2 2 0 -1
5 0 1 2 0 2
haar_x2
1.018780e-001 0 -1
2.549977e-002 -3.740814e-001 
1
2
4 0 1 3 0 -1
4 1 1 1 0 3
haar_y3
-5.930511e-002 0 -1
1.582398e-001 -5.716572e-002 
1
3
1 0 4 4 0 -1
1 0 2 2 0 2
3 2 2 2 0 2
haar_x2_y2
-3.086057e-001 0 -1
2.926027e-001 -3.172239e-002 
1
2
2 0 4 1 0 -1
3 0 2 1 0 2
haar_x4
-2.548168e-003 0 -1
1.022424e-001 -1.204844e-001 
1
2
4 1 1 2 0 -1
4 1 1 1 0 2
tilted_haar_y2
-1.623948e-002 0 -1
-1.322198e-001 9.749113e-002 
1
3
0 2 6 4 0 -1
0 2 3 2 0 2
3 4 3 2 0 2
haar_x2_y2
-2.341774e-001 0 -1
-1.981212e-001 4.921233e-002 
1
3
1 3 2 2 0 -1
1 3 1 1 0 2
2 4 1 1 0 2
haar_x2_y2
-2.763359e-002 0 -1
2.505966e-001 -3.816484e-002 
1
2
1 2 3 2 0 -1
2 2 1 2 0 3
haar_x3
-7.515237e-002 0 -1
1.046435e-001 -9.615511e-002 
1
2
2 1 3 3 0 -1
3 1 1 3 0 3
haar_x3
-1.408632e-001 0 -1
1.241763e-001 -7.554649e-002 
1
2
3 1 3 2 0 -1
4 2 1 2 0 3
tilted_haar_x3
-5.580341e-001 0 -1
-3.371053e-001 3.530860e-002 
1
2
1 0 2 2 0 -1
2 0 1 2 0 2
haar_x2
-6.622486e-002 0 -1
-2.463709e-001 3.916048e-002 
1
2
2 0 4 1 0 -1
4 0 2 1 0 2
haar_x2
-3.736689e-002 0 -1
1.288214e-001 -7.468355e-002 
1
2
0 0 6 1 0 -1
2 0 2 1 0 3
haar_x3
-5.135041e-002 0 -1
1.406252e-001 -8.360430e-002 
1
2
2 4 3 1 0 -1
3 4 1 1 0 3
haar_x3
-2.828641e-002 0 -1
-1.466070e-001 5.917327e-002 
1
2
2 1 3 3 0 -1
3 2 1 1 0 9
haar_point
-1.128995e+000 0 -1
-8.038628e-001 9.762839e-003 
1
2
1 3 1 3 0 -1
1 4 1 1 0 3
haar_y3
-1.836687e-001 0 -1
-8.154687e-001 7.526611e-003 
1
2
4 1 1 4 0 -1
4 1 1 2 0 2
tilted_haar_y2
-1.108117e-001 0 -1
-2.941420e-002 2.938608e-001 
1
2
4 1 1 4 0 -1
4 1 1 2 0 2
tilted_haar_y2
-4.314834e-001 0 -1
1.056196e-001 -1.036883e-001 
1
2
0 1 2 2 0 -1
1 1 1 2 0 2
haar_x2
-1.124919e-001 0 -1
-2.475585e-001 3.630393e-002 
1
3
0 2 2 2 0 -1
0 2 1 1 0 2
1 3 1 1 0 2
haar_x2_y2
4.824475e-002 0 -1
-5.378719e-002 1.898773e-001 
1
2
0 3 3 1 0 -1
1 3 1 1 0 3
haar_x3
-2.609382e-002 0 -1
1.840115e-001 -5.740170e-002 
1
2
0 3 4 1 0 -1
2 3 2 1 0 2
haar_x2
3.888132e-002 0 -1
3.733504e-002 -3.019004e-001 
1
3
3 2 2 2 0 -1
3 2 1 1 0 2
4 3 1 1 0 2
haar_x2_y2
-5.185874e-002 0 -1
2.576846e-001 -4.029019e-002 
1
3
3 2 2 2 0 -1
3 2 1 1 0 2
4 3 1 1 0 2
haar_x2_y2
2.820993e-002 0 -1
-7.168390e-002 1.424842e-001 
1
2
1 0 4 2 0 -1
3 0 2 2 0 2
haar_x2
4.033536e-002 0 -1
-6.820864e-002 1.256821e-001 
1
2
3 0 1 3 0 -1
2 1 1 1 0 3
tilted_haar_y3
-2.265569e-001 0 -1
-2.455471e-001 3.914196e-002 
1
2
0 2 5 2 0 -1
0 3 5 1 0 2
haar_y2
4.302351e-001 0 -1
-3.894807e-002 2.352197e-001 
1
2
0 0 6 2 0 -1
3 0 3 2 0 2
haar_x2
-1.201610e-001 0 -1
1.225513e-001 -8.274215e-002 
1
2
1 2 1 2 0 -1
1 3 1 1 0 2
haar_y2
1.268442e-001 0 -1
2.491760e-002 -3.611941e-001 
1
2
5 0 1 2 0 -1
5 0 1 1 0 2
tilted_haar_y2
2.495725e-002 0 -1
-1.486722e-001 5.288505e-002 
1
2
1 1 4 5 0 -1
2 1 2 5 0 2
haar_x4
4.272925e-002 0 -1
-3.063499e-002 3.000151e-001 
1
2
2 3 4 1 0 -1
4 3 2 1 0 2
haar_x2
-1.274097e-001 0 -1
-6.393414e-001 1.772860e-002 
1
2
4 1 1 4 0 -1
3 2 1 2 0 2
tilted_haar_y4
2.568992e-001 0 -1
-1.723249e-002 5.872092e-001 
1
2
2 5 3 1 0 -1
3 5 1 1 0 3
haar_x3
-9.114820e-004 0 -1
9.098703e-002 -9.981274e-002 
1
2
3 5 2 1 0 -1
4 5 1 1 0 2
haar_x2
-1.845240e-003 0 -1
1.202081e-001 -7.420438e-002 
1
2
3 5 2 1 0 -1
4 5 1 1 0 2
haar_x2
1.982166e-003 0 -1
-1.104784e-001 1.108647e-001 
1
2
2 5 3 1 0 -1
3 5 1 1 0 3
haar_x3
-2.499773e-002 0 -1
-2.121159e-001 4.657343e-002 
1
2
3 4 2 1 0 -1
4 4 1 1 0 2
haar_x2
-6.576540e-002 0 -1
-8.330131e-001 8.856745e-003 
1
2
1 3 3 1 0 -1
2 3 1 1 0 3
haar_x3
-8.378950e-002 0 -1
1.538298e-001 -6.076566e-002 
1
2
1 1 4 1 0 -1
2 1 2 1 0 2
haar_x4
-1.386605e-001 0 -1
-7.551798e-001 1.047147e-002 
1
2
1 2 2 1 0 -1
1 2 1 1 0 2
tilted_haar_x2
-2.402746e-001 0 -1
-6.400289e-001 9.169187e-003 
1
3
2 2 2 2 0 -1
2 2 1 1 0 2
3 3 1 1 0 2
haar_x2_y2
-1.888627e-003 0 -1
9.673709e-002 -8.021291e-002 
1
2
4 3 1 2 0 -1
4 3 1 1 0 2
tilted_haar_y2
-2.951550e-001 0 -1
-8.444747e-001 8.481357e-003 
1
2
3 5 3 1 0 -1
4 5 1 1 0 3
haar_x3
-1.445408e-003 0 -1
8.768397e-002 -8.538243e-002 
-9.106826e-001

11
-1
