42
1
3
1 3 2 2 0 -1
1 3 1 1 0 2
2 4 1 1 0 2
haar_x2_y2
4.464709e-002 0 -1
-2.302304e-001 4.067232e-001 
1
2
4 1 1 3 0 -1
4 2 1 1 0 3
haar_y3
-1.148223e-001 0 -1
3.714664e-001 -2.164421e-001 
1
2
3 2 2 1 0 -1
4 2 1 1 0 2
haar_x2
1.861621e-003 0 -1
-3.576968e-001 1.684239e-001 
1
2
2 0 3 2 0 -1
3 0 1 2 0 3
haar_x3
-8.385664e-002 0 -1
-7.025421e-001 7.080295e-002 
1
2
3 0 2 1 0 -1
4 0 1 1 0 2
haar_x2
1.529531e-003 0 -1
-2.671580e-001 1.842756e-001 
1
2
5 4 1 2 0 -1
5 5 1 1 0 2
haar_y2
1.570248e-003 0 -1
-3.425427e-001 1.599398e-001 
1
2
1 1 4 1 0 -1
1 1 2 1 0 2
tilted_haar_x2
-4.264522e-001 0 -1
-6.316621e-001 6.282236e-002 
1
2
3 5 2 1 0 -1
4 5 1 1 0 2
haar_x2
3.654436e-002 0 -1
6.484844e-002 -5.400602e-001 
1
2
0 1 1 3 0 -1
0 2 1 1 0 3
haar_y3
-7.486313e-004 0 -1
1.366307e-001 -3.214203e-001 
1
2
0 0 1 4 0 -1
0 2 1 2 0 2
haar_y2
-1.398532e-001 0 -1
-5.948828e-001 7.166768e-002 
1
2
3 1 3 1 0 -1
4 2 1 1 0 3
tilted_haar_x3
-1.914133e-001 0 -1
2.129978e-001 -1.978993e-001 
1
2
3 5 2 1 0 -1
4 5 1 1 0 2
haar_x2
1.501662e-003 0 -1
-2.047107e-001 1.782469e-001 
1
2
2 5 2 1 0 -1
3 5 1 1 0 2
haar_x2
3.185156e-002 0 -1
6.656075e-002 -5.831787e-001 
1
2
3 0 1 3 0 -1
3 1 1 1 0 3
haar_y3
-8.921064e-002 0 -1
4.584369e-001 -8.388235e-002 
1
2
2 0 3 3 0 -1
2 1 3 1 0 3
haar_y3
2.788925e-001 0 -1
-9.424761e-002 4.040316e-001 
1
2
3 0 3 1 0 -1
4 0 1 1 0 3
haar_x3
5.320381e-002 0 -1
6.809124e-002 -5.383630e-001 
1
2
1 3 3 1 0 -1
2 3 1 1 0 3
haar_x3
7.264136e-002 0 -1
-7.060051e-002 5.453064e-001 
1
2
1 2 3 4 0 -1
2 2 1 4 0 3
haar_x3
-6.943189e-002 0 -1
2.033294e-001 -2.186251e-001 
1
2
5 3 1 3 0 -1
5 4 1 1 0 3
haar_y3
1.444049e-003 0 -1
-2.243833e-001 1.562161e-001 
1
3
0 3 2 2 0 -1
0 3 1 1 0 2
1 4 1 1 0 2
haar_x2_y2
-1.833479e-003 0 -1
2.096528e-001 -1.690250e-001 
1
2
3 5 3 1 0 -1
4 5 1 1 0 3
haar_x3
-4.004910e-002 0 -1
-4.749961e-001 7.337150e-002 
1
2
0 2 3 2 0 -1
1 2 1 2 0 3
haar_x3
-5.728888e-002 0 -1
3.286325e-001 -1.082589e-001 
1
2
0 4 2 1 0 -1
1 4 1 1 0 2
haar_x2
-4.454386e-002 0 -1
-3.737695e-001 9.963951e-002 
1
2
3 3 3 1 0 -1
4 3 1 1 0 3
haar_x3
-6.493205e-002 0 -1
4.368131e-001 -7.907318e-002 
1
3
4 3 2 2 0 -1
4 3 1 1 0 2
5 4 1 1 0 2
haar_x2_y2
8.044461e-004 0 -1
-1.404127e-001 2.166652e-001 
1
2
3 5 2 1 0 -1
4 5 1 1 0 2
haar_x2
-4.617681e-004 0 -1
2.672908e-001 -1.186582e-001 
1
2
2 1 4 3 0 -1
4 1 2 3 0 2
haar_x2
1.174375e-001 0 -1
-2.265088e-001 1.557224e-001 
1
2
2 1 2 1 0 -1
3 1 1 1 0 2
haar_x2
6.241804e-002 0 -1
3.750900e-002 -6.452805e-001 
1
2
0 0 3 1 0 -1
1 0 1 1 0 3
haar_x3
-1.227410e-003 0 -1
1.171574e-001 -2.195802e-001 
1
2
1 0 3 1 0 -1
2 0 1 1 0 3
haar_x3
4.944011e-002 0 -1
4.352175e-002 -5.682067e-001 
1
2
2 0 4 1 0 -1
2 0 2 1 0 2
tilted_haar_x2
-4.163285e-001 0 -1
-6.483086e-001 3.707191e-002 
1
2
2 2 3 2 0 -1
3 2 1 2 0 3
haar_x3
8.008045e-002 0 -1
-5.120319e-002 5.055321e-001 
1
2
2 2 3 3 0 -1
3 3 1 1 0 9
haar_point
-4.149441e-001 0 -1
2.442349e-001 -1.029953e-001 
1
2
1 2 5 3 0 -1
1 3 5 1 0 3
haar_y3
1.360577e-001 0 -1
-1.022643e-001 2.734277e-001 
1
2
0 2 4 4 0 -1
0 3 4 2 0 2
haar_y4
3.670424e-001 0 -1
5.416376e-002 -5.456038e-001 
1
3
4 4 2 2 0 -1
4 4 1 1 0 2
5 5 1 1 0 2
haar_x2_y2
1.659442e-003 0 -1
-1.446240e-001 1.750818e-001 
1
3
0 0 6 6 0 -1
0 0 3 3 0 2
3 3 3 3 0 2
haar_x2_y2
-9.068065e-001 0 -1
-7.257929e-001 3.277262e-002 
1
2
1 0 2 1 0 -1
2 0 1 1 0 2
haar_x2
1.598015e-003 0 -1
-1.770354e-001 1.539945e-001 
1
2
5 3 1 2 0 -1
5 3 1 1 0 2
tilted_haar_y2
-9.862105e-004 0 -1
8.943018e-002 -2.882872e-001 
1
2
1 0 4 6 0 -1
2 0 2 6 0 2
haar_x4
-8.455738e-002 0 -1
1.211102e-001 -2.918429e-001 
1
2
0 2 4 4 0 -1
0 4 4 2 0 2
haar_y2
1.233598e+000 0 -1
3.351342e-002 -6.912625e-001 
1
3
1 3 2 2 0 -1
1 3 1 1 0 2
2 4 1 1 0 2
haar_x2_y2
-4.349519e-004 0 -1
2.359770e-001 -1.081535e-001 
-1.123937e+000

6
-1
