189
1
2
1 2 3 3 0 -1
1 3 3 1 0 3
haar_y3
-8.251008e-001 0 -1
3.868086e-001 -1.806073e-001 
1
2
1 0 3 2 0 -1
2 0 1 2 0 3
haar_x3
1.153171e-001 0 -1
-3.733073e-001 9.837568e-002 
1
3
1 1 2 2 0 -1
1 1 1 1 0 2
2 2 1 1 0 2
haar_x2_y2
-7.446013e-002 0 -1
-3.763279e-001 8.719908e-002 
1
3
2 1 2 2 0 -1
3 1 1 1 0 2
2 2 1 1 0 2
haar_x2_y2
7.702060e-002 0 -1
5.993340e-002 -4.129545e-001 
1
2
0 0 3 3 0 -1
1 1 1 1 0 9
haar_point
4.703263e-002 0 -1
1.786246e-001 -1.273977e-001 
1
2
2 0 2 4 0 -1
2 1 2 2 0 2
haar_y4
6.089927e-001 0 -1
-2.135915e-004 -3.073998e-001 
1
2
1 0 2 4 0 -1
1 1 2 2 0 2
haar_y4
3.169113e-001 0 -1
-1.979986e-001 1.259080e-001 
1
2
0 1 5 2 0 -1
0 2 5 1 0 2
haar_y2
-6.134379e-001 0 -1
4.187320e-001 -4.291395e-002 
1
3
0 1 4 4 0 -1
0 1 2 2 0 2
2 3 2 2 0 2
haar_x2_y2
1.828392e-001 0 -1
3.804922e-002 -4.061768e-001 
1
2
4 0 1 3 0 -1
4 1 1 1 0 3
haar_y3
-5.318493e-002 0 -1
-3.628623e-001 5.797949e-002 
1
2
1 4 3 1 0 -1
2 4 1 1 0 3
haar_x3
-5.123037e-002 0 -1
-1.886730e-001 7.965051e-002 
1
2
4 2 1 2 0 -1
4 3 1 1 0 2
haar_y2
8.963142e-002 0 -1
1.686654e-002 -1.781520e-001 
1
2
0 0 1 3 0 -1
0 1 1 1 0 3
haar_y3
-6.202047e-002 0 -1
-3.283847e-001 3.916882e-002 
1
2
1 0 4 5 0 -1
2 0 2 5 0 2
haar_x4
-1.517614e+000 0 -1
7.599637e-001 -2.175750e-002 
1
3
1 3 2 2 0 -1
1 3 1 1 0 2
2 4 1 1 0 2
haar_x2_y2
1.185256e-001 0 -1
4.729814e-002 -3.431545e-001 
1
2
2 2 2 2 0 -1
2 3 2 1 0 2
haar_y2
-3.568055e-001 0 -1
1.009272e-001 -9.246173e-002 
1
2
0 4 3 1 0 -1
1 4 1 1 0 3
haar_x3
7.077169e-002 0 -1
5.334393e-002 -2.596923e-001 
1
2
4 0 1 4 0 -1
4 0 1 2 0 2
tilted_haar_x2
-2.466843e-001 0 -1
3.164324e-001 -3.374494e-002 
1
3
0 1 4 2 0 -1
0 1 2 1 0 2
2 2 2 1 0 2
haar_x2_y2
2.104297e-001 0 -1
3.599617e-002 -3.187213e-001 
1
2
1 0 3 3 0 -1
2 0 1 3 0 3
haar_x3
6.253794e-001 0 -1
-6.486899e-002 1.622226e-001 
1
2
1 2 3 3 0 -1
1 3 3 1 0 3
haar_y3
-4.254367e-001 0 -1
8.386725e-002 -1.570465e-001 
1
2
4 0 1 4 0 -1
4 0 1 2 0 2
tilted_haar_x2
1.111118e+000 0 -1
5.543767e-003 -5.224106e-001 
1
2
1 0 4 1 0 -1
1 0 2 1 0 2
tilted_haar_x2
1.353216e+000 0 -1
-1.608910e-002 7.423580e-001 
1
2
4 1 1 4 0 -1
4 3 1 2 0 2
haar_y2
-3.713662e-001 0 -1
-2.680143e-001 3.835145e-002 
1
2
0 1 1 4 0 -1
0 3 1 2 0 2
haar_y2
-7.967821e-003 0 -1
5.902422e-002 -2.351478e-001 
1
2
2 1 3 3 0 -1
3 2 1 1 0 9
haar_point
-8.251188e-001 0 -1
3.201606e-001 -5.683986e-002 
1
2
0 1 3 3 0 -1
1 2 1 1 0 9
haar_point
1.330333e+000 0 -1
-2.212189e-002 5.881255e-001 
1
3
3 3 2 2 0 -1
4 3 1 1 0 2
3 4 1 1 0 2
haar_x2_y2
2.944440e-001 0 -1
1.562753e-002 -6.389005e-001 
1
2
2 0 1 2 0 -1
2 1 1 1 0 2
haar_y2
-8.089543e-002 0 -1
-4.835210e-001 2.229276e-002 
1
2
2 0 1 2 0 -1
2 1 1 1 0 2
haar_y2
6.988215e-002 0 -1
4.064322e-002 -3.094114e-001 
1
2
0 0 2 4 0 -1
0 2 2 2 0 2
haar_y2
-6.491175e-001 0 -1
-3.453862e-001 2.710666e-002 
1
2
4 1 1 4 0 -1
4 2 1 2 0 2
haar_y4
-2.216156e-001 0 -1
-2.096834e-001 3.150751e-002 
1
2
0 1 1 4 0 -1
0 2 1 2 0 2
haar_y4
2.608431e-002 0 -1
7.367788e-002 -1.438041e-001 
1
2
2 1 1 3 0 -1
2 2 1 1 0 3
haar_y3
1.918654e-001 0 -1
-7.291741e-002 1.103009e-001 
1
2
1 0 1 3 0 -1
1 1 1 1 0 3
haar_y3
-3.762403e-002 0 -1
-2.466098e-001 4.527828e-002 
1
2
0 0 5 2 0 -1
0 1 5 1 0 2
haar_y2
-7.833176e-001 0 -1
7.861273e-001 -1.269124e-002 
1
2
1 0 2 4 0 -1
1 1 2 2 0 2
haar_y4
6.070718e-001 0 -1
2.367530e-002 -3.473745e-001 
1
2
3 1 2 2 0 -1
3 1 1 2 0 2
tilted_haar_y2
7.252978e-001 0 -1
2.044552e-002 -2.196087e-001 
1
2
1 1 2 4 0 -1
1 2 2 2 0 2
haar_y4
5.553472e-001 0 -1
-2.086037e-002 6.113508e-001 
1
3
3 3 2 2 0 -1
4 3 1 1 0 2
3 4 1 1 0 2
haar_x2_y2
4.250753e-002 0 -1
-7.368023e-002 6.741779e-002 
1
2
1 0 3 4 0 -1
1 1 3 2 0 2
haar_y4
5.721118e-001 0 -1
-7.531500e-002 8.532801e-002 
1
2
0 2 5 2 0 -1
0 3 5 1 0 2
haar_y2
-4.273801e-002 0 -1
-3.247466e-002 2.551944e-001 
1
2
0 4 3 1 0 -1
1 4 1 1 0 3
haar_x3
-5.417599e-002 0 -1
-1.191841e-001 6.557827e-002 
1
2
3 4 2 1 0 -1
3 4 1 1 0 2
haar_x2
-3.385376e-001 0 -1
4.707282e-001 -1.746508e-002 
1
3
0 3 2 2 0 -1
0 3 1 1 0 2
1 4 1 1 0 2
haar_x2_y2
2.057397e-001 0 -1
2.482120e-002 -3.041925e-001 
1
2
1 1 4 2 0 -1
2 1 2 2 0 2
haar_x4
5.598126e-002 0 -1
5.073796e-002 -3.293850e-002 
1
2
0 2 3 2 0 -1
1 2 1 2 0 3
haar_x3
-1.930747e-002 0 -1
7.006653e-002 -1.461988e-001 
1
2
3 1 2 2 0 -1
3 1 1 2 0 2
haar_x2
7.370934e-001 0 -1
1.825647e-003 -9.998122e-001 
1
2
0 1 2 2 0 -1
1 1 1 2 0 2
haar_x2
1.005751e-001 0 -1
-5.536747e-002 1.537639e-001 
1
2
1 1 4 2 0 -1
2 1 2 2 0 2
haar_x4
6.576487e-001 0 -1
-5.590710e-003 1.955540e-001 
1
2
0 1 4 2 0 -1
1 1 2 2 0 2
haar_x4
-7.626501e-001 0 -1
6.716900e-001 -1.258821e-002 
1
2
4 2 1 2 0 -1
4 3 1 1 0 2
haar_y2
1.022663e-001 0 -1
2.326533e-002 -2.960368e-001 
1
2
0 1 1 4 0 -1
0 3 1 2 0 2
haar_y2
2.327892e-001 0 -1
1.727259e-002 -4.311688e-001 
1
2
3 4 2 1 0 -1
3 4 1 1 0 2
haar_x2
-9.485281e-002 0 -1
-1.697797e-001 3.918732e-002 
1
2
0 4 2 1 0 -1
1 4 1 1 0 2
haar_x2
-4.404344e-001 0 -1
5.932911e-001 -1.475659e-002 
1
3
3 0 2 2 0 -1
4 0 1 1 0 2
3 1 1 1 0 2
haar_x2_y2
2.655539e-001 0 -1
-1.061393e-002 4.147063e-001 
1
3
0 0 2 2 0 -1
0 0 1 1 0 2
1 1 1 1 0 2
haar_x2_y2
-2.750219e-001 0 -1
-7.052625e-001 1.183245e-002 
1
3
2 1 2 4 0 -1
3 1 1 2 0 2
2 3 1 2 0 2
haar_x2_y2
-4.889780e-002 0 -1
6.097027e-002 -1.378125e-001 
1
2
2 0 2 2 0 -1
2 0 2 1 0 2
tilted_haar_y2
4.772232e-001 0 -1
4.115000e-002 -1.984957e-001 
1
3
1 1 4 4 0 -1
3 1 2 2 0 2
1 3 2 2 0 2
haar_x2_y2
-4.151199e-001 0 -1
-1.468049e-001 4.604344e-002 
1
2
0 0 4 5 0 -1
2 0 2 5 0 2
haar_x2
1.112329e+000 0 -1
-3.267632e-002 2.559081e-001 
1
2
1 2 4 1 0 -1
1 2 2 1 0 2
haar_x2
-1.265747e-001 0 -1
-1.850498e-001 4.126935e-002 
1
2
1 3 3 2 0 -1
2 3 1 2 0 3
haar_x3
5.699188e-001 0 -1
5.544234e-003 -9.993327e-001 
1
2
4 1 1 4 0 -1
4 3 1 2 0 2
haar_y2
-5.647687e-001 0 -1
-6.822385e-001 6.502792e-003 
1
2
1 1 3 4 0 -1
1 3 3 2 0 2
haar_y2
-1.400750e+000 0 -1
2.160223e-001 -3.093487e-002 
1
2
3 2 2 1 0 -1
3 2 1 1 0 2
tilted_haar_y2
4.540252e-002 0 -1
1.116064e-001 -5.332127e-002 
1
2
0 1 1 4 0 -1
0 3 1 2 0 2
haar_y2
-4.519493e-001 0 -1
-4.177385e-001 1.843588e-002 
1
2
1 3 3 2 0 -1
2 3 1 2 0 3
haar_x3
-2.384894e-001 0 -1
-2.321788e-001 2.796224e-002 
1
3
1 1 2 4 0 -1
1 1 1 2 0 2
2 3 1 2 0 2
haar_x2_y2
-6.302074e-002 0 -1
6.397712e-002 -1.390189e-001 
1
2
1 1 3 2 0 -1
2 1 1 2 0 3
haar_x3
-3.339031e-003 0 -1
2.242523e-001 -5.259534e-002 
1
2
1 0 3 4 0 -1
2 0 1 4 0 3
haar_x3
4.280484e-001 0 -1
-7.538355e-002 7.769748e-002 
1
2
1 2 4 1 0 -1
1 2 2 1 0 2
haar_x2
-5.127101e-001 0 -1
5.861658e-001 -7.494862e-003 
1
2
0 2 4 1 0 -1
2 2 2 1 0 2
haar_x2
2.905370e-001 0 -1
3.157958e-002 -2.368625e-001 
1
2
2 0 2 3 0 -1
2 1 2 1 0 3
haar_y3
1.211765e-001 0 -1
6.350605e-002 -7.071715e-002 
1
3
1 0 2 2 0 -1
1 0 1 1 0 2
2 1 1 1 0 2
haar_x2_y2
-8.199593e-002 0 -1
-1.625655e-001 3.959934e-002 
1
2
2 1 3 3 0 -1
3 2 1 1 0 9
haar_point
1.733662e+000 0 -1
-9.635490e-003 6.337265e-001 
1
2
0 1 3 3 0 -1
1 2 1 1 0 9
haar_point
1.985409e+000 0 -1
-7.941396e-003 7.814181e-001 
1
2
1 1 3 3 0 -1
1 2 3 1 0 3
haar_y3
9.354793e-001 0 -1
1.157062e-002 -5.465603e-001 
1
3
1 0 2 2 0 -1
1 0 1 1 0 2
2 1 1 1 0 2
haar_x2_y2
8.818550e-002 0 -1
1.832851e-002 -2.746278e-001 
1
2
4 1 1 4 0 -1
4 2 1 2 0 2
haar_y4
8.053966e-002 0 -1
4.645959e-002 -1.815254e-001 
1
2
2 1 2 2 0 -1
2 1 2 1 0 2
tilted_haar_y2
7.764136e-001 0 -1
-1.616916e-002 4.125883e-001 
1
2
3 3 2 1 0 -1
3 3 1 1 0 2
haar_x2
-3.343758e-002 0 -1
8.125315e-002 -1.446081e-001 
1
3
0 0 2 2 0 -1
0 0 1 1 0 2
1 1 1 1 0 2
haar_x2_y2
-6.155874e-002 0 -1
1.278608e-001 -5.071500e-002 
1
2
3 0 2 3 0 -1
3 1 2 1 0 3
haar_y3
-8.197635e-002 0 -1
-1.762882e-001 2.282904e-002 
1
2
0 0 5 3 0 -1
0 1 5 1 0 3
haar_y3
-3.321968e-002 0 -1
2.106922e-001 -4.011507e-002 
1
2
1 2 3 2 0 -1
1 3 3 1 0 2
haar_y2
5.088419e-001 0 -1
-8.264942e-003 7.728041e-001 
1
2
0 1 1 4 0 -1
0 2 1 2 0 2
haar_y4
2.170697e-001 0 -1
1.771436e-002 -3.842782e-001 
1
2
2 0 1 2 0 -1
2 1 1 1 0 2
haar_y2
-1.435514e-001 0 -1
-1.000000e+000 5.663828e-003 
1
2
0 0 5 2 0 -1
0 1 5 1 0 2
haar_y2
7.637685e-001 0 -1
-1.908612e-002 3.456865e-001 
1
3
3 2 2 2 0 -1
4 2 1 1 0 2
3 3 1 1 0 2
haar_x2_y2
3.016666e-001 0 -1
-4.346514e-003 5.352328e-001 
1
3
0 2 2 2 0 -1
0 2 1 1 0 2
1 3 1 1 0 2
haar_x2_y2
-6.225958e-002 0 -1
7.552944e-002 -8.752891e-002 
1
2
3 1 1 2 0 -1
3 2 1 1 0 2
haar_y2
1.112293e-001 0 -1
1.834280e-002 -2.826541e-001 
1
2
0 2 3 1 0 -1
1 2 1 1 0 3
haar_x3
-5.734408e-002 0 -1
7.562479e-002 -7.322974e-002 
1
2
1 2 4 2 0 -1
2 2 2 2 0 2
haar_x4
-1.777519e+000 0 -1
8.809234e-001 -3.257809e-003 
1
2
0 2 4 2 0 -1
1 2 2 2 0 2
haar_x4
-2.843012e-001 0 -1
-2.084743e-001 3.144391e-002 
1
2
1 3 3 1 0 -1
2 3 1 1 0 3
haar_x3
1.661927e-001 0 -1
2.550081e-002 -2.334704e-001 
1
2
0 0 4 4 0 -1
0 2 4 2 0 2
haar_y2
-2.017879e-001 0 -1
-4.607824e-002 1.631442e-001 
1
2
3 1 1 2 0 -1
3 2 1 1 0 2
haar_y2
-2.315689e-001 0 -1
-3.417154e-001 8.176454e-003 
1
2
1 1 1 2 0 -1
1 2 1 1 0 2
haar_y2
1.275171e-001 0 -1
1.673300e-002 -4.651938e-001 
1
2
0 1 5 2 0 -1
0 2 5 1 0 2
haar_y2
-7.814953e-001 0 -1
2.906269e-001 -2.071710e-002 
1
2
1 2 3 2 0 -1
1 3 3 1 0 2
haar_y2
-2.852477e-001 0 -1
4.039536e-002 -1.397816e-001 
1
2
1 3 4 2 0 -1
2 3 2 2 0 2
haar_x4
-9.583187e-001 0 -1
4.234134e-001 -1.257134e-002 
1
2
0 1 5 4 0 -1
0 2 5 2 0 2
haar_y4
-2.013127e+000 0 -1
-9.131755e-001 7.426374e-003 
1
2
1 3 4 2 0 -1
2 3 2 2 0 2
haar_x4
-2.957209e-001 0 -1
-1.115657e-001 1.990415e-002 
1
2
2 0 2 2 0 -1
2 0 1 2 0 2
tilted_haar_x2
1.233646e+000 0 -1
-7.035320e-003 7.600299e-001 
1
2
1 3 4 2 0 -1
2 3 2 2 0 2
haar_x4
-5.750828e-001 0 -1
1.773396e-001 -8.941700e-003 
1
2
0 3 4 2 0 -1
1 3 2 2 0 2
haar_x4
3.931394e-001 0 -1
-1.216155e-002 4.684687e-001 
1
2
1 0 3 2 0 -1
1 1 3 1 0 2
haar_y2
-2.292226e-001 0 -1
-5.005156e-001 1.127200e-002 
1
2
0 0 4 4 0 -1
0 2 4 2 0 2
haar_y2
-8.687238e-001 0 -1
8.769074e-002 -5.997891e-002 
1
2
2 1 2 4 0 -1
2 1 1 4 0 2
haar_x2
6.541997e-001 0 -1
-2.405994e-002 3.752322e-001 
1
2
0 2 4 3 0 -1
1 2 2 3 0 2
haar_x4
9.684224e-002 0 -1
5.341094e-002 -1.180384e-001 
1
2
0 1 5 3 0 -1
0 2 5 1 0 3
haar_y3
7.826892e-001 0 -1
-4.373939e-002 1.613369e-001 
1
2
1 0 3 1 0 -1
2 0 1 1 0 3
haar_x3
9.566465e-002 0 -1
-1.194174e-001 5.404750e-002 
1
2
1 0 3 4 0 -1
1 1 3 2 0 2
haar_y4
1.195607e+000 0 -1
4.057928e-003 -1.000304e+000 
1
2
2 0 2 2 0 -1
2 0 2 1 0 2
tilted_haar_y2
7.384096e-001 0 -1
3.459502e-003 -8.434429e-001 
1
2
3 0 1 3 0 -1
3 1 1 1 0 3
haar_y3
-1.984332e-001 0 -1
-5.283549e-001 1.021304e-002 
1
2
0 2 1 2 0 -1
0 3 1 1 0 2
haar_y2
-1.244681e-001 0 -1
-1.423375e-001 3.185501e-002 
1
2
3 2 2 1 0 -1
3 2 1 1 0 2
tilted_haar_y2
-3.103870e-001 0 -1
-3.055783e-001 4.925357e-003 
1
2
2 0 3 1 0 -1
3 1 1 1 0 3
tilted_haar_x3
1.554292e-002 0 -1
2.626878e-001 -2.371506e-002 
1
2
3 2 2 1 0 -1
3 2 1 1 0 2
tilted_haar_y2
-1.457727e+000 0 -1
8.370699e-001 -1.481602e-003 
1
2
2 2 1 2 0 -1
2 2 1 1 0 2
tilted_haar_y2
3.553961e-001 0 -1
-1.566198e-002 3.631709e-001 
1
2
1 2 3 2 0 -1
2 2 1 2 0 3
haar_x3
-4.106373e-001 0 -1
-6.281508e-001 7.920206e-003 
1
2
1 0 1 3 0 -1
1 1 1 1 0 3
haar_y3
4.006183e-001 0 -1
4.527149e-003 -7.403025e-001 
1
2
1 4 3 1 0 -1
2 4 1 1 0 3
haar_x3
2.866526e-003 0 -1
-6.623290e-002 6.157671e-002 
1
2
1 4 3 1 0 -1
2 4 1 1 0 3
haar_x3
1.224153e-001 0 -1
2.569347e-002 -1.848463e-001 
1
2
2 1 2 4 0 -1
2 1 1 4 0 2
haar_x2
5.512682e-001 0 -1
-1.777988e-002 1.570724e-001 
1
2
2 0 1 4 0 -1
2 2 1 2 0 2
haar_y2
-2.500570e-001 0 -1
5.999942e-002 -7.997928e-002 
1
2
2 1 2 4 0 -1
2 1 1 4 0 2
haar_x2
-4.532282e-001 0 -1
3.452438e-001 -7.862927e-003 
1
2
1 1 2 4 0 -1
2 1 1 4 0 2
haar_x2
4.448665e-001 0 -1
-3.148193e-002 2.289804e-001 
1
2
1 2 3 2 0 -1
1 3 3 1 0 2
haar_y2
-5.698008e-001 0 -1
1.224325e-001 -5.644782e-002 
1
2
1 1 2 3 0 -1
2 1 1 3 0 2
haar_x2
5.934614e-001 0 -1
7.032829e-003 -6.754597e-001 
1
2
4 0 1 3 0 -1
3 1 1 1 0 3
tilted_haar_x3
-7.765473e-002 0 -1
3.073162e-001 -1.445655e-002 
1
3
0 0 4 4 0 -1
0 0 2 2 0 2
2 2 2 2 0 2
haar_x2_y2
-5.535402e-001 0 -1
-2.061318e-001 2.396055e-002 
1
2
2 0 3 5 0 -1
3 0 1 5 0 3
haar_x3
-1.993255e-001 0 -1
1.050019e-001 -1.257385e-001 
1
2
0 0 3 1 0 -1
1 0 1 1 0 3
haar_x3
-6.846046e-002 0 -1
6.302342e-002 -6.943009e-002 
1
2
3 0 2 2 0 -1
3 0 1 2 0 2
haar_x2
2.953464e-003 0 -1
-8.063451e-002 8.218879e-002 
1
2
0 0 2 2 0 -1
1 0 1 2 0 2
haar_x2
3.277972e-003 0 -1
-6.902997e-002 6.750324e-002 
1
2
1 0 4 4 0 -1
2 0 2 4 0 2
haar_x4
-4.650658e-001 0 -1
1.514536e-001 -1.749998e-002 
1
2
0 0 4 4 0 -1
1 0 2 4 0 2
haar_x4
2.201999e-002 0 -1
8.588392e-002 -5.174507e-002 
1
2
3 3 2 2 0 -1
3 3 1 2 0 2
haar_x2
-3.038193e-001 0 -1
-2.381290e-001 2.597735e-002 
1
2
0 4 2 1 0 -1
1 4 1 1 0 2
haar_x2
6.520469e-002 0 -1
2.253271e-002 -1.843888e-001 
1
2
3 3 2 2 0 -1
3 3 1 2 0 2
haar_x2
-9.197964e-002 0 -1
7.414364e-002 -6.862668e-002 
1
2
0 3 2 2 0 -1
1 3 1 2 0 2
haar_x2
-2.482791e-001 0 -1
-2.034618e-001 2.830756e-002 
1
2
3 4 2 1 0 -1
3 4 1 1 0 2
haar_x2
-6.011507e-001 0 -1
4.071474e-001 -5.601847e-003 
1
2
0 3 2 2 0 -1
1 3 1 2 0 2
haar_x2
-5.939240e-001 0 -1
4.174184e-001 -1.331728e-002 
1
2
4 0 1 4 0 -1
4 0 1 2 0 2
tilted_haar_x2
1.298114e+000 0 -1
1.763434e-003 -1.000940e+000 
1
2
1 0 4 1 0 -1
1 0 2 1 0 2
tilted_haar_x2
8.186821e-001 0 -1
2.302927e-002 -2.346731e-001 
1
3
3 3 2 2 0 -1
4 3 1 1 0 2
3 4 1 1 0 2
haar_x2_y2
-3.860823e-001 0 -1
-4.846519e-001 2.952994e-003 
1
3
0 3 2 2 0 -1
0 3 1 1 0 2
1 4 1 1 0 2
haar_x2_y2
5.277353e-002 0 -1
-6.191297e-002 6.890968e-002 
1
2
1 2 4 1 0 -1
2 2 2 1 0 2
haar_x4
-1.480120e-001 0 -1
-1.384008e-001 1.269702e-002 
1
2
0 2 4 1 0 -1
1 2 2 1 0 2
haar_x4
1.185643e-002 0 -1
-9.134565e-002 5.568995e-002 
1
2
1 2 3 3 0 -1
1 3 3 1 0 3
haar_y3
9.853348e-001 0 -1
-7.177202e-003 7.241798e-001 
1
2
1 2 1 2 0 -1
1 3 1 1 0 2
haar_y2
-3.781943e-001 0 -1
8.175856e-001 -3.908333e-003 
1
2
3 0 2 3 0 -1
3 0 1 3 0 2
haar_x2
-1.389999e+000 0 -1
6.203798e-001 -3.308428e-003 
1
2
0 0 2 3 0 -1
1 0 1 3 0 2
haar_x2
-3.391332e-002 0 -1
7.641336e-002 -5.408673e-002 
1
2
4 2 1 3 0 -1
4 3 1 1 0 3
haar_y3
-1.075173e-001 0 -1
6.674001e-002 -3.693165e-002 
1
2
1 0 3 1 0 -1
2 1 1 1 0 3
tilted_haar_x3
6.518055e-001 0 -1
-1.445357e-002 3.138950e-001 
1
3
2 1 2 4 0 -1
3 1 1 2 0 2
2 3 1 2 0 2
haar_x2_y2
-4.019772e-001 0 -1
-2.271387e-001 1.533347e-002 
1
3
1 1 2 4 0 -1
1 1 1 2 0 2
2 3 1 2 0 2
haar_x2_y2
1.460727e-002 0 -1
3.223745e-002 -1.524755e-001 
1
2
3 2 1 2 0 -1
3 3 1 1 0 2
haar_y2
6.876319e-002 0 -1
-1.776732e-002 2.304665e-001 
1
2
1 2 1 2 0 -1
1 3 1 1 0 2
haar_y2
-1.816400e-001 0 -1
1.177813e-001 -5.127571e-002 
1
2
3 1 2 3 0 -1
3 2 2 1 0 3
haar_y3
6.562749e-001 0 -1
-4.031822e-003 2.593277e-001 
1
2
0 4 3 1 0 -1
1 4 1 1 0 3
haar_x3
2.672871e-001 0 -1
7.387094e-003 -5.462018e-001 
1
2
1 4 4 1 0 -1
1 4 2 1 0 2
haar_x2
4.564934e-001 0 -1
-1.386584e-002 3.495868e-001 
1
2
0 1 3 4 0 -1
0 3 3 2 0 2
haar_y2
2.525880e-001 0 -1
1.069591e-002 -4.358111e-001 
1
3
1 1 4 4 0 -1
3 1 2 2 0 2
1 3 2 2 0 2
haar_x2_y2
1.628295e-001 0 -1
2.705751e-002 -2.028342e-001 
1
3
0 1 4 4 0 -1
0 1 2 2 0 2
2 3 2 2 0 2
haar_x2_y2
-9.831212e-001 0 -1
4.858748e-001 -1.492757e-002 
1
2
3 1 1 3 0 -1
3 2 1 1 0 3
haar_y3
5.698154e-001 0 -1
-2.696653e-003 6.083974e-001 
1
2
1 1 1 3 0 -1
1 2 1 1 0 3
haar_y3
-6.686226e-002 0 -1
1.478340e-001 -3.234918e-002 
1
2
2 0 2 4 0 -1
2 2 2 2 0 2
haar_y2
-9.485047e-001 0 -1
-5.939863e-001 9.164529e-003 
1
2
1 0 1 2 0 -1
1 1 1 1 0 2
haar_y2
6.433528e-002 0 -1
4.110144e-002 -1.037166e-001 
1
2
2 0 3 4 0 -1
2 1 3 2 0 2
haar_y4
3.234406e-001 0 -1
-6.723921e-002 2.762253e-002 
1
2
1 1 3 3 0 -1
2 2 1 1 0 9
haar_point
1.975138e-001 0 -1
1.325563e-001 -3.846747e-002 
1
2
2 0 3 4 0 -1
2 1 3 2 0 2
haar_y4
1.287156e+000 0 -1
1.624627e-003 -8.394264e-001 
1
2
0 0 4 4 0 -1
0 2 4 2 0 2
haar_y2
6.670855e-002 0 -1
-2.836530e-002 2.033353e-001 
1
2
4 1 1 2 0 -1
4 2 1 1 0 2
haar_y2
-3.125383e-003 0 -1
5.347779e-002 -1.204191e-001 
1
2
2 2 1 2 0 -1
2 3 1 1 0 2
haar_y2
-1.098599e-001 0 -1
3.684561e-002 -1.782962e-001 
1
2
1 1 4 4 0 -1
1 1 2 4 0 2
haar_x2
2.196924e+000 0 -1
3.227563e-003 -7.749544e-001 
1
2
0 1 4 4 0 -1
2 1 2 4 0 2
haar_x2
1.073110e+000 0 -1
-1.871980e-002 3.301164e-001 
1
2
4 1 1 2 0 -1
4 2 1 1 0 2
haar_y2
2.063010e-001 0 -1
6.278739e-003 -6.444328e-001 
1
2
0 1 4 3 0 -1
0 2 4 1 0 3
haar_y3
8.603965e-001 0 -1
2.018189e-002 -2.122797e-001 
1
2
0 1 5 3 0 -1
0 2 5 1 0 3
haar_y3
1.027220e+000 0 -1
-2.215150e-002 2.929972e-001 
1
2
0 2 4 1 0 -1
2 2 2 1 0 2
haar_x2
5.020778e-001 0 -1
4.797271e-003 -9.997644e-001 
1
2
4 1 1 2 0 -1
4 2 1 1 0 2
haar_y2
6.745523e-002 0 -1
9.361655e-003 -1.287659e-001 
1
2
0 2 2 1 0 -1
1 2 1 1 0 2
haar_x2
-2.971256e-001 0 -1
3.654855e-001 -1.118409e-002 
1
2
4 1 1 2 0 -1
4 2 1 1 0 2
haar_y2
2.776186e-003 0 -1
-2.682705e-002 8.226769e-002 
1
2
0 1 1 2 0 -1
0 2 1 1 0 2
haar_y2
1.178344e-001 0 -1
1.495463e-002 -3.810409e-001 
1
2
1 1 4 1 0 -1
2 1 2 1 0 2
haar_x4
-4.075696e-003 0 -1
9.552234e-002 -4.498535e-002 
1
3
1 0 2 4 0 -1
1 0 1 2 0 2
2 2 1 2 0 2
haar_x2_y2
6.710310e-002 0 -1
2.733911e-002 -2.014533e-001 
-1.022310e+000

10
-1
