20
1
2
0 1 6 3 0 -1
0 2 6 1 0 3
haar_y3
-4.039185e-001 0 -1
4.920057e-001 -3.740725e-001 
1
2
1 2 4 2 0 -1
2 2 2 2 0 2
haar_x4
-9.046181e-002 0 -1
2.715224e-001 -3.969094e-001 
1
2
3 2 1 4 0 -1
3 4 1 2 0 2
haar_y2
1.677848e-001 0 -1
-4.429584e-001 2.103496e-001 
1
2
0 5 4 1 0 -1
2 5 2 1 0 2
haar_x2
1.039320e-001 0 -1
1.385799e-001 -7.790956e-001 
1
2
3 4 2 2 0 -1
4 4 1 2 0 2
haar_x2
-5.881163e-002 0 -1
-8.678873e-001 9.679434e-002 
1
2
2 0 2 1 0 -1
3 0 1 1 0 2
haar_x2
-2.258795e-002 0 -1
-6.666804e-001 8.969069e-002 
1
2
1 4 3 2 0 -1
2 4 1 2 0 3
haar_x3
-7.449957e-002 0 -1
-4.940163e-001 1.146962e-001 
1
2
1 0 3 1 0 -1
2 0 1 1 0 3
haar_x3
-7.070557e-002 0 -1
-7.120355e-001 5.783747e-002 
1
2
5 1 1 2 0 -1
5 2 1 1 0 2
haar_y2
-2.592970e-003 0 -1
1.677400e-001 -3.137240e-001 
1
3
0 0 6 6 0 -1
0 0 3 3 0 2
3 3 3 3 0 2
haar_x2_y2
-7.741271e-001 0 -1
-7.040079e-001 9.976281e-002 
1
2
2 2 3 3 0 -1
3 3 1 1 0 9
haar_point
-4.016795e-001 0 -1
3.393373e-001 -1.832871e-001 
1
2
0 2 2 2 0 -1
0 3 2 1 0 2
haar_y2
4.035512e-002 0 -1
-3.332047e-001 1.838087e-001 
1
2
0 4 3 2 0 -1
0 5 3 1 0 2
haar_y2
1.439127e-003 0 -1
-3.602091e-001 1.348072e-001 
1
2
2 2 2 2 0 -1
2 2 1 2 0 2
tilted_haar_x2
-2.238834e-001 0 -1
-5.532750e-001 9.343524e-002 
1
2
2 0 3 2 0 -1
3 0 1 2 0 3
haar_x3
-1.092872e-001 0 -1
-7.669925e-001 5.636731e-002 
1
2
3 0 2 1 0 -1
4 0 1 1 0 2
haar_x2
-4.270842e-002 0 -1
-6.974345e-001 5.789541e-002 
1
2
2 5 2 1 0 -1
3 5 1 1 0 2
haar_x2
-4.366624e-002 0 -1
-6.661975e-001 5.748638e-002 
1
2
3 0 2 6 0 -1
3 3 2 3 0 2
haar_y2
7.348051e-001 0 -1
7.061578e-002 -6.550679e-001 
1
2
3 5 3 1 0 -1
4 5 1 1 0 3
haar_x3
4.207567e-002 0 -1
6.276840e-002 -5.963933e-001 
1
2
2 0 1 2 0 -1
2 0 1 1 0 2
tilted_haar_y2
1.501311e-001 0 -1
4.229896e-002 -7.159105e-001 
-1.273125e+000

3
-1
