389
1
3
0 3 2 2 0 -1
0 3 1 1 0 2
1 4 1 1 0 2
haar_x2_y2
5.638336e-002 0 -1
-1.826557e-001 1.663004e-001 
1
2
1 0 3 4 0 -1
2 0 1 4 0 3
haar_x3
2.113263e-001 0 -1
-2.380203e-001 8.888488e-002 
1
2
1 2 3 2 0 -1
1 3 3 1 0 2
haar_y2
-4.895143e-001 0 -1
1.323465e-001 -1.763067e-001 
1
2
4 2 1 2 0 -1
4 3 1 1 0 2
haar_y2
-1.560336e-001 0 -1
-4.158171e-001 7.618174e-002 
1
2
0 2 1 2 0 -1
0 3 1 1 0 2
haar_y2
-1.280662e-001 0 -1
-2.490911e-001 8.586658e-002 
1
2
2 2 1 2 0 -1
2 3 1 1 0 2
haar_y2
-1.016731e-001 0 -1
5.431456e-002 -2.984853e-001 
1
2
0 0 5 4 0 -1
0 2 5 2 0 2
haar_y2
-9.097239e-001 0 -1
1.204442e-001 -1.232346e-001 
1
2
2 3 2 2 0 -1
2 4 2 1 0 2
haar_y2
-2.107874e-001 0 -1
2.914454e-001 -3.195671e-002 
1
2
0 0 2 1 0 -1
1 0 1 1 0 2
haar_x2
-1.229473e-001 0 -1
-2.961630e-001 3.993408e-002 
1
2
2 1 3 3 0 -1
3 1 1 3 0 3
haar_x3
-1.618427e-001 0 -1
9.363263e-002 -1.146541e-001 
1
2
0 3 4 2 0 -1
1 3 2 2 0 2
haar_x4
-3.033489e-002 0 -1
8.449268e-002 -1.500272e-001 
1
2
2 2 3 1 0 -1
3 2 1 1 0 3
haar_x3
-1.308065e+000 0 -1
-1.000000e+000 8.574373e-004 
1
2
0 2 3 1 0 -1
1 2 1 1 0 3
haar_x3
-5.245366e-002 0 -1
8.515238e-002 -9.523106e-002 
1
2
1 1 3 1 0 -1
2 1 1 1 0 3
haar_x3
3.196203e-001 0 -1
3.488299e-002 -3.092603e-001 
1
3
0 0 2 4 0 -1
0 0 1 2 0 2
1 2 1 2 0 2
haar_x2_y2
-1.825012e-001 0 -1
-1.694553e-001 4.476249e-002 
1
2
2 1 2 3 0 -1
2 1 1 3 0 2
haar_x2
5.573438e-001 0 -1
-1.543598e-002 2.270663e-001 
1
2
1 1 2 3 0 -1
2 1 1 3 0 2
haar_x2
-2.248548e-001 0 -1
4.276544e-001 -1.910838e-002 
1
2
1 0 3 1 0 -1
2 0 1 1 0 3
haar_x3
9.192228e-002 0 -1
-1.454010e-001 5.078428e-002 
1
2
0 2 4 1 0 -1
1 2 2 1 0 2
haar_x4
2.660320e-001 0 -1
2.534081e-002 -3.017142e-001 
1
2
2 0 1 2 0 -1
2 1 1 1 0 2
haar_y2
-9.133383e-003 0 -1
-1.249373e-001 4.880102e-002 
1
2
0 1 2 3 0 -1
1 1 1 3 0 2
haar_x2
2.400247e-001 0 -1
-2.108799e-002 2.966734e-001 
1
2
1 3 4 2 0 -1
1 4 4 1 0 2
haar_y2
2.288057e-001 0 -1
-6.871057e-002 6.942075e-002 
1
2
1 0 1 4 0 -1
1 1 1 2 0 2
haar_y4
-1.315844e-001 0 -1
4.030344e-001 -1.515993e-002 
1
2
4 0 1 4 0 -1
4 1 1 2 0 2
haar_y4
4.646416e-002 0 -1
-9.974907e-002 5.352682e-002 
1
3
0 3 2 2 0 -1
0 3 1 1 0 2
1 4 1 1 0 2
haar_x2_y2
1.764199e-001 0 -1
2.421670e-002 -2.369592e-001 
1
2
0 2 5 3 0 -1
0 3 5 1 0 3
haar_y3
-1.861143e+000 0 -1
-5.794697e-001 7.792945e-003 
1
2
0 0 3 3 0 -1
1 1 1 1 0 9
haar_point
5.574357e-002 0 -1
5.839324e-002 -8.516745e-002 
1
2
1 1 3 2 0 -1
2 1 1 2 0 3
haar_x3
2.592571e-002 0 -1
1.671639e-001 -3.624149e-002 
1
3
1 1 2 2 0 -1
1 1 1 1 0 2
2 2 1 1 0 2
haar_x2_y2
-7.750058e-002 0 -1
-1.709145e-001 2.947286e-002 
1
3
1 0 4 4 0 -1
3 0 2 2 0 2
1 2 2 2 0 2
haar_x2_y2
1.361781e-001 0 -1
3.282509e-002 -1.857523e-001 
1
3
0 0 4 4 0 -1
0 0 2 2 0 2
2 2 2 2 0 2
haar_x2_y2
4.996779e-002 0 -1
4.313641e-002 -1.608289e-001 
1
2
1 0 3 4 0 -1
2 0 1 4 0 3
haar_x3
4.493503e-001 0 -1
-7.697396e-002 7.542482e-002 
1
2
0 0 1 2 0 -1
0 1 1 1 0 2
haar_y2
-2.231826e-001 0 -1
4.692662e-001 -1.044708e-002 
1
2
4 0 1 4 0 -1
4 1 1 2 0 2
haar_y4
-4.971766e-001 0 -1
4.671631e-001 -3.923776e-003 
1
2
0 0 1 4 0 -1
0 1 1 2 0 2
haar_y4
5.314040e-002 0 -1
-1.030138e-001 6.071902e-002 
1
2
3 2 2 1 0 -1
3 2 1 1 0 2
haar_x2
4.234055e-001 0 -1
1.498898e-003 -9.996625e-001 
1
2
0 2 2 1 0 -1
1 2 1 1 0 2
haar_x2
2.444691e-002 0 -1
-6.072972e-002 8.667663e-002 
1
2
2 0 2 4 0 -1
2 1 2 2 0 2
haar_y4
3.387351e-002 0 -1
1.622438e-001 -1.450042e-002 
1
2
1 0 1 2 0 -1
1 1 1 1 0 2
haar_y2
9.888151e-002 0 -1
2.633133e-002 -1.639967e-001 
1
2
1 0 3 2 0 -1
1 1 3 1 0 2
haar_y2
-9.787399e-002 0 -1
-2.565619e-001 1.743333e-002 
1
2
0 2 3 3 0 -1
1 3 1 1 0 9
haar_point
-1.030305e+000 0 -1
9.863136e-002 -4.594711e-002 
1
2
1 0 4 2 0 -1
1 1 4 1 0 2
haar_y2
6.675481e-001 0 -1
-8.870200e-003 3.084407e-001 
1
2
1 0 3 1 0 -1
2 0 1 1 0 3
haar_x3
-3.571410e-001 0 -1
7.485763e-001 -5.063793e-003 
1
2
3 3 2 2 0 -1
3 3 1 2 0 2
haar_x2
-2.845002e-001 0 -1
-3.001551e-001 3.536550e-002 
1
2
0 2 3 3 0 -1
1 3 1 1 0 9
haar_point
-2.558644e-001 0 -1
-3.419505e-002 1.271218e-001 
1
2
4 2 1 2 0 -1
4 2 1 1 0 2
tilted_haar_x2
-4.990467e-001 0 -1
-7.597378e-001 2.112562e-003 
1
2
1 2 2 1 0 -1
1 2 1 1 0 2
tilted_haar_x2
-1.353259e-001 0 -1
-3.278842e-001 1.286547e-002 
1
2
2 1 2 4 0 -1
2 2 2 2 0 2
haar_y4
-5.842443e-001 0 -1
1.317947e-001 -1.523633e-002 
1
2
1 1 3 3 0 -1
2 2 1 1 0 9
haar_point
1.759786e+000 0 -1
-1.549666e-002 2.855371e-001 
1
2
2 0 1 4 0 -1
2 1 1 2 0 2
haar_y4
2.802298e-001 0 -1
3.353095e-002 -1.419032e-001 
1
2
1 2 3 3 0 -1
2 3 1 1 0 9
haar_point
-1.164853e-002 0 -1
2.981092e-002 -1.655597e-001 
1
3
2 1 2 4 0 -1
3 1 1 2 0 2
2 3 1 2 0 2
haar_x2_y2
-8.400545e-002 0 -1
4.943823e-002 -8.043563e-002 
1
3
1 1 2 2 0 -1
1 1 1 1 0 2
2 2 1 1 0 2
haar_x2_y2
1.600033e-001 0 -1
9.123131e-003 -4.355936e-001 
1
2
2 0 3 4 0 -1
2 2 3 2 0 2
haar_y2
-1.798891e-002 0 -1
-1.357059e-002 9.202508e-002 
1
3
0 2 4 2 0 -1
0 2 2 1 0 2
2 3 2 1 0 2
haar_x2_y2
-8.038421e-002 0 -1
4.443131e-002 -7.945295e-002 
1
2
1 3 3 1 0 -1
2 3 1 1 0 3
haar_x3
5.108369e-002 0 -1
-4.314923e-002 8.723269e-002 
1
2
1 1 2 4 0 -1
2 1 1 4 0 2
haar_x2
9.805407e-002 0 -1
7.073691e-002 -6.201109e-002 
1
2
1 0 4 5 0 -1
1 0 2 5 0 2
haar_x2
-5.898198e-001 0 -1
1.980886e-001 -4.125105e-002 
1
2
0 3 4 2 0 -1
1 3 2 2 0 2
haar_x4
-3.008423e-001 0 -1
-1.642969e-001 2.520335e-002 
1
3
1 3 4 2 0 -1
3 3 2 1 0 2
1 4 2 1 0 2
haar_x2_y2
3.318361e-002 0 -1
-7.820997e-002 6.282853e-002 
1
2
1 1 1 4 0 -1
1 3 1 2 0 2
haar_y2
-4.509375e-001 0 -1
1.725816e-001 -2.641442e-002 
1
3
2 1 2 4 0 -1
3 1 1 2 0 2
2 3 1 2 0 2
haar_x2_y2
3.422930e-001 0 -1
-5.191640e-003 5.062334e-001 
1
3
1 1 2 4 0 -1
1 1 1 2 0 2
2 3 1 2 0 2
haar_x2_y2
-3.277358e-002 0 -1
3.949741e-002 -1.350747e-001 
1
2
2 4 3 1 0 -1
3 4 1 1 0 3
haar_x3
-7.195532e-002 0 -1
-1.376396e-001 4.973176e-002 
1
2
1 0 3 3 0 -1
2 1 1 1 0 9
haar_point
2.249779e+000 0 -1
-4.625848e-003 7.610191e-001 
1
2
2 1 2 1 0 -1
2 1 1 1 0 2
haar_x2
2.061554e-002 0 -1
-1.157689e-001 4.526993e-002 
1
2
1 0 3 3 0 -1
2 0 1 3 0 3
haar_x3
2.329153e-001 0 -1
1.123125e-001 -4.541764e-002 
1
2
3 0 2 1 0 -1
3 0 1 1 0 2
tilted_haar_y2
5.856758e-001 0 -1
3.888846e-003 -7.118993e-001 
1
2
1 4 3 1 0 -1
2 4 1 1 0 3
haar_x3
4.248858e-003 0 -1
-6.619833e-002 5.985146e-002 
1
3
1 3 4 2 0 -1
3 3 2 1 0 2
1 4 2 1 0 2
haar_x2_y2
-7.189389e-001 0 -1
6.260533e-001 -4.957193e-003 
1
2
1 1 2 2 0 -1
2 1 1 2 0 2
haar_x2
4.857233e-001 0 -1
8.075440e-003 -4.920202e-001 
1
2
3 0 2 1 0 -1
3 0 1 1 0 2
tilted_haar_y2
1.517360e-002 0 -1
-1.057001e-001 2.280484e-002 
1
2
2 0 1 2 0 -1
2 0 1 1 0 2
tilted_haar_y2
2.412511e-001 0 -1
1.479980e-002 -2.916403e-001 
1
3
3 1 2 4 0 -1
4 1 1 2 0 2
3 3 1 2 0 2
haar_x2_y2
-6.705960e-001 0 -1
4.997126e-001 -1.016831e-002 
1
2
0 1 1 4 0 -1
0 3 1 2 0 2
haar_y2
-3.997679e-001 0 -1
-2.214126e-001 1.792778e-002 
1
2
3 1 2 2 0 -1
3 1 1 2 0 2
tilted_haar_y2
2.690648e-001 0 -1
-5.447613e-002 2.350088e-002 
1
2
0 1 4 4 0 -1
2 1 2 4 0 2
haar_x2
6.092988e-001 0 -1
-3.327345e-002 1.766166e-001 
1
2
4 0 1 4 0 -1
4 0 1 2 0 2
tilted_haar_x2
-2.956788e-001 0 -1
1.785547e-001 -1.458347e-002 
1
2
0 1 2 2 0 -1
0 2 2 1 0 2
haar_y2
8.051214e-002 0 -1
2.132186e-002 -1.744665e-001 
1
2
1 2 3 2 0 -1
1 3 3 1 0 2
haar_y2
-6.226720e-001 0 -1
1.184427e-001 -3.667918e-002 
1
2
0 1 3 3 0 -1
1 2 1 1 0 9
haar_point
1.988739e+000 0 -1
-6.092841e-003 7.168317e-001 
1
2
2 1 3 3 0 -1
3 1 1 3 0 3
haar_x3
5.241612e-001 0 -1
-1.298360e-002 4.373645e-001 
1
2
1 0 1 3 0 -1
1 1 1 1 0 3
haar_y3
-1.330578e-001 0 -1
-3.936113e-001 1.047975e-002 
1
2
2 1 3 3 0 -1
3 1 1 3 0 3
haar_x3
-3.292350e-001 0 -1
9.803118e-002 -5.290922e-002 
1
2
0 0 3 4 0 -1
0 2 3 2 0 2
haar_y2
-1.210503e+000 0 -1
3.290511e-001 -1.273863e-002 
1
2
1 1 4 1 0 -1
1 1 2 1 0 2
haar_x2
2.564290e-001 0 -1
2.671894e-002 -1.786196e-001 
1
3
0 3 4 2 0 -1
0 3 2 1 0 2
2 4 2 1 0 2
haar_x2_y2
2.799259e-001 0 -1
1.700570e-002 -1.728106e-001 
1
2
3 0 2 4 0 -1
3 2 2 2 0 2
haar_y2
-6.908275e-001 0 -1
-2.364702e-001 1.603396e-002 
1
2
0 4 4 1 0 -1
2 4 2 1 0 2
haar_x2
1.402513e-001 0 -1
-2.745017e-002 1.187566e-001 
1
2
1 3 4 1 0 -1
1 3 2 1 0 2
haar_x2
1.535298e-001 0 -1
-2.237665e-002 1.586711e-001 
1
2
0 0 5 4 0 -1
0 2 5 2 0 2
haar_y2
-1.133610e+000 0 -1
8.928518e-002 -4.521248e-002 
1
2
4 2 1 2 0 -1
4 2 1 1 0 2
tilted_haar_x2
5.142566e-002 0 -1
-4.799180e-002 3.657790e-002 
1
2
0 3 2 1 0 -1
1 3 1 1 0 2
haar_x2
-4.956965e-002 0 -1
5.011794e-002 -7.600070e-002 
1
2
4 0 1 2 0 -1
4 0 1 1 0 2
tilted_haar_x2
-4.735286e-001 0 -1
1.997584e-001 -1.740602e-002 
1
2
1 0 2 1 0 -1
2 0 1 1 0 2
haar_x2
2.304010e-002 0 -1
-1.124815e-001 3.219628e-002 
1
2
4 0 1 3 0 -1
3 1 1 1 0 3
tilted_haar_x3
6.724266e-001 0 -1
2.030829e-002 -1.041983e-001 
1
2
1 0 3 1 0 -1
2 1 1 1 0 3
tilted_haar_x3
4.523953e-001 0 -1
-2.092977e-002 1.681524e-001 
1
2
3 0 1 4 0 -1
3 1 1 2 0 2
haar_y4
1.590147e-001 0 -1
-4.667901e-002 3.750213e-002 
1
2
1 0 1 4 0 -1
1 1 1 2 0 2
haar_y4
3.029888e-001 0 -1
1.976271e-002 -1.911896e-001 
1
2
1 1 3 2 0 -1
1 2 3 1 0 2
haar_y2
-6.697866e-001 0 -1
3.192420e-001 -1.005542e-002 
1
2
1 2 3 1 0 -1
2 2 1 1 0 3
haar_x3
5.208374e-001 0 -1
-8.753379e-003 3.870032e-001 
1
2
3 2 2 3 0 -1
3 3 2 1 0 3
haar_y3
-6.088126e-001 0 -1
-2.024387e-001 2.012702e-002 
1
2
0 2 5 3 0 -1
0 3 5 1 0 3
haar_y3
-9.597433e-001 0 -1
9.904893e-002 -6.307390e-002 
1
2
1 3 3 2 0 -1
1 4 3 1 0 2
haar_y2
-1.526630e-001 0 -1
1.325693e-001 -2.703748e-002 
1
2
1 1 3 4 0 -1
1 3 3 2 0 2
haar_y2
-2.158703e+000 0 -1
-7.223479e-001 4.738264e-003 
1
2
1 1 3 3 0 -1
2 2 1 1 0 9
haar_point
-1.257621e+000 0 -1
-8.387812e-001 2.538152e-003 
1
3
0 0 2 2 0 -1
0 0 1 1 0 2
1 1 1 1 0 2
haar_x2_y2
-4.361042e-002 0 -1
7.368183e-002 -3.697960e-002 
1
2
2 2 1 2 0 -1
2 3 1 1 0 2
haar_y2
-3.014169e-001 0 -1
-2.531551e-001 1.201868e-002 
1
3
0 1 2 4 0 -1
0 1 1 2 0 2
1 3 1 2 0 2
haar_x2_y2
-6.569388e-001 0 -1
3.553380e-001 -8.557190e-003 
1
2
3 4 2 1 0 -1
3 4 1 1 0 2
haar_x2
-1.048695e-001 0 -1
-1.240632e-001 2.053267e-002 
1
2
0 3 1 2 0 -1
0 4 1 1 0 2
haar_y2
1.746056e-001 0 -1
1.471585e-002 -2.136383e-001 
1
2
1 1 4 2 0 -1
1 1 2 2 0 2
haar_x2
8.730797e-002 0 -1
-4.208043e-002 3.604060e-002 
1
3
1 1 2 4 0 -1
1 1 1 2 0 2
2 3 1 2 0 2
haar_x2_y2
-1.436367e-001 0 -1
5.487430e-002 -5.090932e-002 
1
3
2 1 2 4 0 -1
3 1 1 2 0 2
2 3 1 2 0 2
haar_x2_y2
-3.330570e-001 0 -1
-1.475198e-001 1.663480e-002 
1
2
0 1 4 2 0 -1
2 1 2 2 0 2
haar_x2
8.853103e-001 0 -1
3.088103e-003 -8.650033e-001 
1
2
3 0 1 2 0 -1
3 0 1 1 0 2
tilted_haar_x2
3.966427e-001 0 -1
1.654187e-002 -1.612291e-001 
1
2
1 0 2 2 0 -1
2 0 1 2 0 2
haar_x2
4.431710e-001 0 -1
-2.021860e-002 3.156891e-001 
1
2
1 0 3 4 0 -1
2 0 1 4 0 3
haar_x3
1.597455e+000 0 -1
2.195528e-003 -8.630428e-001 
1
2
0 3 4 1 0 -1
2 3 2 1 0 2
haar_x2
-2.831712e-001 0 -1
-1.414966e-001 2.058500e-002 
1
2
1 2 3 3 0 -1
2 2 1 3 0 3
haar_x3
-7.410467e-001 0 -1
5.128629e-001 -7.251186e-003 
1
2
0 1 1 4 0 -1
0 3 1 2 0 2
haar_y2
-2.650091e-001 0 -1
-1.019683e-001 3.140581e-002 
1
2
3 1 2 2 0 -1
3 1 1 2 0 2
tilted_haar_y2
2.729161e-001 0 -1
-6.254014e-002 2.779790e-002 
1
2
1 3 2 2 0 -1
2 3 1 2 0 2
haar_x2
-2.383823e-001 0 -1
-2.584419e-001 1.205709e-002 
1
2
1 1 4 1 0 -1
2 1 2 1 0 2
haar_x4
2.622279e-001 0 -1
2.675167e-002 -3.648588e-001 
1
2
0 1 3 3 0 -1
1 1 1 3 0 3
haar_x3
-2.597997e-001 0 -1
7.442734e-002 -5.988373e-002 
1
2
3 1 2 2 0 -1
3 1 1 2 0 2
tilted_haar_y2
-3.125621e-001 0 -1
-2.654734e-001 2.386099e-003 
1
2
2 1 2 2 0 -1
2 1 2 1 0 2
tilted_haar_y2
7.869444e-001 0 -1
-1.128205e-002 3.231031e-001 
1
3
3 2 2 2 0 -1
4 2 1 1 0 2
3 3 1 1 0 2
haar_x2_y2
-8.627950e-002 0 -1
8.015620e-002 -6.715728e-002 
1
2
0 1 4 4 0 -1
0 3 4 2 0 2
haar_y2
-4.390609e-001 0 -1
-3.074685e-002 1.354620e-001 
1
2
4 2 1 2 0 -1
4 3 1 1 0 2
haar_y2
-7.905389e-002 0 -1
-6.700126e-002 4.184030e-002 
1
2
0 2 1 2 0 -1
0 3 1 1 0 2
haar_y2
1.721336e-002 0 -1
3.367662e-002 -1.505275e-001 
1
2
1 1 3 4 0 -1
2 1 1 4 0 3
haar_x3
1.219378e-002 0 -1
9.897590e-002 -3.514998e-002 
1
2
1 1 2 3 0 -1
1 2 2 1 0 3
haar_y3
4.901347e-001 0 -1
2.319512e-002 -1.254664e-001 
1
2
3 1 1 3 0 -1
3 2 1 1 0 3
haar_y3
3.253678e-001 0 -1
1.343405e-002 -1.995013e-001 
1
2
1 1 1 3 0 -1
1 2 1 1 0 3
haar_y3
1.824336e-001 0 -1
-4.047079e-002 9.385128e-002 
1
2
1 0 3 4 0 -1
2 0 1 4 0 3
haar_x3
3.162680e-001 0 -1
-7.422046e-002 4.628106e-002 
1
2
0 0 3 4 0 -1
0 2 3 2 0 2
haar_y2
-8.308290e-001 0 -1
9.324840e-002 -2.899973e-002 
1
2
3 0 2 4 0 -1
3 2 2 2 0 2
haar_y2
-5.401419e-001 0 -1
-8.406289e-002 1.871046e-002 
1
3
1 0 2 2 0 -1
1 0 1 1 0 2
2 1 1 1 0 2
haar_x2_y2
4.987603e-002 0 -1
2.247986e-002 -1.281965e-001 
1
3
2 2 2 2 0 -1
3 2 1 1 0 2
2 3 1 1 0 2
haar_x2_y2
2.236043e-003 0 -1
-2.988609e-002 9.231884e-002 
1
3
1 2 2 2 0 -1
1 2 1 1 0 2
2 3 1 1 0 2
haar_x2_y2
-1.026045e-001 0 -1
8.782801e-002 -4.277198e-002 
1
2
4 2 1 3 0 -1
4 3 1 1 0 3
haar_y3
3.728124e-001 0 -1
4.036367e-003 -4.455661e-001 
1
2
1 0 3 4 0 -1
1 1 3 2 0 2
haar_y4
-8.107139e-001 0 -1
7.043487e-001 -3.934277e-003 
1
2
4 2 1 3 0 -1
4 3 1 1 0 3
haar_y3
-5.300065e-001 0 -1
4.170371e-001 -2.693082e-003 
1
2
0 2 1 3 0 -1
0 3 1 1 0 3
haar_y3
6.704410e-001 0 -1
3.147768e-003 -9.245167e-001 
1
2
2 3 1 2 0 -1
2 4 1 1 0 2
haar_y2
3.748821e-001 0 -1
1.455048e-003 -9.379363e-001 
1
2
1 3 3 2 0 -1
2 3 1 2 0 3
haar_x3
3.751636e-001 0 -1
8.193880e-003 -2.741933e-001 
1
3
2 1 2 4 0 -1
3 1 1 2 0 2
2 3 1 2 0 2
haar_x2_y2
-5.790375e-001 0 -1
-5.027438e-001 3.392357e-003 
1
2
0 3 2 2 0 -1
0 4 2 1 0 2
haar_y2
-1.519735e-001 0 -1
1.182960e-001 -2.282663e-002 
1
2
0 1 5 4 0 -1
0 2 5 2 0 2
haar_y4
1.171587e-001 0 -1
2.907888e-002 -1.206882e-001 
1
2
1 0 4 1 0 -1
2 1 2 1 0 2
tilted_haar_x4
3.190691e-001 0 -1
-3.461949e-002 9.079455e-002 
1
2
2 2 3 3 0 -1
3 2 1 3 0 3
haar_x3
-9.447070e-002 0 -1
2.809994e-002 -3.347146e-002 
1
2
0 2 2 3 0 -1
0 3 2 1 0 3
haar_y3
-5.165352e-001 0 -1
1.165286e-001 -2.480841e-002 
1
2
1 0 4 5 0 -1
1 0 2 5 0 2
haar_x2
-3.464632e-001 0 -1
7.848332e-002 -2.727650e-002 
1
2
0 2 3 3 0 -1
1 2 1 3 0 3
haar_x3
4.668961e-001 0 -1
4.855949e-003 -5.410079e-001 
1
2
0 0 5 4 0 -1
0 1 5 2 0 2
haar_y4
2.855323e-001 0 -1
1.180784e-001 -2.222109e-002 
1
2
1 2 2 2 0 -1
1 3 2 1 0 2
haar_y2
-2.527402e-001 0 -1
3.295470e-002 -8.976397e-002 
1
2
1 0 3 2 0 -1
1 1 3 1 0 2
haar_y2
3.493207e-003 0 -1
-8.680760e-002 3.406823e-002 
1
2
0 0 5 2 0 -1
0 1 5 1 0 2
haar_y2
2.179702e-002 0 -1
8.015130e-002 -3.782118e-002 
1
2
1 0 3 3 0 -1
2 1 1 1 0 9
haar_point
1.677327e+000 0 -1
-9.072770e-003 2.987833e-001 
1
2
1 0 2 2 0 -1
1 1 2 1 0 2
haar_y2
3.251531e-001 0 -1
6.154459e-003 -4.702631e-001 
1
2
1 0 3 4 0 -1
1 2 3 2 0 2
haar_y2
-1.969733e-001 0 -1
-2.501974e-002 1.039505e-001 
1
2
1 0 3 2 0 -1
2 0 1 2 0 3
haar_x3
4.352948e-001 0 -1
3.677453e-002 -8.616852e-002 
1
3
3 1 2 2 0 -1
4 1 1 1 0 2
3 2 1 1 0 2
haar_x2_y2
-2.338395e-001 0 -1
-4.790396e-001 4.420212e-003 
1
3
0 1 2 2 0 -1
0 1 1 1 0 2
1 2 1 1 0 2
haar_x2_y2
-6.362353e-002 0 -1
1.060054e-001 -2.697753e-002 
1
2
4 1 1 2 0 -1
4 2 1 1 0 2
haar_y2
6.741840e-002 0 -1
1.214494e-002 -1.554620e-001 
1
3
0 1 2 2 0 -1
0 1 1 1 0 2
1 2 1 1 0 2
haar_x2_y2
1.006743e-001 0 -1
-2.594787e-002 1.375775e-001 
1
2
4 0 1 4 0 -1
4 2 1 2 0 2
haar_y2
2.709287e-001 0 -1
-1.207800e-002 2.688131e-001 
1
3
0 1 4 2 0 -1
0 1 2 1 0 2
2 2 2 1 0 2
haar_x2_y2
2.056299e-001 0 -1
1.589068e-002 -1.725687e-001 
1
2
4 1 1 2 0 -1
4 2 1 1 0 2
haar_y2
1.275554e-001 0 -1
6.109176e-003 -3.083970e-001 
1
2
0 1 1 2 0 -1
0 2 1 1 0 2
haar_y2
1.007010e-002 0 -1
2.827643e-002 -9.423263e-002 
1
2
4 2 1 2 0 -1
4 2 1 1 0 2
tilted_haar_x2
4.954286e-001 0 -1
-6.682587e-003 2.726367e-001 
1
2
0 1 5 2 0 -1
0 2 5 1 0 2
haar_y2
3.566951e-001 0 -1
-1.054446e-002 2.685935e-001 
1
2
3 1 1 2 0 -1
3 2 1 1 0 2
haar_y2
-2.315850e-001 0 -1
-3.305638e-001 7.028974e-003 
1
2
1 1 1 2 0 -1
1 2 1 1 0 2
haar_y2
9.920558e-002 0 -1
1.296908e-002 -2.736820e-001 
1
2
2 1 3 3 0 -1
3 2 1 1 0 9
haar_point
1.668031e+000 0 -1
-1.092157e-002 5.026277e-001 
1
2
1 0 2 2 0 -1
2 0 1 2 0 2
haar_x2
1.650554e-001 0 -1
-4.804053e-002 5.863375e-002 
1
2
1 1 4 3 0 -1
1 1 2 3 0 2
haar_x2
-2.947473e-001 0 -1
-1.089112e-001 2.999998e-002 
1
2
0 1 3 3 0 -1
1 2 1 1 0 9
haar_point
2.471393e+000 0 -1
-3.561451e-003 8.779740e-001 
1
2
4 1 1 4 0 -1
4 2 1 2 0 2
haar_y4
-3.127790e-001 0 -1
-1.243240e-001 8.588127e-003 
1
2
0 1 1 4 0 -1
0 2 1 2 0 2
haar_y4
2.419609e-001 0 -1
9.654572e-003 -3.486022e-001 
1
2
4 2 1 2 0 -1
4 2 1 1 0 2
tilted_haar_x2
-4.897307e-001 0 -1
5.964726e-001 -3.130871e-003 
1
2
1 2 2 1 0 -1
1 2 1 1 0 2
tilted_haar_x2
5.124376e-002 0 -1
-8.792951e-002 3.463739e-002 
1
2
2 1 2 4 0 -1
2 2 2 2 0 2
haar_y4
-6.885239e-001 0 -1
1.849153e-001 -9.402731e-003 
1
2
0 0 4 5 0 -1
2 0 2 5 0 2
haar_x2
1.460395e+000 0 -1
-1.254215e-002 2.719263e-001 
1
2
1 3 3 1 0 -1
2 3 1 1 0 3
haar_x3
-1.118942e-001 0 -1
1.138163e-001 -2.436602e-002 
1
2
1 3 3 2 0 -1
2 3 1 2 0 3
haar_x3
-1.910666e-001 0 -1
-1.564868e-001 2.189415e-002 
1
2
2 4 3 1 0 -1
3 4 1 1 0 3
haar_x3
1.240921e-001 0 -1
2.003499e-002 -3.000476e-001 
1
2
0 2 5 3 0 -1
0 3 5 1 0 3
haar_y3
8.478461e-001 0 -1
-1.041569e-002 3.241985e-001 
1
2
1 2 3 3 0 -1
2 3 1 1 0 9
haar_point
-5.691416e-001 0 -1
4.689470e-002 -5.959059e-002 
1
2
0 0 3 3 0 -1
1 1 1 1 0 9
haar_point
1.293894e+000 0 -1
-4.873787e-003 5.748884e-001 
1
3
2 1 2 4 0 -1
3 1 1 2 0 2
2 3 1 2 0 2
haar_x2_y2
-4.589470e-002 0 -1
3.349313e-002 -8.038991e-002 
1
2
0 0 4 1 0 -1
1 0 2 1 0 2
haar_x4
6.146928e-001 0 -1
-3.998092e-003 6.440501e-001 
1
2
3 0 2 2 0 -1
3 0 1 2 0 2
tilted_haar_y2
-4.037018e-001 0 -1
-3.895241e-001 4.269048e-003 
1
2
2 0 2 2 0 -1
2 0 2 1 0 2
tilted_haar_y2
7.318740e-001 0 -1
3.458199e-003 -6.205955e-001 
1
2
2 2 3 3 0 -1
2 3 3 1 0 3
haar_y3
-1.787149e+000 0 -1
8.314447e-001 -1.809240e-003 
1
2
0 1 4 1 0 -1
1 1 2 1 0 2
haar_x4
-7.970858e-002 0 -1
1.145297e-001 -1.902273e-002 
1
2
3 0 2 1 0 -1
3 0 1 1 0 2
haar_x2
1.853777e-001 0 -1
7.944406e-003 -1.875615e-001 
1
2
0 0 2 1 0 -1
1 0 1 1 0 2
haar_x2
-4.750603e-002 0 -1
-9.587261e-002 3.527952e-002 
1
2
2 0 2 4 0 -1
2 2 2 2 0 2
haar_y2
-2.402352e-001 0 -1
-2.695878e-002 7.890185e-002 
1
2
1 1 3 3 0 -1
1 2 3 1 0 3
haar_y3
9.296207e-001 0 -1
7.783396e-003 -3.638738e-001 
1
2
0 1 5 3 0 -1
0 2 5 1 0 3
haar_y3
8.366355e-001 0 -1
-2.406180e-002 9.986921e-002 
1
2
0 0 3 4 0 -1
0 1 3 2 0 2
haar_y4
6.340671e-001 0 -1
2.841065e-002 -9.845182e-002 
1
2
2 1 1 2 0 -1
2 2 1 1 0 2
haar_y2
-3.131253e-001 0 -1
4.587182e-001 -5.329006e-003 
1
2
1 1 3 1 0 -1
2 1 1 1 0 3
haar_x3
5.294858e-001 0 -1
4.333281e-003 -6.245586e-001 
1
2
3 0 1 2 0 -1
3 0 1 1 0 2
tilted_haar_x2
-1.088378e-001 0 -1
-2.584559e-001 1.202075e-002 
1
2
0 1 3 3 0 -1
1 2 1 1 0 9
haar_point
1.100731e+000 0 -1
-1.392217e-002 2.555840e-001 
1
2
1 0 3 5 0 -1
2 0 1 5 0 3
haar_x3
-3.961225e-001 0 -1
2.321718e-001 -9.747255e-003 
1
2
1 1 3 1 0 -1
2 1 1 1 0 3
haar_x3
-7.806145e-003 0 -1
-1.423317e-001 1.793117e-002 
1
2
3 0 1 3 0 -1
3 1 1 1 0 3
haar_y3
-2.143379e-002 0 -1
-1.503794e-001 3.757410e-002 
1
2
1 0 3 3 0 -1
2 1 1 1 0 9
haar_point
-7.367834e-002 0 -1
2.001475e-001 -1.662742e-002 
1
2
1 1 3 3 0 -1
2 2 1 1 0 9
haar_point
1.129654e+000 0 -1
-3.149797e-002 9.864998e-002 
1
2
1 0 1 3 0 -1
1 1 1 1 0 3
haar_y3
-5.049733e-002 0 -1
-1.645897e-001 2.022452e-002 
1
2
2 1 2 4 0 -1
2 3 2 2 0 2
haar_y2
-1.713898e+000 0 -1
-1.000000e+000 2.110784e-003 
1
3
0 1 4 4 0 -1
0 1 2 2 0 2
2 3 2 2 0 2
haar_x2_y2
-1.001957e+000 0 -1
3.054734e-001 -8.742074e-003 
1
2
4 2 1 2 0 -1
4 3 1 1 0 2
haar_y2
-3.395874e-001 0 -1
-1.000000e+000 1.806772e-003 
1
2
0 2 1 2 0 -1
0 3 1 1 0 2
haar_y2
1.474733e-001 0 -1
8.816624e-003 -3.782196e-001 
1
3
3 1 2 4 0 -1
4 1 1 2 0 2
3 3 1 2 0 2
haar_x2_y2
1.967456e-001 0 -1
-2.025101e-002 2.146546e-001 
1
2
1 0 3 4 0 -1
1 1 3 2 0 2
haar_y4
5.505825e-001 0 -1
-5.981131e-002 4.405335e-002 
1
2
1 0 3 4 0 -1
1 2 3 2 0 2
haar_y2
-1.078122e+000 0 -1
1.654970e-001 -1.643808e-002 
1
2
2 1 3 1 0 -1
3 2 1 1 0 3
tilted_haar_x3
-3.819028e-001 0 -1
-1.927547e-001 1.291385e-002 
1
2
2 1 2 4 0 -1
2 1 1 4 0 2
haar_x2
7.855693e-001 0 -1
3.812073e-003 -2.911038e-001 
1
2
1 1 2 4 0 -1
2 1 1 4 0 2
haar_x2
-9.308243e-002 0 -1
1.094085e-001 -2.417112e-002 
1
2
2 2 3 2 0 -1
3 2 1 2 0 3
haar_x3
-1.829624e-001 0 -1
4.450253e-002 -2.912255e-002 
1
2
0 2 3 2 0 -1
1 2 1 2 0 3
haar_x3
-1.931826e-002 0 -1
3.242264e-002 -7.626843e-002 
1
2
3 1 1 4 0 -1
3 2 1 2 0 2
haar_y4
8.199251e-001 0 -1
-1.223599e-003 9.159191e-001 
1
2
0 4 4 1 0 -1
2 4 2 1 0 2
haar_x2
3.716239e-001 0 -1
-8.845595e-003 2.696242e-001 
1
2
2 4 2 1 0 -1
2 4 1 1 0 2
haar_x2
2.730172e-001 0 -1
3.247503e-003 -6.767887e-001 
1
2
0 4 3 1 0 -1
1 4 1 1 0 3
haar_x3
-1.661097e-001 0 -1
-1.430108e-001 1.688939e-002 
1
3
3 1 2 4 0 -1
4 1 1 2 0 2
3 3 1 2 0 2
haar_x2_y2
-7.489960e-001 0 -1
3.202537e-001 -4.326485e-003 
1
3
0 1 2 4 0 -1
0 1 1 2 0 2
1 3 1 2 0 2
haar_x2_y2
-8.927991e-001 0 -1
5.450395e-001 -5.929957e-003 
1
3
2 1 2 4 0 -1
3 1 1 2 0 2
2 3 1 2 0 2
haar_x2_y2
-1.915137e-001 0 -1
-4.327170e-002 2.177712e-002 
1
2
2 0 1 2 0 -1
2 1 1 1 0 2
haar_y2
-5.207364e-002 0 -1
-1.752716e-001 1.304266e-002 
1
2
1 0 3 3 0 -1
1 1 3 1 0 3
haar_y3
-4.610434e-001 0 -1
4.962092e-001 -5.071603e-003 
1
2
0 1 4 4 0 -1
0 3 4 2 0 2
haar_y2
9.842573e-001 0 -1
3.893410e-003 -6.498110e-001 
1
2
4 0 1 4 0 -1
4 1 1 2 0 2
haar_y4
1.227164e-001 0 -1
-2.839930e-002 3.881573e-002 
1
2
1 0 3 4 0 -1
1 1 3 2 0 2
haar_y4
8.340017e-001 0 -1
1.392250e-002 -1.924867e-001 
1
2
3 1 1 4 0 -1
3 2 1 2 0 2
haar_y4
4.659871e-002 0 -1
-1.839705e-002 7.158861e-002 
1
3
0 3 4 2 0 -1
0 3 2 1 0 2
2 4 2 1 0 2
haar_x2_y2
-3.258924e-002 0 -1
-8.046797e-002 3.446457e-002 
1
3
3 2 2 2 0 -1
4 2 1 1 0 2
3 3 1 1 0 2
haar_x2_y2
-5.235361e-002 0 -1
3.125539e-002 -4.908892e-002 
1
2
0 0 1 4 0 -1
0 1 1 2 0 2
haar_y4
-1.761816e-001 0 -1
2.495410e-001 -1.009063e-002 
1
3
1 0 4 4 0 -1
3 0 2 2 0 2
1 2 2 2 0 2
haar_x2_y2
-6.435156e-001 0 -1
-1.800302e-001 9.611196e-003 
1
2
1 0 3 1 0 -1
2 0 1 1 0 3
haar_x3
3.225672e-002 0 -1
-1.416993e-001 2.033439e-002 
1
2
3 1 1 3 0 -1
2 2 1 1 0 3
tilted_haar_x3
3.801021e-001 0 -1
-6.308973e-003 4.670515e-001 
1
3
1 3 2 2 0 -1
1 3 1 1 0 2
2 4 1 1 0 2
haar_x2_y2
1.878985e-001 0 -1
8.169104e-003 -3.449353e-001 
1
2
3 1 1 3 0 -1
2 2 1 1 0 3
tilted_haar_x3
8.638611e-001 0 -1
-1.702234e-003 7.864640e-001 
1
2
2 1 3 1 0 -1
3 2 1 1 0 3
tilted_haar_x3
-2.267117e-002 0 -1
5.768379e-002 -4.741599e-002 
1
2
1 1 3 4 0 -1
2 1 1 4 0 3
haar_x3
1.190579e+000 0 -1
-6.425444e-003 3.883824e-001 
1
2
0 2 3 3 0 -1
1 3 1 1 0 9
haar_point
1.436462e+000 0 -1
2.877418e-003 -8.493375e-001 
1
3
3 3 2 2 0 -1
4 3 1 1 0 2
3 4 1 1 0 2
haar_x2_y2
-7.905844e-002 0 -1
1.410409e-001 -2.127829e-002 
1
2
1 0 3 4 0 -1
2 0 1 4 0 3
haar_x3
1.432027e+000 0 -1
5.247279e-003 -4.542580e-001 
1
2
2 2 3 2 0 -1
2 3 3 1 0 2
haar_y2
-8.219734e-001 0 -1
5.843022e-001 -2.278124e-003 
1
2
0 2 3 2 0 -1
0 3 3 1 0 2
haar_y2
-8.391613e-001 0 -1
-1.000000e+000 2.304950e-003 
1
2
1 0 3 1 0 -1
2 0 1 1 0 3
haar_x3
4.595571e-001 0 -1
-1.076087e-002 2.045564e-001 
1
3
1 1 2 2 0 -1
1 1 1 1 0 2
2 2 1 1 0 2
haar_x2_y2
-1.452647e-001 0 -1
-2.442050e-001 1.091245e-002 
1
3
3 3 2 2 0 -1
4 3 1 1 0 2
3 4 1 1 0 2
haar_x2_y2
5.748650e-002 0 -1
-6.053882e-002 6.721979e-002 
1
3
0 3 2 2 0 -1
0 3 1 1 0 2
1 4 1 1 0 2
haar_x2_y2
-2.386067e-002 0 -1
1.026373e-001 -2.875778e-002 
1
2
1 3 4 1 0 -1
1 3 2 1 0 2
haar_x2
2.636123e-001 0 -1
-1.172496e-002 1.641567e-001 
1
2
0 3 4 1 0 -1
2 3 2 1 0 2
haar_x2
-1.188678e-001 0 -1
-7.846437e-002 5.174504e-002 
1
3
3 2 2 2 0 -1
4 2 1 1 0 2
3 3 1 1 0 2
haar_x2_y2
-8.334163e-001 0 -1
7.913042e-001 -2.109276e-003 
1
3
0 2 2 2 0 -1
0 2 1 1 0 2
1 3 1 1 0 2
haar_x2_y2
-8.738519e-002 0 -1
6.232032e-002 -4.976617e-002 
1
2
3 0 2 3 0 -1
3 0 1 3 0 2
haar_x2
5.576000e-002 0 -1
-3.055043e-002 4.570875e-002 
1
2
0 0 2 3 0 -1
1 0 1 3 0 2
haar_x2
3.354219e-001 0 -1
1.427541e-002 -2.140691e-001 
1
2
1 2 4 1 0 -1
1 2 2 1 0 2
haar_x2
-1.771925e-001 0 -1
-1.176334e-001 1.204178e-002 
1
2
0 2 2 1 0 -1
1 2 1 1 0 2
haar_x2
-1.028190e-001 0 -1
1.126581e-001 -2.306433e-002 
1
2
2 0 3 4 0 -1
3 0 1 4 0 3
haar_x3
1.217419e+000 0 -1
1.031644e-003 -9.984156e-001 
1
2
0 0 3 4 0 -1
1 0 1 4 0 3
haar_x3
1.463228e-001 0 -1
-2.014992e-002 1.246320e-001 
1
2
2 1 2 1 0 -1
2 1 1 1 0 2
haar_x2
4.214837e-002 0 -1
-5.066160e-002 3.169522e-002 
1
2
0 0 4 1 0 -1
2 0 2 1 0 2
haar_x2
1.825924e-001 0 -1
-3.321095e-002 7.739563e-002 
1
2
3 0 2 3 0 -1
2 1 2 1 0 3
tilted_haar_x3
-2.846691e-001 0 -1
6.092244e-002 -2.596857e-002 
1
2
0 2 5 2 0 -1
0 3 5 1 0 2
haar_y2
-8.374081e-001 0 -1
1.206695e-001 -2.873219e-002 
1
2
4 1 1 3 0 -1
4 2 1 1 0 3
haar_y3
-4.042310e-001 0 -1
-3.240365e-001 4.665824e-003 
1
2
0 1 1 3 0 -1
0 2 1 1 0 3
haar_y3
7.494522e-002 0 -1
3.971241e-002 -8.519989e-002 
1
2
3 0 2 3 0 -1
3 1 2 1 0 3
haar_y3
-2.897504e-002 0 -1
-1.333799e-001 2.792811e-002 
1
2
0 0 2 3 0 -1
0 1 2 1 0 3
haar_y3
3.174065e-001 0 -1
2.897094e-002 -1.236418e-001 
1
3
2 1 2 4 0 -1
3 1 1 2 0 2
2 3 1 2 0 2
haar_x2_y2
-7.946566e-001 0 -1
6.495630e-001 -2.266902e-003 
1
3
1 1 2 4 0 -1
1 1 1 2 0 2
2 3 1 2 0 2
haar_x2_y2
-3.196414e-001 0 -1
-1.566945e-001 1.949203e-002 
1
2
4 0 1 2 0 -1
4 1 1 1 0 2
haar_y2
-2.530515e-001 0 -1
4.419855e-001 -6.609078e-003 
1
2
0 0 5 4 0 -1
0 2 5 2 0 2
haar_y2
2.205150e-001 0 -1
-1.474363e-002 1.770473e-001 
1
2
1 0 4 4 0 -1
1 2 4 2 0 2
haar_y2
-1.784427e+000 0 -1
-4.612314e-001 3.615009e-003 
1
2
0 0 4 4 0 -1
0 2 4 2 0 2
haar_y2
6.766210e-001 0 -1
4.992609e-003 -5.327484e-001 
1
2
2 2 3 1 0 -1
3 2 1 1 0 3
haar_x3
4.702334e-001 0 -1
1.574794e-003 -6.021959e-001 
1
2
0 1 2 1 0 -1
1 1 1 1 0 2
haar_x2
-4.666884e-002 0 -1
7.010753e-002 -3.430703e-002 
1
2
2 0 3 1 0 -1
3 0 1 1 0 3
haar_x3
-3.713039e-001 0 -1
-1.398968e-001 9.251837e-003 
1
2
0 4 3 1 0 -1
1 4 1 1 0 3
haar_x3
-4.793297e-002 0 -1
-6.812519e-002 3.738839e-002 
1
3
1 0 4 4 0 -1
3 0 2 2 0 2
1 2 2 2 0 2
haar_x2_y2
5.099176e-001 0 -1
-5.929331e-003 2.595262e-001 
1
2
2 0 1 3 0 -1
2 1 1 1 0 3
haar_y3
-4.733514e-002 0 -1
-1.157939e-001 1.915517e-002 
1
2
0 0 5 3 0 -1
0 1 5 1 0 3
haar_y3
5.031136e-002 0 -1
1.002088e-001 -2.949458e-002 
1
2
0 0 4 2 0 -1
1 0 2 2 0 2
haar_x4
1.234267e-001 0 -1
-5.329715e-002 4.220264e-002 
1
2
2 3 3 2 0 -1
3 3 1 2 0 3
haar_x3
-1.865687e+000 0 -1
4.707170e-001 -3.755393e-003 
1
2
0 0 5 3 0 -1
0 1 5 1 0 3
haar_y3
-7.970548e-001 0 -1
-7.592834e-001 3.199047e-003 
1
2
2 3 3 2 0 -1
3 3 1 2 0 3
haar_x3
-4.796475e-001 0 -1
-1.684364e-001 9.027520e-003 
1
2
0 3 3 2 0 -1
1 3 1 2 0 3
haar_x3
-2.939323e-001 0 -1
1.232524e-001 -2.079806e-002 
1
2
3 1 1 2 0 -1
3 2 1 1 0 2
haar_y2
1.127335e-001 0 -1
8.625028e-003 -1.778654e-001 
1
2
1 4 2 1 0 -1
2 4 1 1 0 2
haar_x2
1.554931e-001 0 -1
9.292516e-003 -2.701694e-001 
1
2
0 0 5 4 0 -1
0 2 5 2 0 2
haar_y2
8.144960e-001 0 -1
-6.459893e-003 4.040170e-001 
1
2
0 1 1 2 0 -1
0 2 1 1 0 2
haar_y2
1.179499e-001 0 -1
8.381166e-003 -2.871872e-001 
1
2
4 0 1 4 0 -1
4 2 1 2 0 2
haar_y2
-7.822458e-002 0 -1
4.275788e-002 -7.290050e-002 
1
2
0 0 1 4 0 -1
0 2 1 2 0 2
haar_y2
2.866083e-001 0 -1
-1.294695e-002 3.068145e-001 
1
3
2 1 2 2 0 -1
3 1 1 1 0 2
2 2 1 1 0 2
haar_x2_y2
5.574526e-002 0 -1
2.131950e-002 -1.251731e-001 
1
3
1 1 2 2 0 -1
1 1 1 1 0 2
2 2 1 1 0 2
haar_x2_y2
-3.021990e-002 0 -1
-7.856574e-002 4.165940e-002 
1
2
1 4 4 1 0 -1
1 4 2 1 0 2
haar_x2
-2.141817e-001 0 -1
1.421431e-001 -2.708964e-002 
1
2
2 0 1 2 0 -1
2 0 1 1 0 2
tilted_haar_y2
1.213092e-001 0 -1
2.921203e-002 -1.050929e-001 
1
2
4 2 1 2 0 -1
4 2 1 1 0 2
tilted_haar_x2
-3.365214e-001 0 -1
1.580769e-001 -7.120290e-003 
1
2
0 3 2 2 0 -1
1 3 1 2 0 2
haar_x2
-2.347521e-001 0 -1
-1.477758e-001 2.056962e-002 
1
2
2 0 3 2 0 -1
3 0 1 2 0 3
haar_x3
-7.167713e-002 0 -1
3.028221e-002 -5.236419e-002 
1
2
1 4 2 1 0 -1
2 4 1 1 0 2
haar_x2
-2.832233e-001 0 -1
3.885983e-001 -5.997465e-003 
1
2
0 3 5 2 0 -1
0 4 5 1 0 2
haar_y2
1.022621e+000 0 -1
7.924493e-003 -3.041289e-001 
1
2
1 2 3 3 0 -1
2 3 1 1 0 9
haar_point
2.101105e-001 0 -1
1.493082e-002 -1.503725e-001 
1
2
2 0 1 3 0 -1
2 1 1 1 0 3
haar_y3
2.954360e-001 0 -1
-1.055593e-002 2.361072e-001 
1
3
0 1 2 4 0 -1
0 1 1 2 0 2
1 3 1 2 0 2
haar_x2_y2
-1.516207e-001 0 -1
6.775625e-002 -3.686000e-002 
1
2
2 0 3 2 0 -1
3 0 1 2 0 3
haar_x3
2.967727e-001 0 -1
-8.398491e-003 2.337228e-001 
1
2
0 0 3 2 0 -1
1 0 1 2 0 3
haar_x3
-4.972636e-001 0 -1
1.235617e-001 -1.922867e-002 
1
2
2 0 3 1 0 -1
3 0 1 1 0 3
haar_x3
-2.071911e-001 0 -1
-8.041786e-002 1.984943e-002 
1
2
0 0 3 1 0 -1
1 0 1 1 0 3
haar_x3
-3.004273e-001 0 -1
-1.930088e-001 1.909324e-002 
1
2
2 0 3 3 0 -1
3 1 1 1 0 9
haar_point
6.626971e-001 0 -1
1.449883e-002 -1.836492e-001 
1
2
0 0 3 2 0 -1
1 0 1 2 0 3
haar_x3
-5.072960e-001 0 -1
1.351154e-001 -1.917369e-002 
1
2
3 0 2 4 0 -1
3 0 1 4 0 2
haar_x2
3.290966e-001 0 -1
-1.084563e-002 1.044197e-001 
1
2
0 0 2 4 0 -1
1 0 1 4 0 2
haar_x2
-4.384075e-001 0 -1
-1.521010e-001 1.723830e-002 
1
2
1 1 4 4 0 -1
1 3 4 2 0 2
haar_y2
-1.442739e+000 0 -1
-1.043821e-001 2.816421e-002 
1
2
1 1 2 1 0 -1
2 1 1 1 0 2
haar_x2
1.719172e-001 0 -1
1.882834e-002 -1.291499e-001 
1
2
2 0 3 3 0 -1
3 1 1 1 0 9
haar_point
1.186788e+000 0 -1
-3.834276e-003 3.628532e-001 
1
2
0 0 3 3 0 -1
1 1 1 1 0 9
haar_point
-1.597733e-001 0 -1
7.223250e-002 -4.698724e-002 
1
2
0 3 5 2 0 -1
0 4 5 1 0 2
haar_y2
-3.586378e-001 0 -1
1.238708e-001 -1.895675e-002 
1
2
1 1 2 4 0 -1
1 2 2 2 0 2
haar_y4
-5.510972e-001 0 -1
1.410975e-001 -1.882085e-002 
1
2
4 1 1 4 0 -1
4 3 1 2 0 2
haar_y2
-3.793908e-002 0 -1
3.811536e-002 -1.256368e-001 
1
2
0 4 4 1 0 -1
2 4 2 1 0 2
haar_x2
2.417340e-001 0 -1
-1.554555e-002 1.630104e-001 
1
2
1 4 4 1 0 -1
1 4 2 1 0 2
haar_x2
3.869159e-001 0 -1
-8.644809e-003 1.826544e-001 
1
2
0 4 3 1 0 -1
1 4 1 1 0 3
haar_x3
2.280351e-001 0 -1
5.598684e-003 -3.979489e-001 
1
2
2 1 2 1 0 -1
2 1 1 1 0 2
haar_x2
3.364586e-001 0 -1
-2.382143e-003 6.420544e-001 
1
2
1 1 2 1 0 -1
2 1 1 1 0 2
haar_x2
-2.465064e-002 0 -1
1.328030e-001 -1.823562e-002 
1
3
2 2 2 2 0 -1
3 2 1 1 0 2
2 3 1 1 0 2
haar_x2_y2
-1.566337e-001 0 -1
1.211611e-001 -2.282944e-002 
1
3
0 1 4 4 0 -1
0 1 2 2 0 2
2 3 2 2 0 2
haar_x2_y2
2.907590e-001 0 -1
1.122638e-002 -2.324330e-001 
1
2
2 3 2 1 0 -1
2 3 1 1 0 2
haar_x2
-1.719824e-001 0 -1
-3.037530e-001 6.907647e-003 
1
3
1 1 2 4 0 -1
1 1 1 2 0 2
2 3 1 2 0 2
haar_x2_y2
4.351555e-001 0 -1
-4.155782e-003 6.013449e-001 
1
2
2 1 2 4 0 -1
2 1 1 4 0 2
haar_x2
3.048144e-001 0 -1
1.962754e-002 -6.574990e-002 
1
2
1 1 2 4 0 -1
2 1 1 4 0 2
haar_x2
7.829901e-001 0 -1
2.282378e-003 -9.203246e-001 
1
2
2 1 3 1 0 -1
3 1 1 1 0 3
haar_x3
-9.328030e-002 0 -1
6.460376e-002 -5.138941e-002 
1
2
0 1 3 1 0 -1
1 1 1 1 0 3
haar_x3
2.035757e-001 0 -1
6.248249e-003 -3.337491e-001 
1
2
2 0 3 2 0 -1
3 0 1 2 0 3
haar_x3
4.993444e-001 0 -1
2.152708e-003 -4.175979e-001 
1
2
0 0 3 2 0 -1
1 0 1 2 0 3
haar_x3
4.170976e-001 0 -1
-6.728502e-003 4.566020e-001 
1
2
2 0 2 3 0 -1
2 0 1 3 0 2
haar_x2
-1.146284e-001 0 -1
1.619640e-001 -9.566375e-003 
1
2
1 0 2 3 0 -1
2 0 1 3 0 2
haar_x2
-1.230008e-001 0 -1
-2.210695e-001 1.112718e-002 
1
2
3 0 1 2 0 -1
3 0 1 1 0 2
tilted_haar_x2
1.452661e-001 0 -1
4.880267e-002 -4.794965e-002 
1
2
0 0 3 3 0 -1
1 1 1 1 0 9
haar_point
-1.018039e+000 0 -1
2.067332e-001 -1.215082e-002 
1
2
2 0 3 2 0 -1
3 0 1 2 0 3
haar_x3
-3.643582e-001 0 -1
-6.562514e-002 1.759181e-002 
1
2
0 0 3 2 0 -1
1 0 1 2 0 3
haar_x3
-1.067419e+000 0 -1
-3.797903e-001 8.020864e-003 
1
2
2 1 2 3 0 -1
2 2 2 1 0 3
haar_y3
7.952824e-001 0 -1
-5.159013e-003 3.895086e-001 
1
2
1 1 2 3 0 -1
1 2 2 1 0 3
haar_y3
4.880976e-001 0 -1
2.639301e-002 -1.378124e-001 
1
2
2 0 2 1 0 -1
2 0 1 1 0 2
haar_x2
6.095788e-002 0 -1
-7.269373e-002 5.166415e-002 
1
2
0 1 4 3 0 -1
2 1 2 3 0 2
haar_x2
-4.349136e-002 0 -1
-5.701481e-002 3.996865e-002 
1
2
1 0 4 2 0 -1
1 0 2 2 0 2
haar_x2
-2.296121e+000 0 -1
5.861421e-001 -2.868483e-003 
1
2
2 0 2 1 0 -1
2 0 1 1 0 2
tilted_haar_x2
9.353577e-002 0 -1
-1.716071e-002 1.507347e-001 
1
2
3 0 1 4 0 -1
3 2 1 2 0 2
haar_y2
2.418448e-001 0 -1
6.773176e-003 -4.030029e-001 
1
2
1 0 1 4 0 -1
1 2 1 2 0 2
haar_y2
-3.567409e-001 0 -1
-1.948349e-001 1.678697e-002 
1
2
1 0 4 2 0 -1
1 0 2 2 0 2
haar_x2
1.382203e+000 0 -1
-2.070048e-003 5.608680e-001 
1
2
1 0 4 1 0 -1
1 0 2 1 0 2
tilted_haar_x2
1.227168e+000 0 -1
-7.873853e-003 2.938578e-001 
1
2
2 3 2 1 0 -1
2 3 1 1 0 2
haar_x2
-1.031948e-001 0 -1
1.019161e-001 -1.253442e-002 
1
2
1 3 2 1 0 -1
2 3 1 1 0 2
haar_x2
-1.518254e-001 0 -1
-3.392422e-001 1.029922e-002 
1
2
1 3 3 1 0 -1
2 3 1 1 0 3
haar_x3
-3.076036e-001 0 -1
4.285133e-001 -6.351866e-003 
1
2
0 2 4 2 0 -1
1 2 2 2 0 2
haar_x4
-2.899204e-001 0 -1
-1.704278e-001 1.905704e-002 
1
2
3 2 2 3 0 -1
3 2 1 3 0 2
haar_x2
-3.838608e-002 0 -1
4.934069e-002 -6.752837e-002 
1
3
0 0 4 2 0 -1
0 0 2 1 0 2
2 1 2 1 0 2
haar_x2_y2
-6.361276e-001 0 -1
-8.308274e-001 2.141859e-003 
1
2
2 0 2 4 0 -1
2 2 2 2 0 2
haar_y2
-8.748196e-001 0 -1
-2.879516e-001 8.178424e-003 
1
2
0 0 5 4 0 -1
0 2 5 2 0 2
haar_y2
-1.505923e+000 0 -1
1.571167e-001 -2.052833e-002 
1
2
3 0 2 4 0 -1
3 2 2 2 0 2
haar_y2
2.789102e-001 0 -1
-8.959873e-003 1.635445e-001 
1
2
0 0 2 4 0 -1
0 2 2 2 0 2
haar_y2
-6.186965e-001 0 -1
-1.820995e-001 1.886085e-002 
1
2
2 1 2 1 0 -1
2 1 1 1 0 2
haar_x2
1.572683e-001 0 -1
1.654397e-002 -8.835841e-002 
1
2
1 0 2 4 0 -1
1 2 2 2 0 2
haar_y2
-3.112735e-001 0 -1
-3.165425e-002 7.240708e-002 
1
2
3 0 2 4 0 -1
3 2 2 2 0 2
haar_y2
1.382959e-001 0 -1
9.989457e-003 -1.090164e-001 
1
2
0 0 2 4 0 -1
0 2 2 2 0 2
haar_y2
-4.095366e-001 0 -1
7.095584e-002 -3.940918e-002 
1
2
3 2 2 3 0 -1
3 2 1 3 0 2
haar_x2
-3.167352e+000 0 -1
-4.577065e-001 1.421986e-003 
1
2
0 2 2 3 0 -1
1 2 1 3 0 2
haar_x2
-3.618618e-001 0 -1
1.590435e-001 -1.652699e-002 
1
2
3 4 2 1 0 -1
3 4 1 1 0 2
haar_x2
2.938253e-001 0 -1
2.101923e-003 -8.852080e-001 
1
2
0 4 2 1 0 -1
1 4 1 1 0 2
haar_x2
-1.965065e-001 0 -1
-2.363406e-001 1.163859e-002 
1
2
4 0 1 4 0 -1
3 1 1 2 0 2
tilted_haar_x4
9.958546e-001 0 -1
-3.523755e-003 7.027086e-001 
1
2
0 4 4 1 0 -1
2 4 2 1 0 2
haar_x2
-7.011504e-002 0 -1
5.961584e-002 -3.602745e-002 
1
2
2 0 2 1 0 -1
2 0 1 1 0 2
haar_x2
4.264580e-001 0 -1
1.945016e-003 -5.737556e-001 
1
2
1 0 2 1 0 -1
2 0 1 1 0 2
haar_x2
6.474636e-002 0 -1
-6.339562e-002 4.722673e-002 
1
2
2 1 2 1 0 -1
2 1 1 1 0 2
haar_x2
-2.068448e-001 0 -1
-1.000000e+000 8.209344e-004 
1
2
1 1 2 1 0 -1
2 1 1 1 0 2
haar_x2
1.483198e-001 0 -1
2.444153e-002 -1.097518e-001 
1
2
1 1 3 3 0 -1
1 2 3 1 0 3
haar_y3
9.791063e-001 0 -1
5.353678e-003 -4.428948e-001 
1
2
1 0 3 3 0 -1
2 1 1 1 0 9
haar_point
2.191435e+000 0 -1
-4.095444e-003 5.758672e-001 
1
2
1 0 4 4 0 -1
1 2 4 2 0 2
haar_y2
-7.987592e-001 0 -1
-3.706433e-002 3.564000e-002 
1
2
0 0 4 4 0 -1
0 2 4 2 0 2
haar_y2
-1.670842e+000 0 -1
3.702280e-001 -6.508506e-003 
1
2
3 1 2 4 0 -1
3 3 2 2 0 2
haar_y2
-8.038232e-001 0 -1
-2.111577e-001 2.090495e-002 
1
2
0 0 1 4 0 -1
0 2 1 2 0 2
haar_y2
-1.607400e+000 0 -1
-9.244936e-001 1.948569e-003 
1
2
3 1 2 4 0 -1
3 3 2 2 0 2
haar_y2
-1.246264e+000 0 -1
-3.822052e-001 1.297639e-003 
1
2
2 2 2 1 0 -1
2 2 1 1 0 2
tilted_haar_x2
1.998461e-001 0 -1
-2.901435e-002 8.370639e-002 
-8.306109e-001

14
-1
