8
1
2
5 3 4 1 0 -1
5 3 2 1 0 2
tilted_haar_x2
6.049267e-002 0 -1
-6.724814e-001 6.757896e-001 
1
2
3 4 4 4 0 -1
3 6 4 2 0 2
haar_y2
-1.331494e-001 0 -1
6.171238e-001 -4.383282e-001 
1
2
3 0 2 1 0 -1
4 0 1 1 0 2
haar_x2
3.190015e-004 0 -1
-5.753237e-001 3.210201e-001 
1
2
4 0 4 8 0 -1
4 4 4 4 0 2
haar_y2
-3.421949e-002 0 -1
1.833575e-001 -5.135477e-001 
1
2
0 3 2 7 0 -1
1 3 1 7 0 2
haar_x2
-3.411899e-003 0 -1
3.158697e-001 -4.037520e-001 
1
2
2 6 7 2 0 -1
2 7 7 1 0 2
haar_y2
5.374483e-002 0 -1
-1.844434e-001 5.694892e-001 
1
2
0 0 6 3 0 -1
0 1 6 1 0 3
haar_y3
-2.225899e-002 0 -1
-7.359542e-001 1.675025e-001 
1
2
3 0 4 3 0 -1
3 1 4 1 0 3
haar_y3
2.858069e-002 0 -1
1.234249e-001 -9.038914e-001 
-1.648049e+000

0
-1
