75
1
2
7 2 1 6 0 -1
7 5 1 3 0 2
haar_y2
2.414887e-002 0 -1
-4.022285e-001 1.298666e-001 
1
2
0 4 2 1 0 -1
1 4 1 1 0 2
haar_x2
5.646811e-003 0 -1
-1.732842e-001 2.820508e-001 
1
2
3 0 1 3 0 -1
3 1 1 1 0 3
haar_y3
1.984480e-002 0 -1
-1.768115e-001 2.248788e-001 
1
2
4 1 4 4 0 -1
6 1 2 4 0 2
haar_x2
1.203811e-002 0 -1
-3.426285e-001 1.573026e-001 
1
2
1 0 3 2 0 -1
2 0 1 2 0 3
haar_x3
3.406621e-002 0 -1
2.216059e-003 -7.336284e-001 
1
2
0 0 3 3 0 -1
1 0 1 3 0 3
haar_x3
3.394441e-002 0 -1
7.147036e-002 -4.279403e-001 
1
2
6 4 2 1 0 -1
7 4 1 1 0 2
haar_x2
-1.171508e-002 0 -1
3.120092e-001 -7.626685e-002 
1
2
0 7 4 1 0 -1
2 7 2 1 0 2
haar_x2
3.798956e-002 0 -1
3.546613e-002 -5.850649e-001 
1
2
5 5 1 2 0 -1
5 5 1 1 0 2
tilted_haar_y2
-4.428066e-003 0 -1
9.287966e-002 -3.187282e-001 
1
2
3 6 3 2 0 -1
4 6 1 2 0 3
haar_x3
-2.044102e-002 0 -1
-3.922894e-001 6.130515e-002 
1
2
2 0 3 2 0 -1
3 0 1 2 0 3
haar_x3
3.055172e-002 0 -1
4.115546e-002 -5.845950e-001 
1
3
0 2 2 2 0 -1
0 2 1 1 0 2
1 3 1 1 0 2
haar_x2_y2
-1.076317e-002 0 -1
2.364859e-001 -1.021211e-001 
1
2
1 1 6 3 0 -1
1 2 6 1 0 3
haar_y3
-1.747413e-001 0 -1
3.170923e-001 -8.039868e-002 
1
2
4 2 3 1 0 -1
5 3 1 1 0 3
tilted_haar_x3
-7.102589e-002 0 -1
1.754113e-001 -1.648455e-001 
1
2
5 4 3 1 0 -1
6 4 1 1 0 3
haar_x3
-1.739101e-002 0 -1
3.055845e-001 -7.816819e-002 
1
2
3 0 3 2 0 -1
4 0 1 2 0 3
haar_x3
2.445493e-002 0 -1
4.869412e-002 -4.485018e-001 
1
2
3 0 4 1 0 -1
5 0 2 1 0 2
haar_x2
-8.331994e-003 0 -1
1.984089e-001 -1.139775e-001 
1
2
5 2 3 1 0 -1
6 3 1 1 0 3
tilted_haar_x3
-7.763623e-002 0 -1
2.359323e-001 -1.031036e-001 
1
2
1 3 4 2 0 -1
1 4 4 1 0 2
haar_y2
2.037523e-003 0 -1
-2.441116e-001 1.066807e-001 
1
2
1 3 4 3 0 -1
2 3 2 3 0 2
haar_x4
-7.859875e-002 0 -1
3.098500e-001 -9.017630e-002 
1
2
3 6 3 1 0 -1
4 6 1 1 0 3
haar_x3
2.003336e-002 0 -1
3.319566e-002 -6.924993e-001 
1
2
7 6 1 2 0 -1
7 7 1 1 0 2
haar_y2
1.155877e-003 0 -1
-2.113534e-001 9.944131e-002 
1
2
3 1 1 3 0 -1
3 2 1 1 0 3
haar_y3
1.686320e-002 0 -1
-9.631081e-002 2.127970e-001 
1
2
4 0 3 2 0 -1
5 0 1 2 0 3
haar_x3
3.605122e-002 0 -1
3.107283e-002 -6.222519e-001 
1
2
7 6 1 2 0 -1
7 7 1 1 0 2
haar_y2
4.153973e-002 0 -1
2.030649e-002 -7.939196e-001 
1
2
1 2 6 6 0 -1
3 2 2 6 0 3
haar_x3
-1.501379e-001 0 -1
9.027276e-002 -2.065658e-001 
1
2
0 4 3 2 0 -1
1 4 1 2 0 3
haar_x3
-1.390976e-002 0 -1
2.198576e-001 -9.304974e-002 
1
2
0 5 2 1 0 -1
1 5 1 1 0 2
haar_x2
1.029620e-003 0 -1
-1.518214e-001 1.734774e-001 
1
2
1 5 2 1 0 -1
1 5 1 1 0 2
tilted_haar_x2
-6.768554e-002 0 -1
-6.044618e-001 3.371881e-002 
1
2
4 6 3 2 0 -1
5 6 1 2 0 3
haar_x3
2.330885e-002 0 -1
3.736711e-002 -4.715078e-001 
1
2
5 1 2 2 0 -1
6 1 1 2 0 2
haar_x2
3.615887e-002 0 -1
4.513364e-002 -4.143858e-001 
1
2
0 6 1 2 0 -1
0 7 1 1 0 2
haar_y2
6.083748e-004 0 -1
-1.920969e-001 1.021059e-001 
1
2
4 1 3 3 0 -1
5 2 1 1 0 9
haar_point
-7.805652e-002 0 -1
1.971544e-001 -9.305955e-002 
1
2
3 0 3 3 0 -1
3 1 3 1 0 3
haar_y3
-7.783921e-002 0 -1
4.268250e-001 -4.839742e-002 
1
2
1 0 6 6 0 -1
1 3 6 3 0 2
haar_y2
4.226972e-001 0 -1
3.997977e-002 -5.015350e-001 
1
2
0 0 3 1 0 -1
1 0 1 1 0 3
haar_x3
-2.019745e-002 0 -1
-4.171230e-001 3.955469e-002 
1
2
1 0 2 2 0 -1
1 1 2 1 0 2
haar_y2
5.095242e-003 0 -1
-1.185731e-001 1.865825e-001 
1
2
1 2 4 1 0 -1
2 2 2 1 0 2
haar_x4
-5.610834e-004 0 -1
1.161711e-001 -1.466181e-001 
1
2
3 7 3 1 0 -1
4 7 1 1 0 3
haar_x3
1.470066e-002 0 -1
2.848591e-002 -5.595179e-001 
1
3
0 4 2 2 0 -1
0 4 1 1 0 2
1 5 1 1 0 2
haar_x2_y2
-1.990426e-004 0 -1
1.379906e-001 -1.143024e-001 
1
2
2 0 3 8 0 -1
3 0 1 8 0 3
haar_x3
-2.128072e-001 0 -1
-8.785632e-001 1.824227e-002 
1
3
1 4 2 2 0 -1
1 4 1 1 0 2
2 5 1 1 0 2
haar_x2_y2
-1.221102e-002 0 -1
2.427740e-001 -7.206611e-002 
1
2
0 3 4 2 0 -1
2 3 2 2 0 2
haar_x2
-2.163461e-002 0 -1
8.135737e-002 -2.009134e-001 
1
2
7 5 1 2 0 -1
7 6 1 1 0 2
haar_y2
4.375561e-002 0 -1
2.612899e-002 -5.917594e-001 
1
2
0 2 4 2 0 -1
2 2 2 2 0 2
haar_x2
-8.784781e-002 0 -1
-1.830431e-001 8.370619e-002 
1
3
2 3 2 2 0 -1
2 3 1 1 0 2
3 4 1 1 0 2
haar_x2_y2
1.518705e-002 0 -1
-5.924939e-002 2.683566e-001 
1
2
2 2 1 6 0 -1
2 5 1 3 0 2
haar_y2
8.416839e-003 0 -1
-3.104714e-001 5.137968e-002 
1
2
0 3 2 4 0 -1
0 5 2 2 0 2
haar_y2
2.216798e-001 0 -1
2.599734e-002 -5.569434e-001 
1
2
2 5 1 3 0 -1
2 6 1 1 0 3
haar_y3
-4.578993e-003 0 -1
1.551950e-001 -9.422889e-002 
1
2
0 6 1 2 0 -1
0 7 1 1 0 2
haar_y2
3.290890e-002 0 -1
3.486973e-002 -4.743789e-001 
1
2
5 0 3 2 0 -1
6 0 1 2 0 3
haar_x3
1.750856e-002 0 -1
4.695672e-002 -3.060008e-001 
1
2
5 1 2 6 0 -1
5 4 2 3 0 2
haar_y2
2.939871e-001 0 -1
2.834958e-002 -5.028274e-001 
1
2
3 3 3 1 0 -1
4 4 1 1 0 3
tilted_haar_x3
-7.849350e-003 0 -1
7.438742e-002 -1.914287e-001 
1
2
2 0 4 8 0 -1
2 4 4 4 0 2
haar_y2
-4.506993e-001 0 -1
-7.795991e-001 1.898336e-002 
1
2
0 0 3 3 0 -1
1 0 1 3 0 3
haar_x3
1.282990e-002 0 -1
7.074936e-002 -2.036109e-001 
1
2
4 1 4 3 0 -1
3 2 4 1 0 3
tilted_haar_y3
-4.194350e-001 0 -1
-7.437050e-001 1.969819e-002 
1
2
3 0 3 1 0 -1
4 0 1 1 0 3
haar_x3
1.143037e-002 0 -1
4.146058e-002 -3.090316e-001 
1
2
1 0 6 8 0 -1
3 0 2 8 0 3
haar_x3
1.737523e-001 0 -1
-3.585850e-002 5.143446e-001 
1
2
2 6 2 1 0 -1
3 6 1 1 0 2
haar_x2
2.063875e-002 0 -1
2.034707e-002 -8.388613e-001 
1
2
0 0 3 6 0 -1
1 0 1 6 0 3
haar_x3
8.061150e-002 0 -1
-6.668962e-002 2.344819e-001 
1
3
5 3 2 2 0 -1
5 3 1 1 0 2
6 4 1 1 0 2
haar_x2_y2
1.730924e-002 0 -1
-6.270187e-002 2.208440e-001 
1
2
5 3 1 2 0 -1
5 4 1 1 0 2
haar_y2
1.073147e-003 0 -1
-1.760037e-001 9.804391e-002 
1
2
3 3 3 3 0 -1
4 4 1 1 0 9
haar_point
-8.640391e-002 0 -1
1.149610e-001 -1.433747e-001 
1
2
4 0 3 1 0 -1
5 0 1 1 0 3
haar_x3
9.104481e-003 0 -1
5.096799e-002 -2.785940e-001 
1
2
4 3 4 2 0 -1
6 3 2 2 0 2
haar_x2
2.960590e-001 0 -1
-2.553441e-002 6.027271e-001 
1
2
6 0 2 3 0 -1
7 0 1 3 0 2
haar_x2
3.390119e-002 0 -1
6.622462e-002 -2.514781e-001 
1
3
6 2 2 2 0 -1
6 2 1 1 0 2
7 3 1 1 0 2
haar_x2_y2
-6.854323e-003 0 -1
2.037203e-001 -9.412851e-002 
1
2
5 3 3 1 0 -1
6 3 1 1 0 3
haar_x3
-8.654908e-004 0 -1
1.560062e-001 -1.285927e-001 
1
2
6 6 1 2 0 -1
6 7 1 1 0 2
haar_y2
1.854367e-003 0 -1
-1.596458e-001 8.927962e-002 
1
2
0 1 6 7 0 -1
2 1 2 7 0 3
haar_x3
-9.892693e-002 0 -1
1.134956e-001 -1.220692e-001 
1
3
1 6 2 2 0 -1
1 6 1 1 0 2
2 7 1 1 0 2
haar_x2_y2
-6.959811e-004 0 -1
1.438617e-001 -1.059064e-001 
1
3
1 5 2 2 0 -1
1 5 1 1 0 2
2 6 1 1 0 2
haar_x2_y2
-5.675006e-004 0 -1
1.527028e-001 -1.063491e-001 
1
2
1 7 2 1 0 -1
2 7 1 1 0 2
haar_x2
6.084890e-004 0 -1
-1.184870e-001 1.716193e-001 
1
2
3 4 2 2 0 -1
3 4 1 2 0 2
tilted_haar_x2
-9.213360e-002 0 -1
-3.219030e-001 4.363092e-002 
1
2
3 5 1 2 0 -1
3 5 1 1 0 2
tilted_haar_y2
-5.498169e-003 0 -1
7.861894e-002 -1.826532e-001 
-1.152013e+000

11
-1
