45
1
2
0 5 7 2 0 -1
0 6 7 1 0 2
haar_y2
7.890375e-002 0 -1
-3.187490e-001 4.525090e-001 
1
2
1 0 6 4 0 -1
3 0 2 4 0 3
haar_x3
1.335197e-001 0 -1
-4.994055e-001 2.315934e-001 
1
2
0 2 2 4 0 -1
0 4 2 2 0 2
haar_y2
-1.606530e-002 0 -1
1.909924e-001 -5.131512e-001 
1
2
6 2 2 1 0 -1
6 2 1 1 0 2
haar_x2
-2.179288e-003 0 -1
3.069219e-001 -3.007733e-001 
1
2
2 3 2 2 0 -1
2 3 1 2 0 2
tilted_haar_x2
2.417399e-003 0 -1
-4.967647e-001 1.161064e-001 
1
3
3 2 4 6 0 -1
5 2 2 3 0 2
3 5 2 3 0 2
haar_x2_y2
-1.084791e-003 0 -1
6.721736e-002 -2.336250e-001 
1
3
0 2 8 6 0 -1
0 2 4 3 0 2
4 5 4 3 0 2
haar_x2_y2
1.507152e-001 0 -1
1.657411e-001 -4.542213e-001 
1
2
1 3 6 3 0 -1
1 4 6 1 0 3
haar_y3
1.342995e-001 0 -1
-1.620474e-001 3.086412e-001 
1
2
0 2 2 1 0 -1
1 2 1 1 0 2
haar_x2
-7.569316e-004 0 -1
1.834502e-001 -2.282999e-001 
1
2
3 7 4 1 0 -1
4 7 2 1 0 2
haar_x4
-1.261434e-002 0 -1
-2.186692e-001 8.116961e-002 
1
3
0 0 6 8 0 -1
0 0 3 4 0 2
3 4 3 4 0 2
haar_x2_y2
-3.086454e-002 0 -1
1.012725e-001 -3.829096e-001 
1
2
7 0 1 3 0 -1
7 1 1 1 0 3
haar_y3
6.490822e-004 0 -1
-2.371956e-001 1.650697e-001 
1
2
3 0 2 4 0 -1
3 1 2 2 0 2
haar_y4
4.163559e-002 0 -1
6.825891e-002 -4.554089e-001 
1
2
1 4 6 2 0 -1
1 5 6 1 0 2
haar_y2
7.702394e-002 0 -1
-5.771701e-002 6.023811e-001 
1
2
2 0 4 2 0 -1
2 1 4 1 0 2
haar_y2
-2.031610e-002 0 -1
-4.851843e-001 6.943431e-002 
1
2
5 0 2 8 0 -1
5 4 2 4 0 2
haar_y2
9.492828e-002 0 -1
3.478791e-002 -4.999453e-001 
1
3
0 0 8 8 0 -1
0 0 4 4 0 2
4 4 4 4 0 2
haar_x2_y2
-3.632349e-001 0 -1
-5.001187e-001 5.553773e-002 
1
2
0 0 8 1 0 -1
2 0 4 1 0 2
haar_x4
-1.611014e-001 0 -1
7.906542e-001 -4.622794e-002 
1
2
0 4 8 4 0 -1
0 5 8 2 0 2
haar_y4
-2.850436e-001 0 -1
2.598536e-001 -1.039950e-001 
1
2
0 5 8 3 0 -1
0 6 8 1 0 3
haar_y3
4.106124e-002 0 -1
-1.630238e-001 2.097797e-001 
1
2
2 0 2 1 0 -1
3 0 1 1 0 2
haar_x2
1.373730e-003 0 -1
-3.089982e-001 9.026913e-002 
1
2
1 4 6 1 0 -1
1 4 3 1 0 2
haar_x2
-9.388974e-002 0 -1
-5.675817e-001 4.787128e-002 
1
3
0 2 2 2 0 -1
0 2 1 1 0 2
1 3 1 1 0 2
haar_x2_y2
-2.436963e-003 0 -1
2.061206e-001 -1.356272e-001 
1
2
7 0 1 3 0 -1
7 1 1 1 0 3
haar_y3
-4.480847e-002 0 -1
-3.897843e-001 1.028144e-002 
1
2
1 2 5 2 0 -1
1 3 5 1 0 2
haar_y2
-1.922839e-002 0 -1
-2.758147e-001 1.106178e-001 
1
2
7 0 1 3 0 -1
7 1 1 1 0 3
haar_y3
-6.646735e-004 0 -1
8.525767e-002 -4.971262e-002 
1
2
0 0 1 3 0 -1
0 1 1 1 0 3
haar_y3
6.383969e-004 0 -1
-2.289433e-001 1.521971e-001 
1
2
1 1 6 3 0 -1
1 2 6 1 0 3
haar_y3
-5.861750e-002 0 -1
-4.560395e-001 6.546357e-002 
1
2
0 2 8 6 0 -1
0 5 8 3 0 2
haar_y2
-1.227105e+000 0 -1
-7.639251e-001 3.317654e-002 
1
2
1 4 6 2 0 -1
1 4 3 2 0 2
haar_x2
1.291741e-001 0 -1
7.409710e-002 -4.030855e-001 
1
3
0 1 2 2 0 -1
0 1 1 1 0 2
1 2 1 1 0 2
haar_x2_y2
-8.709517e-004 0 -1
1.742098e-001 -1.606876e-001 
1
2
6 0 2 5 0 -1
6 0 1 5 0 2
tilted_haar_y2
-9.215869e-002 0 -1
-5.320902e-001 2.594346e-002 
1
2
2 0 5 2 0 -1
2 0 5 1 0 2
tilted_haar_y2
2.719281e-001 0 -1
2.381240e-002 -9.999781e-001 
1
2
4 0 1 3 0 -1
4 1 1 1 0 3
haar_y3
-1.512465e-002 0 -1
-4.334362e-001 5.172084e-002 
1
2
3 1 2 2 0 -1
3 2 2 1 0 2
haar_y2
-1.110781e-002 0 -1
-3.764209e-001 6.210696e-002 
1
2
4 1 1 3 0 -1
4 2 1 1 0 3
haar_y3
-6.812839e-004 0 -1
1.649544e-001 -1.275562e-001 
1
3
3 1 2 2 0 -1
3 1 1 1 0 2
4 2 1 1 0 2
haar_x2_y2
-1.635756e-002 0 -1
-5.754666e-001 4.774183e-002 
1
2
0 0 8 8 0 -1
0 4 8 4 0 2
haar_y2
-1.364174e+000 0 -1
-4.981858e-001 3.806221e-002 
1
2
2 4 3 3 0 -1
3 4 1 3 0 3
haar_x3
-7.305805e-002 0 -1
-6.325591e-001 3.501193e-002 
1
2
3 7 4 1 0 -1
4 7 2 1 0 2
haar_x4
5.486473e-002 0 -1
1.251906e-002 -7.678970e-001 
1
2
1 7 4 1 0 -1
2 7 2 1 0 2
haar_x4
3.499325e-002 0 -1
4.023385e-002 -5.605853e-001 
1
3
6 4 2 2 0 -1
7 4 1 1 0 2
6 5 1 1 0 2
haar_x2_y2
-1.983919e-002 0 -1
2.028368e-001 -7.273965e-002 
1
3
0 4 2 2 0 -1
0 4 1 1 0 2
1 5 1 1 0 2
haar_x2_y2
1.724035e-002 0 -1
-6.192822e-002 4.264383e-001 
1
2
3 0 5 8 0 -1
3 4 5 4 0 2
haar_y2
3.639332e-001 0 -1
2.057206e-002 -7.875065e-001 
1
2
3 0 1 3 0 -1
2 1 1 1 0 3
tilted_haar_y3
2.542059e-002 0 -1
6.216919e-002 -3.179573e-001 
-1.270323e+000

10
-1
