71
1
2
1 2 3 3 0 -1
1 3 3 1 0 3
haar_y3
-6.882874e-001 0 -1
4.492732e-001 -2.891271e-001 
1
2
1 0 3 2 0 -1
2 0 1 2 0 3
haar_x3
1.934617e-001 0 -1
-4.416088e-001 3.105907e-001 
1
2
2 0 1 2 0 -1
2 1 1 1 0 2
haar_y2
6.965778e-002 0 -1
9.973863e-002 -5.424439e-001 
1
2
2 0 1 4 0 -1
2 1 1 2 0 2
haar_y4
1.788117e-001 0 -1
-2.881030e-001 2.088359e-001 
1
2
0 1 1 4 0 -1
0 3 1 2 0 2
haar_y2
-3.891913e-001 0 -1
-5.205556e-001 8.214819e-002 
1
2
3 0 2 2 0 -1
3 0 1 2 0 2
tilted_haar_y2
1.311320e-003 0 -1
-1.431361e-001 6.063147e-002 
1
2
0 2 3 2 0 -1
1 2 1 2 0 3
haar_x3
-1.046130e-001 0 -1
1.995568e-001 -2.158489e-001 
1
2
3 0 1 2 0 -1
3 1 1 1 0 2
haar_y2
-6.198784e-002 0 -1
-5.408090e-001 7.980227e-002 
1
2
2 0 2 2 0 -1
2 0 2 1 0 2
tilted_haar_y2
5.921851e-001 0 -1
6.561206e-002 -6.359124e-001 
1
2
4 1 1 4 0 -1
4 3 1 2 0 2
haar_y2
-3.685785e-001 0 -1
-3.964353e-001 6.316938e-002 
1
2
0 1 1 4 0 -1
0 3 1 2 0 2
haar_y2
5.125072e-002 0 -1
8.964960e-002 -4.275112e-001 
1
3
1 1 4 2 0 -1
3 1 2 1 0 2
1 2 2 1 0 2
haar_x2_y2
-1.904036e-001 0 -1
-3.864450e-001 5.808714e-002 
1
2
0 1 4 3 0 -1
0 2 4 1 0 3
haar_y3
-5.460950e-001 0 -1
5.744936e-001 -6.075245e-002 
1
3
1 1 4 2 0 -1
3 1 2 1 0 2
1 2 2 1 0 2
haar_x2_y2
1.499235e-001 0 -1
5.734748e-002 -2.172489e-001 
1
2
2 0 1 3 0 -1
2 1 1 1 0 3
haar_y3
6.767936e-002 0 -1
1.651243e-001 -1.838526e-001 
1
2
3 0 1 2 0 -1
3 1 1 1 0 2
haar_y2
6.269398e-002 0 -1
6.979618e-002 -1.593583e-001 
1
2
1 0 1 2 0 -1
1 1 1 1 0 2
haar_y2
-3.983451e-002 0 -1
-4.156090e-001 8.442093e-002 
1
2
2 1 2 1 0 -1
2 1 1 1 0 2
haar_x2
3.366852e-003 0 -1
-1.929349e-001 7.098335e-002 
1
2
1 1 2 1 0 -1
2 1 1 1 0 2
haar_x2
3.538988e-003 0 -1
-2.456702e-001 1.117273e-001 
1
2
1 0 3 3 0 -1
2 0 1 3 0 3
haar_x3
-1.424624e-001 0 -1
5.955324e-001 -5.763156e-002 
1
2
0 4 2 1 0 -1
1 4 1 1 0 2
haar_x2
1.150680e-001 0 -1
4.336513e-002 -5.578105e-001 
1
3
1 3 4 2 0 -1
3 3 2 1 0 2
1 4 2 1 0 2
haar_x2_y2
1.533065e-003 0 -1
-1.088152e-001 7.356120e-002 
1
2
0 0 4 4 0 -1
1 0 2 4 0 2
haar_x4
6.472896e-001 0 -1
-4.976235e-002 3.852151e-001 
1
2
4 1 1 2 0 -1
4 2 1 1 0 2
haar_y2
6.741686e-002 0 -1
3.416751e-002 -2.723378e-001 
1
2
0 0 4 1 0 -1
1 0 2 1 0 2
haar_x4
-4.959878e-001 0 -1
7.354427e-001 -2.476743e-002 
1
2
4 0 1 3 0 -1
4 1 1 1 0 3
haar_y3
3.564793e-003 0 -1
-1.422611e-001 6.891412e-002 
1
2
2 0 1 2 0 -1
2 1 1 1 0 2
haar_y2
4.005662e-002 0 -1
9.040546e-002 -2.060631e-001 
1
2
1 0 3 4 0 -1
2 0 1 4 0 3
haar_x3
6.061641e-001 0 -1
-8.275644e-002 2.226247e-001 
1
2
0 0 2 3 0 -1
0 1 2 1 0 3
haar_y3
-1.192812e-001 0 -1
-3.867687e-001 4.586550e-002 
1
2
1 1 3 3 0 -1
1 2 3 1 0 3
haar_y3
4.320737e-001 0 -1
-1.280158e-001 1.718971e-001 
1
2
1 1 2 3 0 -1
1 2 2 1 0 3
haar_y3
-4.009573e-001 0 -1
5.288160e-001 -3.906267e-002 
1
3
1 3 4 2 0 -1
3 3 2 1 0 2
1 4 2 1 0 2
haar_x2_y2
3.137276e-001 0 -1
3.260804e-002 -2.248050e-001 
1
2
2 3 1 2 0 -1
2 4 1 1 0 2
haar_y2
2.929193e-003 0 -1
-1.524365e-001 1.088873e-001 
1
3
1 3 4 2 0 -1
3 3 2 1 0 2
1 4 2 1 0 2
haar_x2_y2
-6.170109e-001 0 -1
3.000320e-001 -5.049740e-003 
1
3
0 3 4 2 0 -1
0 3 2 1 0 2
2 4 2 1 0 2
haar_x2_y2
4.408056e-001 0 -1
2.965007e-002 -6.165892e-001 
1
2
3 2 2 3 0 -1
3 3 2 1 0 3
haar_y3
-7.376656e-001 0 -1
-4.401003e-001 1.742516e-002 
1
2
0 0 1 4 0 -1
0 2 1 2 0 2
haar_y2
-3.097613e-001 0 -1
-2.833424e-001 4.557383e-002 
1
2
4 1 1 2 0 -1
4 2 1 1 0 2
haar_y2
2.732166e-003 0 -1
-6.187918e-002 1.831174e-001 
1
2
0 1 1 2 0 -1
0 2 1 1 0 2
haar_y2
-2.169344e-003 0 -1
1.089124e-001 -1.930999e-001 
1
3
2 1 2 2 0 -1
3 1 1 1 0 2
2 2 1 1 0 2
haar_x2_y2
-1.552987e-001 0 -1
-4.374949e-001 2.560527e-002 
1
3
1 1 2 2 0 -1
1 1 1 1 0 2
2 2 1 1 0 2
haar_x2_y2
1.600971e-001 0 -1
2.316226e-002 -5.983775e-001 
1
3
3 3 2 2 0 -1
4 3 1 1 0 2
3 4 1 1 0 2
haar_x2_y2
-1.219671e-001 0 -1
2.695513e-001 -3.614656e-002 
1
2
1 0 2 1 0 -1
1 0 1 1 0 2
tilted_haar_x2
6.425965e-001 0 -1
-2.492758e-002 5.236416e-001 
1
2
2 4 2 1 0 -1
2 4 1 1 0 2
haar_x2
-2.095006e-003 0 -1
1.015335e-001 -8.053786e-002 
1
2
1 4 3 1 0 -1
2 4 1 1 0 3
haar_x3
2.929777e-003 0 -1
-1.295620e-001 1.310687e-001 
1
3
3 3 2 2 0 -1
4 3 1 1 0 2
3 4 1 1 0 2
haar_x2_y2
2.927453e-003 0 -1
-1.416326e-001 9.149686e-002 
1
3
0 3 2 2 0 -1
0 3 1 1 0 2
1 4 1 1 0 2
haar_x2_y2
-1.709715e-001 0 -1
4.082701e-001 -3.661968e-002 
1
2
3 2 2 3 0 -1
3 3 2 1 0 3
haar_y3
-1.057196e-001 0 -1
6.376792e-002 -9.691551e-002 
1
2
0 2 2 3 0 -1
0 3 2 1 0 3
haar_y3
-7.176787e-001 0 -1
-4.959288e-001 2.767988e-002 
1
2
2 4 3 1 0 -1
3 4 1 1 0 3
haar_x3
8.273612e-002 0 -1
4.926550e-002 -2.643529e-001 
1
2
1 1 3 2 0 -1
2 1 1 2 0 3
haar_x3
-1.760935e-003 0 -1
1.924579e-001 -5.943616e-002 
1
3
2 1 2 4 0 -1
3 1 1 2 0 2
2 3 1 2 0 2
haar_x2_y2
-1.468101e-003 0 -1
6.953515e-002 -1.795360e-001 
1
2
0 4 3 1 0 -1
1 4 1 1 0 3
haar_x3
-5.002585e-002 0 -1
-1.347892e-001 8.294646e-002 
1
2
0 0 5 2 0 -1
0 1 5 1 0 2
haar_y2
5.960955e-001 0 -1
-3.627606e-002 3.190807e-001 
1
2
0 0 3 4 0 -1
0 1 3 2 0 2
haar_y4
8.432274e-001 0 -1
3.395207e-002 -4.549773e-001 
1
2
0 1 5 3 0 -1
0 2 5 1 0 3
haar_y3
5.833886e-001 0 -1
-8.977350e-002 1.561312e-001 
1
2
0 1 3 2 0 -1
1 1 1 2 0 3
haar_x3
-7.863550e-002 0 -1
1.008243e-001 -1.125582e-001 
1
2
2 0 1 2 0 -1
2 1 1 1 0 2
haar_y2
-1.434361e-001 0 -1
-1.000000e+000 1.127370e-002 
1
2
2 0 1 2 0 -1
2 1 1 1 0 2
haar_y2
1.687191e-001 0 -1
1.261522e-002 -6.357668e-001 
1
2
3 0 1 2 0 -1
3 1 1 1 0 2
haar_y2
3.320991e-003 0 -1
-1.413737e-001 1.023222e-001 
1
2
0 0 5 4 0 -1
0 1 5 2 0 2
haar_y4
-2.085620e-001 0 -1
4.406495e-001 -2.909847e-002 
1
2
3 0 1 2 0 -1
3 1 1 1 0 2
haar_y2
-2.353818e-003 0 -1
1.223205e-001 -5.616619e-002 
1
2
1 0 1 2 0 -1
1 1 1 1 0 2
haar_y2
2.442242e-003 0 -1
-1.571630e-001 9.419760e-002 
1
2
3 0 1 2 0 -1
3 1 1 1 0 2
haar_y2
-8.485233e-002 0 -1
-2.945538e-001 2.205141e-002 
1
2
1 0 1 2 0 -1
1 1 1 1 0 2
haar_y2
-8.348909e-004 0 -1
1.889841e-001 -7.900645e-002 
1
2
2 3 2 2 0 -1
2 3 1 2 0 2
haar_x2
-1.237389e-003 0 -1
6.060763e-002 -6.907299e-002 
1
2
1 3 3 2 0 -1
2 3 1 2 0 3
haar_x3
-1.879157e-001 0 -1
-2.498872e-001 6.068953e-002 
1
2
1 2 4 1 0 -1
1 2 2 1 0 2
haar_x2
4.639686e-001 0 -1
2.301391e-002 -5.315377e-001 
1
2
0 2 4 1 0 -1
2 2 2 1 0 2
haar_x2
4.498416e-001 0 -1
1.438588e-002 -7.056087e-001 
1
2
1 0 3 4 0 -1
1 2 3 2 0 2
haar_y2
-1.901488e-001 0 -1
-5.484251e-002 2.337874e-001 
1
2
1 1 3 3 0 -1
1 2 3 1 0 3
haar_y3
9.284767e-001 0 -1
2.068251e-002 -7.226349e-001 
-1.246483e+000

4
-1
