9
1
2
5 0 1 4 0 -1
4 1 1 2 0 2
tilted_haar_y4
-1.703087e-001 0 -1
4.598772e-001 -5.899697e-001 
1
2
4 2 2 1 0 -1
4 2 1 1 0 2
tilted_haar_x2
-1.295125e-001 0 -1
3.600660e-001 -4.623345e-001 
1
2
1 1 3 4 0 -1
1 2 3 2 0 2
haar_y4
-3.938184e-001 0 -1
5.771208e-001 -2.353707e-001 
1
2
1 5 3 1 0 -1
2 5 1 1 0 3
haar_x3
4.360208e-002 0 -1
1.544310e-001 -8.590323e-001 
1
2
1 5 3 1 0 -1
2 5 1 1 0 3
haar_x3
-5.923458e-002 0 -1
-8.340249e-001 2.249570e-001 
1
2
0 5 6 1 0 -1
3 5 3 1 0 2
haar_x2
1.655447e-001 0 -1
1.005844e-001 -7.663528e-001 
1
2
3 5 2 1 0 -1
4 5 1 1 0 2
haar_x2
-4.114190e-002 0 -1
-7.946935e-001 1.129477e-001 
1
2
2 5 3 1 0 -1
3 5 1 1 0 3
haar_x3
-5.810949e-002 0 -1
-7.580688e-001 1.163727e-001 
1
2
3 0 3 2 0 -1
4 0 1 2 0 3
haar_x3
7.718843e-002 0 -1
8.493543e-002 -6.969516e-001 
-1.401088e+000

1
-1
