256
1
2
3 3 3 1 0 -1
4 3 1 1 0 3
haar_x3
4.276995e-002 0 -1
-1.832477e-001 1.847689e-001 
1
2
0 2 3 2 0 -1
1 2 1 2 0 3
haar_x3
7.581858e-002 0 -1
-1.172539e-001 1.645200e-001 
1
2
1 1 5 3 0 -1
1 2 5 1 0 3
haar_y3
-3.988169e-001 0 -1
1.069847e-001 -1.317613e-001 
1
2
1 0 4 3 0 -1
1 1 4 1 0 3
haar_y3
-4.309823e-001 0 -1
3.613092e-001 -3.052820e-002 
1
2
3 3 3 1 0 -1
4 3 1 1 0 3
haar_x3
-4.992590e-002 0 -1
3.529113e-001 1.593014e-002 
1
2
4 0 2 2 0 -1
4 1 2 1 0 2
haar_y2
-1.613646e-001 0 -1
-2.574894e-001 1.858739e-002 
1
2
0 2 1 4 0 -1
0 4 1 2 0 2
haar_y2
1.072986e-001 0 -1
-1.603136e-001 2.135959e-002 
1
3
2 4 2 2 0 -1
2 4 1 1 0 2
3 5 1 1 0 2
haar_x2_y2
-6.185007e-002 0 -1
-4.771006e-001 2.276737e-002 
1
2
1 0 3 1 0 -1
2 0 1 1 0 3
haar_x3
4.568608e-002 0 -1
2.911017e-002 -2.686592e-001 
1
3
4 2 2 4 0 -1
4 2 1 2 0 2
5 4 1 2 0 2
haar_x2_y2
1.949864e-003 0 -1
-6.511002e-002 1.002504e-001 
1
2
3 1 3 1 0 -1
4 2 1 1 0 3
tilted_haar_x3
-2.587471e-001 0 -1
9.784899e-002 -7.791051e-002 
1
2
0 2 3 2 0 -1
1 2 1 2 0 3
haar_x3
-9.403935e-002 0 -1
2.461333e-001 -9.694184e-003 
1
2
3 4 2 1 0 -1
4 4 1 1 0 2
haar_x2
3.971808e-002 0 -1
3.680305e-002 -2.101486e-001 
1
2
2 0 2 3 0 -1
2 1 2 1 0 3
haar_y3
-1.299019e-001 0 -1
1.672503e-001 -4.311038e-002 
1
2
1 2 3 3 0 -1
2 3 1 1 0 9
haar_point
-3.872143e-001 0 -1
1.235252e-001 -5.889601e-002 
1
2
1 2 1 3 0 -1
1 3 1 1 0 3
haar_y3
1.488802e-003 0 -1
-1.041416e-001 8.887822e-002 
1
2
1 0 4 3 0 -1
1 1 4 1 0 3
haar_y3
2.156520e-001 0 -1
-6.600196e-002 1.050513e-001 
1
2
3 0 3 2 0 -1
4 0 1 2 0 3
haar_x3
1.156117e-001 0 -1
1.436633e-002 -6.573043e-001 
1
2
2 5 3 1 0 -1
3 5 1 1 0 3
haar_x3
2.350511e-002 0 -1
2.337505e-002 -2.352225e-001 
1
2
1 1 3 1 0 -1
2 1 1 1 0 3
haar_x3
-8.706694e-002 0 -1
-4.709692e-001 1.065299e-002 
1
2
5 0 1 6 0 -1
5 3 1 3 0 2
haar_y2
-4.903900e-002 0 -1
-2.889717e-001 1.308290e-002 
1
2
2 0 3 1 0 -1
3 0 1 1 0 3
haar_x3
5.892551e-002 0 -1
1.447707e-002 -4.028480e-001 
1
2
1 0 4 2 0 -1
3 0 2 2 0 2
haar_x2
1.224018e-001 0 -1
-4.131122e-002 1.638025e-001 
1
3
0 0 6 4 0 -1
0 0 3 2 0 2
3 2 3 2 0 2
haar_x2_y2
2.069069e-001 0 -1
-5.876618e-002 1.008088e-001 
1
3
0 2 6 4 0 -1
0 2 3 2 0 2
3 4 3 2 0 2
haar_x2_y2
-2.426639e-001 0 -1
-1.882838e-001 4.417240e-002 
1
2
0 5 6 1 0 -1
3 5 3 1 0 2
haar_x2
1.249856e-001 0 -1
2.302779e-002 -2.517811e-001 
1
2
0 0 6 1 0 -1
2 0 2 1 0 3
haar_x3
7.307702e-002 0 -1
-4.542198e-002 1.244472e-001 
1
2
2 2 4 4 0 -1
2 3 4 2 0 2
haar_y4
3.483875e-001 0 -1
1.901907e-002 -2.818767e-001 
1
2
5 3 1 2 0 -1
5 3 1 1 0 2
tilted_haar_y2
-1.021959e-001 0 -1
-1.311962e-001 4.106040e-002 
1
2
1 3 3 1 0 -1
2 3 1 1 0 3
haar_x3
5.969661e-002 0 -1
-2.475481e-002 2.364827e-001 
1
2
1 0 3 2 0 -1
2 0 1 2 0 3
haar_x3
1.129095e-001 0 -1
1.295443e-002 -4.252179e-001 
1
2
2 0 3 1 0 -1
3 0 1 1 0 3
haar_x3
-1.566348e-003 0 -1
7.086927e-002 -6.995878e-002 
1
2
0 0 3 1 0 -1
1 0 1 1 0 3
haar_x3
6.041326e-002 0 -1
1.383022e-002 -3.548819e-001 
1
2
2 1 3 1 0 -1
3 2 1 1 0 3
tilted_haar_x3
-1.636931e-001 0 -1
5.883679e-002 -8.504066e-002 
1
2
0 0 2 4 0 -1
1 0 1 4 0 2
haar_x2
-5.693306e-002 0 -1
-8.816987e-002 5.956606e-002 
1
2
0 0 4 1 0 -1
1 0 2 1 0 2
haar_x4
-5.189356e-002 0 -1
1.940796e-001 -3.521976e-002 
1
2
1 0 3 1 0 -1
2 0 1 1 0 3
haar_x3
-7.638614e-002 0 -1
-6.083628e-001 8.624610e-003 
1
2
0 1 3 2 0 -1
1 1 1 2 0 3
haar_x3
3.274182e-002 0 -1
5.267924e-002 -1.054206e-001 
1
2
4 0 1 3 0 -1
3 1 1 1 0 3
tilted_haar_y3
-3.477113e-001 0 -1
2.701664e-001 -2.016557e-002 
1
2
2 0 4 5 0 -1
3 0 2 5 0 2
haar_x4
-2.007000e-001 0 -1
1.403508e-001 -3.829242e-002 
1
2
4 0 2 5 0 -1
5 0 1 5 0 2
haar_x2
1.057605e-001 0 -1
4.008085e-002 -1.267901e-001 
1
3
3 3 2 2 0 -1
3 3 1 1 0 2
4 4 1 1 0 2
haar_x2_y2
2.480409e-002 0 -1
-2.254430e-002 1.978888e-001 
1
2
0 1 6 3 0 -1
2 1 2 3 0 3
haar_x3
-2.362197e-001 0 -1
4.299930e-002 -1.263291e-001 
1
2
0 0 6 6 0 -1
2 0 2 6 0 3
haar_x3
2.807311e-001 0 -1
-1.436039e-002 4.416608e-001 
1
2
1 3 3 2 0 -1
1 4 3 1 0 2
haar_y2
-1.001832e-001 0 -1
-5.231932e-001 1.021519e-002 
1
2
2 1 3 1 0 -1
3 1 1 1 0 3
haar_x3
7.398686e-002 0 -1
7.801636e-003 -5.252690e-001 
1
2
0 0 2 2 0 -1
1 0 1 2 0 2
haar_x2
-7.967232e-002 0 -1
-1.672105e-001 2.572040e-002 
1
2
4 3 1 3 0 -1
4 4 1 1 0 3
haar_y3
-1.455775e-003 0 -1
8.130741e-002 -5.563579e-002 
1
2
1 2 3 2 0 -1
2 2 1 2 0 3
haar_x3
-3.895338e-001 0 -1
-6.854743e-001 6.738265e-003 
1
2
2 2 3 3 0 -1
3 2 1 3 0 3
haar_x3
2.933186e-001 0 -1
-1.059034e-002 4.886482e-001 
1
2
3 4 3 1 0 -1
4 4 1 1 0 3
haar_x3
-4.069877e-002 0 -1
-2.107377e-001 2.404973e-002 
1
3
2 0 2 6 0 -1
2 0 1 3 0 2
3 3 1 3 0 2
haar_x2_y2
9.082970e-002 0 -1
2.899827e-002 -1.652009e-001 
1
2
0 0 4 2 0 -1
2 0 2 2 0 2
haar_x2
-7.730495e-002 0 -1
8.219894e-002 -6.923155e-002 
1
2
0 2 2 2 0 -1
0 3 2 1 0 2
haar_y2
-1.521812e-001 0 -1
2.990791e-001 -1.543165e-002 
1
2
1 1 2 1 0 -1
1 1 1 1 0 2
tilted_haar_x2
-1.473230e-001 0 -1
2.504314e-001 -1.814948e-002 
1
2
0 0 3 6 0 -1
1 2 1 2 0 9
haar_point
-2.416380e-001 0 -1
4.714349e-002 -1.168491e-001 
1
3
1 1 2 2 0 -1
1 1 1 1 0 2
2 2 1 1 0 2
haar_x2_y2
-3.328097e-002 0 -1
8.527825e-002 -5.781997e-002 
1
2
2 1 2 1 0 -1
2 1 1 1 0 2
tilted_haar_x2
2.242822e-001 0 -1
1.816499e-002 -2.701322e-001 
1
2
0 0 6 4 0 -1
0 1 6 2 0 2
haar_y4
-1.471400e+000 0 -1
-8.869498e-001 4.209775e-003 
1
2
1 1 2 2 0 -1
2 1 1 2 0 2
haar_x2
-2.942396e-001 0 -1
9.468739e-001 -6.206624e-003 
1
2
3 1 3 1 0 -1
4 1 1 1 0 3
haar_x3
-1.676962e-003 0 -1
5.838504e-002 -7.043037e-002 
1
2
1 0 3 2 0 -1
2 0 1 2 0 3
haar_x3
-1.382904e-003 0 -1
6.165653e-002 -7.120308e-002 
1
2
0 0 2 1 0 -1
1 0 1 1 0 2
haar_x2
5.954177e-003 0 -1
-4.850186e-002 8.789710e-002 
1
2
1 4 3 2 0 -1
2 4 1 2 0 3
haar_x3
1.826940e-002 0 -1
3.339338e-002 -1.199614e-001 
1
2
1 2 3 3 0 -1
2 2 1 3 0 3
haar_x3
3.302674e-002 0 -1
-3.465272e-002 1.522787e-001 
1
2
2 3 3 1 0 -1
3 3 1 1 0 3
haar_x3
-2.380292e-001 0 -1
-5.221079e-001 1.041251e-002 
1
3
3 2 2 2 0 -1
3 2 1 1 0 2
4 3 1 1 0 2
haar_x2_y2
6.665358e-002 0 -1
-3.455058e-002 1.382924e-001 
1
2
0 2 1 3 0 -1
0 3 1 1 0 3
haar_y3
-2.495745e-001 0 -1
-5.981434e-001 7.333435e-003 
1
3
0 3 6 2 0 -1
0 3 3 1 0 2
3 4 3 1 0 2
haar_x2_y2
2.370666e-001 0 -1
1.029434e-002 -3.710923e-001 
1
2
1 1 4 2 0 -1
2 1 2 2 0 2
haar_x4
5.064670e-002 0 -1
1.461824e-002 -2.698989e-001 
1
2
3 0 3 1 0 -1
4 1 1 1 0 3
tilted_haar_x3
-4.879196e-002 0 -1
-3.449705e-002 1.397903e-001 
1
2
2 1 3 1 0 -1
3 1 1 1 0 3
haar_x3
-1.753439e-003 0 -1
5.059623e-002 -8.070046e-002 
1
2
2 1 3 3 0 -1
3 2 1 1 0 9
haar_point
-4.110379e-001 0 -1
6.390980e-002 -6.510828e-002 
1
2
5 1 1 2 0 -1
5 2 1 1 0 2
haar_y2
-6.250928e-002 0 -1
-1.393502e-001 3.491208e-002 
1
2
2 0 4 6 0 -1
2 3 4 3 0 2
haar_y2
-2.763731e-001 0 -1
2.827087e-001 -1.640250e-002 
1
2
0 4 6 2 0 -1
2 4 2 2 0 3
haar_x3
1.323505e-001 0 -1
-2.036171e-002 2.123906e-001 
1
2
2 4 4 1 0 -1
4 4 2 1 0 2
haar_x2
-1.012835e-001 0 -1
-3.752873e-001 1.356611e-002 
1
2
2 1 1 2 0 -1
2 1 1 1 0 2
tilted_haar_y2
1.090857e-001 0 -1
1.496823e-002 -2.649661e-001 
1
3
0 2 2 4 0 -1
0 2 1 2 0 2
1 4 1 2 0 2
haar_x2_y2
-4.578366e-002 0 -1
1.141869e-001 -3.752999e-002 
1
2
0 2 3 1 0 -1
1 2 1 1 0 3
haar_x3
-9.348588e-003 0 -1
8.446011e-002 -5.551371e-002 
1
2
1 5 2 1 0 -1
2 5 1 1 0 2
haar_x2
-4.419156e-002 0 -1
-2.443968e-001 1.730294e-002 
1
2
2 2 2 1 0 -1
2 2 1 1 0 2
tilted_haar_x2
-6.609346e-002 0 -1
-7.817882e-002 5.578956e-002 
1
3
1 4 2 2 0 -1
1 4 1 1 0 2
2 5 1 1 0 2
haar_x2_y2
-1.632632e-003 0 -1
8.226027e-002 -5.664561e-002 
1
2
0 3 3 3 0 -1
1 4 1 1 0 9
haar_point
4.327249e-001 0 -1
-2.003080e-002 2.318109e-001 
1
2
1 2 3 1 0 -1
2 3 1 1 0 3
tilted_haar_x3
2.508946e-001 0 -1
1.288437e-002 -3.886219e-001 
1
2
0 2 1 2 0 -1
0 3 1 1 0 2
haar_y2
6.763959e-002 0 -1
-4.677989e-002 1.009976e-001 
1
2
4 0 2 1 0 -1
5 0 1 1 0 2
haar_x2
-5.416847e-002 0 -1
-3.584686e-001 1.221230e-002 
1
3
4 1 2 4 0 -1
4 1 1 2 0 2
5 3 1 2 0 2
haar_x2_y2
-1.293768e-001 0 -1
-2.476777e-001 1.681822e-002 
1
2
1 0 4 4 0 -1
1 2 4 2 0 2
haar_y2
3.936799e-001 0 -1
1.695356e-002 -2.338425e-001 
1
3
0 0 2 4 0 -1
0 0 1 2 0 2
1 2 1 2 0 2
haar_x2_y2
3.354202e-002 0 -1
-4.885285e-002 9.385068e-002 
1
2
1 1 4 2 0 -1
2 1 2 2 0 2
haar_x4
-1.320190e-001 0 -1
-1.025119e-001 3.860425e-002 
1
3
4 1 2 2 0 -1
4 1 1 1 0 2
5 2 1 1 0 2
haar_x2_y2
-4.460737e-002 0 -1
1.654471e-001 -2.764916e-002 
1
2
1 2 5 4 0 -1
1 3 5 2 0 2
haar_y4
2.308265e-001 0 -1
3.993520e-002 -9.847347e-002 
1
2
1 1 4 3 0 -1
1 2 4 1 0 3
haar_y3
-5.456120e-001 0 -1
1.185677e-001 -4.165490e-002 
1
2
0 1 2 3 0 -1
0 2 2 1 0 3
haar_y3
-4.838679e-001 0 -1
-5.432765e-001 9.332209e-003 
1
2
1 1 4 1 0 -1
1 1 2 1 0 2
tilted_haar_x2
-4.238128e-001 0 -1
-2.557230e-001 1.413076e-002 
1
2
2 1 4 1 0 -1
2 1 2 1 0 2
tilted_haar_x2
-5.878869e-001 0 -1
4.192830e-001 -1.182880e-002 
1
2
1 3 3 1 0 -1
2 3 1 1 0 3
haar_x3
1.264862e-001 0 -1
-1.150461e-002 3.396365e-001 
1
2
0 2 6 4 0 -1
0 4 6 2 0 2
haar_y2
7.448202e-002 0 -1
3.977067e-001 -8.996045e-003 
1
2
5 0 1 6 0 -1
5 3 1 3 0 2
haar_y2
6.872541e-002 0 -1
-1.123476e-001 3.422803e-002 
1
2
3 3 3 3 0 -1
4 4 1 1 0 9
haar_point
5.334085e-001 0 -1
-1.142840e-002 3.340559e-001 
1
2
3 3 3 3 0 -1
3 4 3 1 0 3
haar_y3
4.719633e-001 0 -1
5.220064e-003 -8.328203e-001 
1
3
2 2 4 2 0 -1
2 2 2 1 0 2
4 3 2 1 0 2
haar_x2_y2
2.961100e-001 0 -1
7.028060e-003 -4.537894e-001 
1
2
4 3 2 1 0 -1
5 3 1 1 0 2
haar_x2
2.000790e-001 0 -1
-7.463130e-003 5.861646e-001 
1
2
2 2 4 1 0 -1
3 2 2 1 0 2
haar_x4
-1.280344e-001 0 -1
-2.454480e-001 1.855443e-002 
1
2
4 1 2 3 0 -1
3 2 2 1 0 3
tilted_haar_y3
2.832724e-001 0 -1
-8.561922e-003 5.072883e-001 
1
2
1 2 2 3 0 -1
2 2 1 3 0 2
haar_x2
6.560554e-002 0 -1
1.381816e-002 -3.375841e-001 
1
2
3 2 3 3 0 -1
4 2 1 3 0 3
haar_x3
-6.515606e-002 0 -1
1.399736e-001 -2.997044e-002 
1
2
5 1 1 2 0 -1
5 1 1 1 0 2
tilted_haar_y2
-4.014589e-002 0 -1
-1.615526e-001 2.853027e-002 
1
3
4 1 2 4 0 -1
4 1 1 2 0 2
5 3 1 2 0 2
haar_x2_y2
1.365507e-002 0 -1
4.532653e-002 -1.190985e-001 
1
2
4 0 2 4 0 -1
3 1 2 2 0 2
tilted_haar_y4
-1.063745e+000 0 -1
6.383284e-001 -7.264475e-003 
1
2
0 4 4 2 0 -1
1 4 2 2 0 2
haar_x4
-1.419584e-001 0 -1
-2.514378e-001 1.607889e-002 
1
2
0 0 3 5 0 -1
1 0 1 5 0 3
haar_x3
-1.104745e-001 0 -1
1.378742e-001 -2.696199e-002 
1
3
0 4 2 2 0 -1
0 4 1 1 0 2
1 5 1 1 0 2
haar_x2_y2
-1.530877e-003 0 -1
7.094272e-002 -6.427594e-002 
1
2
0 4 2 1 0 -1
1 4 1 1 0 2
haar_x2
4.711290e-002 0 -1
1.734995e-002 -2.929898e-001 
1
2
0 5 2 1 0 -1
1 5 1 1 0 2
haar_x2
1.815707e-003 0 -1
-5.179811e-002 7.868221e-002 
1
3
0 3 2 2 0 -1
0 3 1 1 0 2
1 4 1 1 0 2
haar_x2_y2
-1.556795e-003 0 -1
6.387907e-002 -6.412357e-002 
1
2
0 0 2 3 0 -1
1 0 1 3 0 2
haar_x2
1.047564e-001 0 -1
1.153924e-002 -3.507057e-001 
1
3
0 0 2 6 0 -1
0 0 1 3 0 2
1 3 1 3 0 2
haar_x2_y2
9.473324e-002 0 -1
3.092761e-002 -1.246140e-001 
1
2
0 3 4 2 0 -1
1 3 2 2 0 2
haar_x4
3.123962e-001 0 -1
-6.291127e-003 7.180630e-001 
1
2
4 2 1 3 0 -1
3 3 1 1 0 3
tilted_haar_y3
1.208181e-001 0 -1
2.880484e-002 -1.577246e-001 
1
2
2 2 3 2 0 -1
3 2 1 2 0 3
haar_x3
-1.273098e-001 0 -1
7.930765e-002 -5.242700e-002 
1
2
2 2 4 1 0 -1
4 2 2 1 0 2
haar_x2
2.740815e-001 0 -1
1.286496e-002 -3.857758e-001 
1
3
2 0 2 4 0 -1
2 0 1 2 0 2
3 2 1 2 0 2
haar_x2_y2
1.738182e-002 0 -1
-5.908360e-002 6.783070e-002 
1
2
3 4 2 1 0 -1
4 4 1 1 0 2
haar_x2
-1.799599e-003 0 -1
8.603986e-002 -4.491655e-002 
1
2
3 1 3 1 0 -1
4 1 1 1 0 3
haar_x3
-4.335681e-002 0 -1
-1.551103e-001 2.397846e-002 
1
2
0 4 6 2 0 -1
2 4 2 2 0 3
haar_x3
-7.897952e-002 0 -1
6.000095e-002 -6.184293e-002 
1
2
2 2 2 2 0 -1
2 2 2 1 0 2
tilted_haar_y2
-3.047423e-001 0 -1
-1.135711e-001 4.965134e-002 
1
3
4 0 2 4 0 -1
4 0 1 2 0 2
5 2 1 2 0 2
haar_x2_y2
-2.538653e-001 0 -1
-7.048017e-001 5.088439e-003 
1
3
4 4 2 2 0 -1
4 4 1 1 0 2
5 5 1 1 0 2
haar_x2_y2
6.885517e-002 0 -1
1.014656e-002 -3.003420e-001 
1
2
1 2 4 1 0 -1
2 2 2 1 0 2
haar_x4
1.368060e-002 0 -1
-1.963163e-002 1.831291e-001 
1
2
3 1 2 3 0 -1
4 1 1 3 0 2
haar_x2
3.142650e-001 0 -1
-9.673537e-003 3.918611e-001 
1
2
3 5 3 1 0 -1
4 5 1 1 0 3
haar_x3
3.474017e-002 0 -1
1.856659e-002 -2.069085e-001 
1
2
2 5 4 1 0 -1
3 5 2 1 0 2
haar_x4
2.409474e-002 0 -1
-2.870869e-002 1.408275e-001 
1
2
2 5 3 1 0 -1
3 5 1 1 0 3
haar_x3
4.784148e-002 0 -1
9.271433e-003 -4.512008e-001 
1
2
0 2 2 2 0 -1
1 2 1 2 0 2
haar_x2
-2.543127e-001 0 -1
3.225193e-001 -1.257309e-002 
1
2
0 2 4 1 0 -1
1 2 2 1 0 2
haar_x4
-1.311625e-001 0 -1
-2.297553e-001 1.633812e-002 
1
3
1 1 4 2 0 -1
1 1 2 1 0 2
3 2 2 1 0 2
haar_x2_y2
1.458815e-001 0 -1
-2.455133e-002 1.590463e-001 
1
2
5 0 1 4 0 -1
5 2 1 2 0 2
haar_y2
3.390947e-002 0 -1
4.488619e-002 -8.454683e-002 
1
2
2 0 2 6 0 -1
2 3 2 3 0 2
haar_y2
7.805430e-001 0 -1
-1.529965e-002 2.639928e-001 
1
2
1 0 4 1 0 -1
1 0 2 1 0 2
tilted_haar_x2
-4.284742e-001 0 -1
-1.000000e+000 3.798319e-003 
1
2
2 2 4 2 0 -1
4 2 2 2 0 2
haar_x2
6.143977e-002 0 -1
-1.097389e-001 2.994579e-002 
1
2
2 5 2 1 0 -1
3 5 1 1 0 2
haar_x2
-1.801710e-003 0 -1
6.316295e-002 -5.719226e-002 
1
2
3 0 3 6 0 -1
3 3 3 3 0 2
haar_y2
-4.212156e-001 0 -1
-6.324271e-001 5.625688e-003 
1
2
5 1 1 4 0 -1
5 3 1 2 0 2
haar_y2
-1.508741e-001 0 -1
4.979184e-001 -8.070721e-003 
1
2
1 0 4 5 0 -1
2 0 2 5 0 2
haar_x4
-5.835323e-001 0 -1
-4.653182e-001 7.408350e-003 
1
2
1 4 4 1 0 -1
2 4 2 1 0 2
haar_x4
8.278087e-002 0 -1
5.170547e-003 -5.740024e-001 
1
2
1 1 4 5 0 -1
2 1 2 5 0 2
haar_x4
5.619852e-002 0 -1
-1.591018e-002 2.314870e-001 
1
2
0 2 4 2 0 -1
2 2 2 2 0 2
haar_x2
-2.974534e-002 0 -1
2.878414e-002 -1.480767e-001 
1
2
0 4 6 2 0 -1
3 4 3 2 0 2
haar_x2
7.458221e-002 0 -1
-4.212033e-002 8.512791e-002 
1
3
0 1 2 2 0 -1
0 1 1 1 0 2
1 2 1 1 0 2
haar_x2_y2
6.408159e-002 0 -1
-1.966245e-002 1.856164e-001 
1
2
2 1 3 5 0 -1
3 1 1 5 0 3
haar_x3
-4.736286e-001 0 -1
-5.741402e-001 5.925750e-003 
1
2
4 2 1 2 0 -1
4 2 1 1 0 2
tilted_haar_y2
-2.436893e-001 0 -1
2.224342e-001 -1.793451e-002 
1
2
4 2 2 2 0 -1
4 2 2 1 0 2
tilted_haar_y2
-2.873227e-001 0 -1
-1.295853e-001 3.227335e-002 
1
2
2 5 3 1 0 -1
3 5 1 1 0 3
haar_x3
-5.039759e-002 0 -1
-3.317458e-001 1.052466e-002 
1
2
0 4 4 2 0 -1
2 4 2 2 0 2
haar_x2
-3.125639e-002 0 -1
5.573729e-002 -6.653516e-002 
1
2
0 4 6 2 0 -1
2 4 2 2 0 3
haar_x3
3.036830e-001 0 -1
-5.865428e-003 6.279801e-001 
1
2
1 1 2 1 0 -1
1 1 1 1 0 2
tilted_haar_x2
-2.751642e-001 0 -1
-1.000000e+000 3.987712e-003 
1
2
4 2 2 2 0 -1
4 3 2 1 0 2
haar_y2
3.199914e-001 0 -1
2.343952e-003 -8.821892e-001 
1
2
5 2 1 2 0 -1
5 3 1 1 0 2
haar_y2
6.617330e-002 0 -1
-4.013390e-002 8.716764e-002 
1
2
5 4 1 2 0 -1
5 5 1 1 0 2
haar_y2
1.331513e-002 0 -1
-8.497695e-002 4.291477e-002 
1
2
0 4 2 1 0 -1
1 4 1 1 0 2
haar_x2
1.524881e-003 0 -1
-5.114342e-002 6.912309e-002 
1
2
2 0 3 3 0 -1
3 1 1 1 0 9
haar_point
2.778535e-001 0 -1
-3.382242e-002 1.017081e-001 
1
2
0 1 6 2 0 -1
0 2 6 1 0 2
haar_y2
-5.427393e-001 0 -1
-1.702458e-001 2.810249e-002 
1
2
3 0 2 4 0 -1
3 2 2 2 0 2
haar_y2
-5.133539e-001 0 -1
2.368514e-001 -1.657830e-002 
1
2
0 0 4 6 0 -1
1 0 2 6 0 2
haar_x4
-1.247885e-001 0 -1
8.251194e-002 -4.393904e-002 
1
2
2 2 1 3 0 -1
2 3 1 1 0 3
haar_y3
-3.073620e-001 0 -1
-6.994978e-001 4.285316e-003 
1
2
1 0 3 1 0 -1
2 0 1 1 0 3
haar_x3
-3.139511e-002 0 -1
-1.461589e-001 2.179868e-002 
1
3
4 2 2 2 0 -1
4 2 1 1 0 2
5 3 1 1 0 2
haar_x2_y2
-7.268921e-002 0 -1
1.481720e-001 -2.227759e-002 
1
2
1 2 4 3 0 -1
1 3 4 1 0 3
haar_y3
-7.628464e-001 0 -1
4.218608e-001 -8.238296e-003 
1
2
1 1 4 1 0 -1
2 1 2 1 0 2
haar_x4
-1.117681e-002 0 -1
5.493214e-002 -6.996272e-002 
1
2
3 1 2 1 0 -1
4 1 1 1 0 2
haar_x2
-1.887305e-003 0 -1
8.581158e-002 -5.806217e-002 
1
2
0 0 2 4 0 -1
0 1 2 2 0 2
haar_y4
-4.696253e-002 0 -1
4.313889e-002 -9.619869e-002 
1
2
0 0 6 2 0 -1
0 1 6 1 0 2
haar_y2
-7.275137e-001 0 -1
-3.995670e-001 8.234662e-003 
1
2
3 0 1 2 0 -1
3 1 1 1 0 2
haar_y2
-1.472842e-001 0 -1
2.852077e-001 -1.373469e-002 
1
2
2 0 1 2 0 -1
2 1 1 1 0 2
haar_y2
6.653245e-003 0 -1
-3.806035e-002 9.351075e-002 
1
2
5 2 1 4 0 -1
5 3 1 2 0 2
haar_y4
-1.865256e-001 0 -1
-5.920054e-001 6.483381e-003 
1
2
4 0 2 3 0 -1
3 1 2 1 0 3
tilted_haar_y3
-3.211165e-001 0 -1
5.619352e-002 -6.065962e-002 
1
3
2 2 2 2 0 -1
2 2 1 1 0 2
3 3 1 1 0 2
haar_x2_y2
-1.401988e-001 0 -1
-5.764925e-001 5.435295e-003 
1
2
5 1 1 4 0 -1
5 1 1 2 0 2
tilted_haar_y2
2.086231e-001 0 -1
-7.635565e-003 4.934157e-001 
1
2
3 1 1 2 0 -1
3 2 1 1 0 2
haar_y2
-1.876616e-001 0 -1
-5.440537e-001 6.630125e-003 
1
2
3 0 2 4 0 -1
3 2 2 2 0 2
haar_y2
4.518293e-001 0 -1
2.969146e-003 -8.239086e-001 
1
2
3 0 3 2 0 -1
4 0 1 2 0 3
haar_x3
6.295138e-002 0 -1
1.497469e-002 -2.048102e-001 
1
2
1 2 3 2 0 -1
2 2 1 2 0 3
haar_x3
9.325904e-002 0 -1
-1.814359e-002 1.710565e-001 
1
2
2 4 2 1 0 -1
3 4 1 1 0 2
haar_x2
-4.602302e-002 0 -1
-2.422045e-001 1.602500e-002 
1
2
2 2 1 3 0 -1
2 3 1 1 0 3
haar_y3
-2.991578e-002 0 -1
5.702193e-002 -6.714649e-002 
1
2
2 2 2 3 0 -1
2 3 2 1 0 3
haar_y3
5.208531e-002 0 -1
-4.284498e-002 1.189128e-001 
1
2
5 2 1 3 0 -1
4 3 1 1 0 3
tilted_haar_y3
-1.838602e-002 0 -1
4.131148e-002 -8.701902e-002 
1
2
2 2 3 4 0 -1
2 4 3 2 0 2
haar_y2
9.256639e-001 0 -1
1.484451e-002 -2.362277e-001 
1
2
2 3 3 2 0 -1
2 4 3 1 0 2
haar_y2
8.029914e-003 0 -1
-1.916949e-001 1.717705e-002 
1
2
1 1 4 4 0 -1
1 2 4 2 0 2
haar_y4
-3.239486e-002 0 -1
-2.648753e-002 1.709085e-001 
1
2
0 0 3 3 0 -1
1 1 1 1 0 9
haar_point
-8.197551e-001 0 -1
-6.306856e-001 5.480885e-003 
1
2
0 1 3 3 0 -1
1 2 1 1 0 9
haar_point
-1.425266e-001 0 -1
4.358305e-002 -7.971632e-002 
1
3
1 1 2 2 0 -1
1 1 1 1 0 2
2 2 1 1 0 2
haar_x2_y2
-1.803651e-002 0 -1
5.745250e-002 -6.633167e-002 
1
2
0 0 6 1 0 -1
2 0 2 1 0 3
haar_x3
-1.152929e-001 0 -1
1.240832e-001 -2.962175e-002 
1
2
1 1 2 4 0 -1
1 3 2 2 0 2
haar_y2
5.289447e-001 0 -1
4.253759e-003 -7.678490e-001 
1
2
2 0 4 1 0 -1
3 0 2 1 0 2
haar_x4
5.030308e-002 0 -1
-1.999793e-002 1.745518e-001 
1
2
2 0 3 1 0 -1
3 0 1 1 0 3
haar_x3
3.635352e-002 0 -1
2.116627e-002 -2.187168e-001 
1
2
3 0 2 1 0 -1
4 0 1 1 0 2
haar_x2
-1.862059e-003 0 -1
5.676249e-002 -6.519787e-002 
1
2
0 4 1 2 0 -1
0 5 1 1 0 2
haar_y2
-2.203781e-002 0 -1
-2.012236e-001 1.714327e-002 
1
2
0 4 5 2 0 -1
0 5 5 1 0 2
haar_y2
-9.997419e-002 0 -1
2.399932e-001 -1.613373e-002 
1
2
0 1 4 4 0 -1
0 3 4 2 0 2
haar_y2
1.027365e+000 0 -1
-5.536964e-003 6.702718e-001 
1
2
3 1 1 3 0 -1
3 2 1 1 0 3
haar_y3
1.180421e-001 0 -1
-7.585246e-003 4.129922e-001 
1
3
0 3 4 2 0 -1
0 3 2 1 0 2
2 4 2 1 0 2
haar_x2_y2
3.007696e-001 0 -1
6.057601e-003 -6.276659e-001 
1
2
5 1 1 3 0 -1
5 2 1 1 0 3
haar_y3
-1.758929e-003 0 -1
2.841161e-002 -1.171103e-001 
1
2
5 2 1 3 0 -1
5 3 1 1 0 3
haar_y3
-1.058312e-001 0 -1
1.770030e-001 -2.095153e-002 
1
2
1 5 3 1 0 -1
2 5 1 1 0 3
haar_x3
-3.133152e-002 0 -1
-1.593736e-001 2.372030e-002 
1
2
0 2 6 4 0 -1
2 2 2 4 0 3
haar_x3
-1.770566e+000 0 -1
5.374112e-001 -7.457078e-003 
1
2
3 1 1 3 0 -1
2 2 1 1 0 3
tilted_haar_y3
-1.765629e-001 0 -1
-1.165175e-001 3.299670e-002 
1
2
4 3 2 1 0 -1
5 3 1 1 0 2
haar_x2
1.184481e-001 0 -1
-1.227765e-002 2.822735e-001 
1
3
4 1 2 4 0 -1
4 1 1 2 0 2
5 3 1 2 0 2
haar_x2_y2
1.151537e-001 0 -1
1.263906e-002 -2.735172e-001 
1
2
1 2 4 4 0 -1
1 3 4 2 0 2
haar_y4
1.655204e-001 0 -1
4.053595e-002 -7.947007e-002 
1
2
3 2 2 2 0 -1
3 3 2 1 0 2
haar_y2
5.121985e-003 0 -1
-1.305613e-001 2.601871e-002 
1
2
3 0 3 6 0 -1
3 3 3 3 0 2
haar_y2
1.119586e+000 0 -1
1.571235e-002 -2.519450e-001 
1
2
2 0 3 2 0 -1
2 1 3 1 0 2
haar_y2
1.910382e-001 0 -1
-1.691828e-002 2.156759e-001 
1
2
0 0 6 3 0 -1
0 1 6 1 0 3
haar_y3
1.036563e+000 0 -1
7.201640e-003 -5.860335e-001 
1
2
1 5 3 1 0 -1
2 5 1 1 0 3
haar_x3
1.170031e-002 0 -1
3.017524e-002 -1.114871e-001 
1
2
0 5 6 1 0 -1
2 5 2 1 0 3
haar_x3
2.697536e-002 0 -1
-3.506797e-002 1.078495e-001 
1
2
2 5 3 1 0 -1
3 5 1 1 0 3
haar_x3
-1.719836e-003 0 -1
5.823714e-002 -7.240847e-002 
1
2
2 5 2 1 0 -1
3 5 1 1 0 2
haar_x2
1.845808e-003 0 -1
-5.242690e-002 7.411591e-002 
1
3
1 0 2 2 0 -1
1 0 1 1 0 2
2 1 1 1 0 2
haar_x2_y2
6.398177e-002 0 -1
8.355640e-003 -4.089491e-001 
1
3
0 1 2 4 0 -1
0 1 1 2 0 2
1 3 1 2 0 2
haar_x2_y2
3.984163e-001 0 -1
-4.181145e-003 8.926911e-001 
1
2
3 0 3 3 0 -1
4 1 1 3 0 3
tilted_haar_x3
-6.787966e-001 0 -1
-1.793288e-001 1.913343e-002 
1
3
1 0 4 4 0 -1
1 0 2 2 0 2
3 2 2 2 0 2
haar_x2_y2
2.278516e-001 0 -1
-3.471747e-002 1.286376e-001 
1
2
4 1 1 2 0 -1
4 1 1 1 0 2
tilted_haar_y2
2.468441e-001 0 -1
5.969007e-003 -5.196109e-001 
1
2
2 0 4 2 0 -1
2 0 2 2 0 2
tilted_haar_x2
-7.808738e-001 0 -1
-3.303157e-001 8.571755e-003 
1
2
2 3 3 1 0 -1
3 3 1 1 0 3
haar_x3
2.832242e-002 0 -1
-2.354919e-002 1.432527e-001 
1
2
5 2 1 2 0 -1
5 2 1 1 0 2
tilted_haar_y2
-1.892243e-001 0 -1
-3.834473e-001 1.100725e-002 
1
2
2 1 2 1 0 -1
2 1 1 1 0 2
tilted_haar_x2
-8.504489e-002 0 -1
2.015083e-001 -1.763329e-002 
1
2
1 0 3 4 0 -1
1 1 3 2 0 2
haar_y4
-6.322203e-001 0 -1
-2.657597e-001 1.182219e-002 
1
2
5 0 1 4 0 -1
5 1 1 2 0 2
haar_y4
-2.838743e-002 0 -1
4.165806e-002 -7.614768e-002 
1
2
4 2 2 2 0 -1
4 3 2 1 0 2
haar_y2
-7.269111e-002 0 -1
2.525876e-001 -1.498931e-002 
1
2
4 0 1 3 0 -1
3 1 1 1 0 3
tilted_haar_y3
-2.856318e-001 0 -1
1.460439e-001 -2.201874e-002 
1
3
4 1 2 2 0 -1
4 1 1 1 0 2
5 2 1 1 0 2
haar_x2_y2
1.812432e-002 0 -1
-5.140473e-002 6.942173e-002 
1
2
3 5 3 1 0 -1
4 5 1 1 0 3
haar_x3
1.494727e-002 0 -1
2.883411e-002 -1.045244e-001 
1
3
4 1 2 2 0 -1
4 1 1 1 0 2
5 2 1 1 0 2
haar_x2_y2
-1.690540e-003 0 -1
6.638384e-002 -4.525379e-002 
1
2
4 3 2 3 0 -1
4 4 2 1 0 3
haar_y3
-2.670490e-001 0 -1
-5.228912e-001 5.998114e-003 
1
3
0 0 2 4 0 -1
0 0 1 2 0 2
1 2 1 2 0 2
haar_x2_y2
1.583192e-001 0 -1
1.088710e-002 -2.658297e-001 
1
3
3 2 2 2 0 -1
3 2 1 1 0 2
4 3 1 1 0 2
haar_x2_y2
1.734647e-002 0 -1
-5.347742e-002 6.296028e-002 
1
2
3 4 2 1 0 -1
4 4 1 1 0 2
haar_x2
2.810995e-002 0 -1
3.564721e-002 -1.117798e-001 
1
3
3 3 2 2 0 -1
3 3 1 1 0 2
4 4 1 1 0 2
haar_x2_y2
1.091157e-002 0 -1
-3.127941e-002 1.400495e-001 
1
2
2 2 3 2 0 -1
3 2 1 2 0 3
haar_x3
-1.035044e-001 0 -1
6.762155e-002 -5.883974e-002 
1
2
2 3 2 1 0 -1
3 3 1 1 0 2
haar_x2
-1.685014e-002 0 -1
-8.424250e-002 4.561273e-002 
1
2
1 0 3 1 0 -1
2 0 1 1 0 3
haar_x3
3.115933e-002 0 -1
2.416908e-002 -1.436842e-001 
1
2
0 0 6 2 0 -1
2 0 2 2 0 3
haar_x3
1.313224e-001 0 -1
-2.704170e-002 1.414610e-001 
1
2
2 0 3 2 0 -1
3 0 1 2 0 3
haar_x3
2.146137e-002 0 -1
3.377386e-002 -1.180927e-001 
1
3
0 2 2 4 0 -1
0 2 1 2 0 2
1 4 1 2 0 2
haar_x2_y2
-1.085297e-001 0 -1
1.962808e-001 -1.959426e-002 
1
2
1 1 3 1 0 -1
2 1 1 1 0 3
haar_x3
5.065762e-002 0 -1
1.618101e-002 -2.296804e-001 
1
2
2 2 2 2 0 -1
2 2 1 2 0 2
tilted_haar_x2
1.394583e-001 0 -1
1.412113e-002 -2.307447e-001 
1
2
0 1 3 3 0 -1
1 1 1 3 0 3
haar_x3
-2.954052e-001 0 -1
3.617246e-001 -1.048410e-002 
1
2
0 3 6 1 0 -1
2 3 2 1 0 3
haar_x3
1.984642e-001 0 -1
6.893609e-003 -5.450444e-001 
1
2
2 0 4 3 0 -1
4 0 2 3 0 2
haar_x2
3.666937e-001 0 -1
1.757699e-002 -1.875611e-001 
1
2
0 0 4 5 0 -1
2 0 2 5 0 2
haar_x2
6.362039e-002 0 -1
-2.220517e-002 1.519294e-001 
1
2
2 0 4 2 0 -1
3 0 2 2 0 2
haar_x4
-1.842201e-001 0 -1
3.412787e-001 -1.031838e-002 
1
2
0 0 3 2 0 -1
1 0 1 2 0 3
haar_x3
7.315569e-002 0 -1
1.572571e-002 -2.418943e-001 
1
2
4 3 2 1 0 -1
4 3 1 1 0 2
tilted_haar_x2
-2.656152e-001 0 -1
2.302090e-001 -1.534288e-002 
-7.107118e-001

16
-1
