43
1
2
2 2 2 4 0 -1
2 4 2 2 0 2
haar_y2
4.153802e-001 0 -1
-3.543485e-001 2.781945e-001 
1
2
0 1 6 3 0 -1
0 2 6 1 0 3
haar_y3
-1.362011e+000 0 -1
-9.597923e-001 7.556022e-002 
1
3
4 3 2 2 0 -1
4 3 1 1 0 2
5 4 1 1 0 2
haar_x2_y2
6.078036e-004 0 -1
-2.508290e-001 2.823646e-001 
1
2
5 1 1 3 0 -1
5 2 1 1 0 3
haar_y3
-9.022405e-004 0 -1
1.410657e-001 -3.572511e-001 
1
3
0 3 2 2 0 -1
0 3 1 1 0 2
1 4 1 1 0 2
haar_x2_y2
-8.103068e-004 0 -1
2.300142e-001 -1.998067e-001 
1
2
0 0 3 2 0 -1
1 0 1 2 0 3
haar_x3
7.388823e-002 0 -1
9.405537e-002 -5.594072e-001 
1
2
1 1 3 4 0 -1
1 2 3 2 0 2
haar_y4
-4.946157e-001 0 -1
3.841393e-001 -1.275922e-001 
1
2
1 0 4 3 0 -1
1 1 4 1 0 3
haar_y3
-2.661056e-001 0 -1
4.999739e-001 -8.553722e-002 
1
2
1 5 3 1 0 -1
2 5 1 1 0 3
haar_x3
4.436127e-002 0 -1
5.009257e-002 -8.135324e-001 
1
2
3 5 3 1 0 -1
4 5 1 1 0 3
haar_x3
2.188755e-002 0 -1
8.734848e-002 -3.597032e-001 
1
2
2 5 3 1 0 -1
3 5 1 1 0 3
haar_x3
3.430693e-002 0 -1
5.945371e-002 -6.130070e-001 
1
3
3 2 2 2 0 -1
3 2 1 1 0 2
4 3 1 1 0 2
haar_x2_y2
4.911035e-002 0 -1
-1.086274e-001 3.245662e-001 
1
3
4 3 2 2 0 -1
4 3 1 1 0 2
5 4 1 1 0 2
haar_x2_y2
-1.746480e-003 0 -1
2.148349e-001 -1.496685e-001 
1
2
4 3 2 1 0 -1
5 3 1 1 0 2
haar_x2
-4.511203e-004 0 -1
2.011919e-001 -1.516168e-001 
1
2
2 0 3 1 0 -1
3 0 1 1 0 3
haar_x3
5.126773e-002 0 -1
4.672704e-002 -5.814234e-001 
1
2
3 0 2 1 0 -1
4 0 1 1 0 2
haar_x2
-1.815872e-003 0 -1
2.083185e-001 -1.780924e-001 
1
2
3 0 3 2 0 -1
4 0 1 2 0 3
haar_x3
-6.947070e-002 0 -1
-3.923996e-001 7.964245e-002 
1
2
4 2 2 1 0 -1
5 2 1 1 0 2
haar_x2
1.569816e-003 0 -1
-2.301573e-001 1.311961e-001 
1
2
5 0 1 2 0 -1
5 1 1 1 0 2
haar_y2
-1.507844e-003 0 -1
1.548611e-001 -1.742377e-001 
1
3
3 1 2 2 0 -1
3 1 1 1 0 2
4 2 1 1 0 2
haar_x2_y2
4.303665e-002 0 -1
-1.200304e-001 2.242710e-001 
1
2
1 0 3 2 0 -1
2 0 1 2 0 3
haar_x3
4.301229e-002 0 -1
7.840995e-002 -3.236933e-001 
1
3
1 2 2 2 0 -1
1 2 1 1 0 2
2 3 1 1 0 2
haar_x2_y2
-1.693774e-003 0 -1
1.705449e-001 -1.579186e-001 
1
2
0 5 3 1 0 -1
1 5 1 1 0 3
haar_x3
2.430276e-002 0 -1
8.055986e-002 -2.882667e-001 
1
2
0 5 2 1 0 -1
1 5 1 1 0 2
haar_x2
4.712730e-004 0 -1
-1.242625e-001 2.056351e-001 
1
2
1 5 3 1 0 -1
2 5 1 1 0 3
haar_x3
-1.264930e-003 0 -1
1.657306e-001 -1.724177e-001 
1
2
2 5 3 1 0 -1
3 5 1 1 0 3
haar_x3
-4.625135e-004 0 -1
1.727957e-001 -1.753372e-001 
1
2
2 5 3 1 0 -1
3 5 1 1 0 3
haar_x3
-2.303539e-002 0 -1
-3.045533e-001 1.047420e-001 
1
2
2 4 2 1 0 -1
3 4 1 1 0 2
haar_x2
3.747598e-002 0 -1
5.217020e-002 -4.192792e-001 
1
2
3 1 2 2 0 -1
3 1 2 1 0 2
tilted_haar_y2
1.434020e-001 0 -1
-4.725000e-002 6.367452e-001 
1
3
1 1 2 2 0 -1
1 1 1 1 0 2
2 2 1 1 0 2
haar_x2_y2
-3.434302e-002 0 -1
2.042133e-001 -1.110253e-001 
1
2
0 1 3 3 0 -1
1 2 1 1 0 9
haar_point
-1.513402e-001 0 -1
1.346274e-001 -1.875796e-001 
1
2
0 1 6 2 0 -1
0 2 6 1 0 2
haar_y2
-6.686662e-001 0 -1
-6.782816e-001 3.679800e-002 
1
2
5 1 1 2 0 -1
5 2 1 1 0 2
haar_y2
-4.511203e-004 0 -1
1.529318e-001 -1.742130e-001 
1
2
2 0 2 1 0 -1
3 0 1 1 0 2
haar_x2
-1.238387e-003 0 -1
1.592387e-001 -1.667302e-001 
1
2
2 4 4 1 0 -1
4 4 2 1 0 2
haar_x2
-1.013275e-001 0 -1
-6.359804e-001 3.769163e-002 
1
2
2 0 2 1 0 -1
3 0 1 1 0 2
haar_x2
1.675650e-003 0 -1
-1.219312e-001 1.773932e-001 
1
2
1 5 3 1 0 -1
2 5 1 1 0 3
haar_x3
4.625135e-004 0 -1
-1.138787e-001 2.030511e-001 
1
2
2 1 3 1 0 -1
3 1 1 1 0 3
haar_x3
6.150081e-002 0 -1
3.758016e-002 -5.753464e-001 
1
2
0 3 3 1 0 -1
1 3 1 1 0 3
haar_x3
-1.049446e-001 0 -1
5.307568e-001 -4.582840e-002 
1
2
0 1 2 2 0 -1
1 1 1 2 0 2
haar_x2
-5.922819e-002 0 -1
-2.018697e-001 1.178291e-001 
1
2
1 1 2 1 0 -1
2 1 1 1 0 2
haar_x2
-1.448943e-003 0 -1
1.226492e-001 -1.746970e-001 
1
2
0 1 3 1 0 -1
1 1 1 1 0 3
haar_x3
-7.575931e-004 0 -1
1.609815e-001 -1.612786e-001 
1
2
3 0 3 1 0 -1
4 0 1 1 0 3
haar_x3
-3.946282e-004 0 -1
1.370402e-001 -1.497429e-001 
-1.148444e+000

6
-1
