32
1
2
3 1 4 1 0 -1
4 2 2 1 0 2
tilted_haar_x4
-7.784045e-002 0 -1
3.875945e-001 -5.056865e-001 
1
2
4 3 2 1 0 -1
4 3 1 1 0 2
tilted_haar_y2
-6.759837e-002 0 -1
2.969908e-001 -8.129712e-002 
1
2
4 3 1 2 0 -1
4 3 1 1 0 2
tilted_haar_y2
-6.039317e-002 0 -1
3.468223e-001 -2.523472e-001 
1
2
5 0 3 2 0 -1
6 0 1 2 0 3
haar_x3
3.425112e-002 0 -1
8.182565e-002 -7.375470e-001 
1
2
0 0 3 2 0 -1
1 0 1 2 0 3
haar_x3
2.555585e-002 0 -1
1.088957e-001 -7.091677e-001 
1
2
1 0 6 3 0 -1
1 1 6 1 0 3
haar_y3
1.371607e-001 0 -1
-1.627029e-001 4.458824e-001 
1
2
1 0 3 2 0 -1
2 0 1 2 0 3
haar_x3
2.145050e-002 0 -1
1.146223e-001 -6.051141e-001 
1
2
3 6 3 2 0 -1
4 6 1 2 0 3
haar_x3
2.008630e-002 0 -1
9.308418e-002 -6.422803e-001 
1
2
1 3 6 3 0 -1
3 4 2 1 0 9
haar_point
-3.488455e-001 0 -1
3.418126e-001 -1.807796e-001 
1
2
3 7 3 1 0 -1
4 7 1 1 0 3
haar_x3
-9.751187e-003 0 -1
-5.518769e-001 1.436627e-001 
1
2
1 3 4 2 0 -1
2 3 2 2 0 2
haar_x4
2.707534e-002 0 -1
-1.401008e-001 4.725908e-001 
1
2
3 7 3 1 0 -1
4 7 1 1 0 3
haar_x3
1.771966e-002 0 -1
5.324218e-002 -6.767802e-001 
1
2
1 3 3 2 0 -1
2 3 1 2 0 3
haar_x3
-2.051227e-002 0 -1
3.610276e-001 -1.534928e-001 
1
2
7 3 1 4 0 -1
7 5 1 2 0 2
haar_y2
-1.459051e-002 0 -1
-5.855511e-001 8.035693e-002 
1
2
1 1 6 3 0 -1
1 2 6 1 0 3
haar_y3
-1.420361e-001 0 -1
3.919111e-001 -1.446767e-001 
1
2
0 0 8 8 0 -1
2 0 4 8 0 2
haar_x4
-6.407593e-002 0 -1
1.591110e-001 -3.471159e-001 
1
2
0 2 8 3 0 -1
0 3 8 1 0 3
haar_y3
-1.910682e-001 0 -1
3.261229e-001 -1.853928e-001 
1
2
3 7 3 1 0 -1
4 7 1 1 0 3
haar_x3
-2.300639e-002 0 -1
-5.955814e-001 4.094687e-002 
1
2
2 7 3 1 0 -1
3 7 1 1 0 3
haar_x3
-1.606563e-002 0 -1
-7.032203e-001 8.421390e-002 
1
2
4 6 2 2 0 -1
4 6 1 2 0 2
haar_x2
-2.310829e-002 0 -1
-3.880641e-001 5.555211e-002 
1
2
2 3 4 3 0 -1
3 3 2 3 0 2
haar_x4
-3.269622e-002 0 -1
1.876440e-001 -2.911869e-001 
1
2
4 6 2 2 0 -1
4 6 1 2 0 2
haar_x2
1.224046e-002 0 -1
5.693597e-002 -3.063155e-001 
1
2
0 2 1 6 0 -1
0 5 1 3 0 2
haar_y2
2.322063e-004 0 -1
-4.948254e-001 1.223897e-001 
1
2
4 7 3 1 0 -1
5 7 1 1 0 3
haar_x3
-1.397575e-002 0 -1
-5.587103e-001 8.312389e-002 
1
2
1 7 3 1 0 -1
2 7 1 1 0 3
haar_x3
-1.572267e-002 0 -1
-5.629777e-001 7.827737e-002 
1
2
5 3 3 2 0 -1
6 3 1 2 0 3
haar_x3
6.991382e-002 0 -1
-8.689136e-002 5.243139e-001 
1
2
0 4 4 1 0 -1
1 4 2 1 0 2
haar_x4
-2.852720e-002 0 -1
5.722927e-001 -1.029400e-001 
1
2
3 1 3 1 0 -1
4 1 1 1 0 3
haar_x3
-1.660716e-002 0 -1
-4.754728e-001 8.536385e-002 
1
2
2 2 4 4 0 -1
2 3 4 2 0 2
haar_y4
1.161264e-002 0 -1
-1.183995e-001 4.261649e-001 
1
2
1 1 6 3 0 -1
1 2 6 1 0 3
haar_y3
9.233828e-002 0 -1
-1.033933e-001 4.570740e-001 
1
2
1 0 3 1 0 -1
2 0 1 1 0 3
haar_x3
-2.102750e-002 0 -1
-6.734944e-001 6.948183e-002 
1
2
2 0 6 6 0 -1
2 3 6 3 0 2
haar_y2
4.914717e-001 0 -1
6.662620e-002 -4.847133e-001 
-1.510311e+000

3
-1
