49
1
2
4 2 2 1 0 -1
4 2 1 1 0 2
tilted_haar_x2
-1.911050e-001 0 -1
3.481482e-001 -2.471296e-001 
1
2
2 0 2 3 0 -1
2 1 2 1 0 3
haar_y3
1.322035e-001 0 -1
-1.578954e-001 4.155706e-001 
1
2
0 2 3 3 0 -1
1 3 1 1 0 9
haar_point
1.840282e-001 0 -1
-1.702530e-001 3.104700e-001 
1
2
3 5 2 1 0 -1
4 5 1 1 0 2
haar_x2
3.534093e-002 0 -1
9.957316e-002 -5.870470e-001 
1
2
2 5 3 1 0 -1
3 5 1 1 0 3
haar_x3
1.722252e-002 0 -1
1.395904e-001 -4.179732e-001 
1
2
0 1 1 2 0 -1
0 2 1 1 0 2
haar_y2
-4.712730e-004 0 -1
1.757511e-001 -2.368757e-001 
1
2
2 0 3 2 0 -1
3 0 1 2 0 3
haar_x3
-8.687331e-002 0 -1
-5.249549e-001 6.933730e-002 
1
2
0 1 6 3 0 -1
2 1 2 3 0 3
haar_x3
-2.031735e-001 0 -1
1.264405e-001 -3.335102e-001 
1
2
2 2 3 3 0 -1
3 3 1 1 0 9
haar_point
2.547027e-001 0 -1
-8.417518e-002 5.167853e-001 
1
2
0 4 6 1 0 -1
3 4 3 1 0 2
haar_x2
1.562370e-001 0 -1
7.445551e-002 -5.159143e-001 
1
2
0 5 3 1 0 -1
1 5 1 1 0 3
haar_x3
3.134692e-002 0 -1
9.186374e-002 -4.408358e-001 
1
2
1 5 3 1 0 -1
2 5 1 1 0 3
haar_x3
2.243741e-002 0 -1
7.941850e-002 -4.190668e-001 
1
2
1 0 3 2 0 -1
2 0 1 2 0 3
haar_x3
-8.037408e-002 0 -1
-4.709916e-001 6.539506e-002 
1
2
0 2 5 4 0 -1
0 4 5 2 0 2
haar_y2
1.531117e+000 0 -1
4.631406e-002 -7.027194e-001 
1
2
1 0 5 4 0 -1
1 2 5 2 0 2
haar_y2
4.005028e-001 0 -1
7.636376e-002 -4.291585e-001 
1
2
3 0 3 1 0 -1
4 0 1 1 0 3
haar_x3
-5.789534e-002 0 -1
-5.248842e-001 4.769115e-002 
1
2
4 0 2 2 0 -1
5 0 1 2 0 2
haar_x2
-5.316009e-002 0 -1
-4.876955e-001 5.700236e-002 
1
3
3 3 2 2 0 -1
3 3 1 1 0 2
4 4 1 1 0 2
haar_x2_y2
-7.334287e-002 0 -1
3.687810e-001 -8.498935e-002 
1
2
4 1 1 3 0 -1
3 2 1 1 0 3
tilted_haar_y3
1.154000e-001 0 -1
-3.877964e-002 6.798434e-001 
1
2
3 4 2 1 0 -1
4 4 1 1 0 2
haar_x2
-4.376539e-002 0 -1
-6.508633e-001 4.425311e-002 
1
2
5 4 1 2 0 -1
5 5 1 1 0 2
haar_y2
1.696947e-003 0 -1
-2.857195e-001 8.971202e-002 
1
2
4 0 2 2 0 -1
4 0 2 1 0 2
tilted_haar_y2
8.869613e-004 0 -1
-2.496051e-001 9.674256e-002 
1
2
5 0 1 6 0 -1
5 3 1 3 0 2
haar_y2
-3.507442e-002 0 -1
-4.610796e-001 5.635520e-002 
1
2
1 1 4 1 0 -1
1 1 2 1 0 2
tilted_haar_x2
-4.556532e-001 0 -1
-5.960971e-001 4.079067e-002 
1
2
0 0 3 1 0 -1
1 0 1 1 0 3
haar_x3
-5.597404e-002 0 -1
-4.416542e-001 5.721007e-002 
1
2
0 2 3 2 0 -1
1 2 1 2 0 3
haar_x3
-9.418863e-002 0 -1
4.057383e-001 -7.640038e-002 
1
2
0 3 2 1 0 -1
1 3 1 1 0 2
haar_x2
4.712730e-004 0 -1
-1.346604e-001 2.135897e-001 
1
2
3 5 3 1 0 -1
4 5 1 1 0 3
haar_x3
-3.474978e-002 0 -1
-4.183506e-001 6.501684e-002 
1
2
2 2 3 2 0 -1
3 2 1 2 0 3
haar_x3
1.677280e-001 0 -1
-4.165549e-002 7.024292e-001 
1
2
0 5 6 1 0 -1
3 5 3 1 0 2
haar_x2
1.243545e-001 0 -1
6.923991e-002 -3.969900e-001 
1
2
2 1 4 3 0 -1
4 1 2 3 0 2
haar_x2
-6.469999e-002 0 -1
-3.580269e-001 6.300282e-002 
1
2
4 4 2 1 0 -1
5 4 1 1 0 2
haar_x2
-5.315175e-002 0 -1
-6.559570e-001 3.086797e-002 
1
2
0 2 2 4 0 -1
0 4 2 2 0 2
haar_y2
4.664192e-001 0 -1
8.268510e-002 -2.627753e-001 
1
2
0 1 6 4 0 -1
0 2 6 2 0 2
haar_y4
-6.001643e-001 0 -1
2.242484e-001 -1.396474e-001 
1
2
2 1 2 3 0 -1
2 2 2 1 0 3
haar_y3
3.151354e-003 0 -1
-5.765130e-002 4.083051e-001 
1
2
1 2 3 3 0 -1
2 3 1 1 0 9
haar_point
2.138378e-001 0 -1
-6.731070e-002 3.617297e-001 
1
2
2 2 4 2 0 -1
3 2 2 2 0 2
haar_x4
1.029823e-001 0 -1
-5.598651e-002 3.567701e-001 
1
2
1 0 3 1 0 -1
2 0 1 1 0 3
haar_x3
-7.072069e-002 0 -1
-6.442436e-001 2.994906e-002 
1
2
1 0 3 1 0 -1
2 0 1 1 0 3
haar_x3
3.100124e-002 0 -1
5.653231e-002 -2.855359e-001 
1
2
0 0 6 1 0 -1
2 0 2 1 0 3
haar_x3
5.699884e-002 0 -1
-8.633363e-002 2.165108e-001 
1
2
2 0 3 1 0 -1
3 0 1 1 0 3
haar_x3
-1.079952e-003 0 -1
1.354386e-001 -1.465555e-001 
1
2
1 0 3 3 0 -1
1 1 3 1 0 3
haar_y3
4.018472e-001 0 -1
-4.083962e-002 4.315544e-001 
1
2
2 0 3 1 0 -1
3 0 1 1 0 3
haar_x3
-7.144052e-002 0 -1
-5.395070e-001 3.509781e-002 
1
2
0 1 2 5 0 -1
1 1 1 5 0 2
haar_x2
-7.648542e-001 0 -1
7.850428e-001 -2.661831e-002 
1
2
0 4 2 2 0 -1
1 4 1 2 0 2
haar_x2
-1.045313e-001 0 -1
-4.376390e-001 5.628170e-002 
1
2
1 3 2 1 0 -1
1 3 1 1 0 2
tilted_haar_x2
-1.608054e-001 0 -1
-3.940404e-001 4.904640e-002 
1
2
1 4 1 2 0 -1
1 5 1 1 0 2
haar_y2
5.999794e-004 0 -1
-2.174962e-001 8.513378e-002 
1
2
1 0 5 4 0 -1
1 2 5 2 0 2
haar_y2
8.609151e-001 0 -1
1.938888e-002 -8.902256e-001 
1
2
4 1 2 1 0 -1
5 1 1 1 0 2
haar_x2
1.393183e-003 0 -1
-1.744719e-001 9.628285e-002 
-1.171990e+000

5
-1
