9
1
2
1 1 6 6 0 -1
3 3 2 2 0 9
haar_point
-7.285359e-001 0 -1
6.957765e-001 -5.647547e-001 
1
2
0 2 8 6 0 -1
0 5 8 3 0 2
haar_y2
6.401399e-001 0 -1
-5.200142e-001 4.777812e-001 
1
2
0 1 8 4 0 -1
0 2 8 2 0 2
haar_y4
-1.585797e-001 0 -1
4.207101e-001 -3.344676e-001 
1
2
3 7 3 1 0 -1
4 7 1 1 0 3
haar_x3
-1.678430e-002 0 -1
-7.815800e-001 1.621238e-001 
1
2
3 7 2 1 0 -1
4 7 1 1 0 2
haar_x2
1.560532e-002 0 -1
1.401895e-001 -9.330502e-001 
1
2
2 7 4 1 0 -1
3 7 2 1 0 2
haar_x4
1.502027e-002 0 -1
1.425063e-001 -7.142653e-001 
1
2
1 7 3 1 0 -1
2 7 1 1 0 3
haar_x3
1.993227e-002 0 -1
1.223137e-001 -8.562945e-001 
1
2
4 0 3 2 0 -1
5 0 1 2 0 3
haar_x3
-2.542609e-002 0 -1
-6.819488e-001 8.689477e-002 
1
2
4 2 4 2 0 -1
5 3 2 2 0 2
tilted_haar_x4
-5.808746e-002 0 -1
2.835148e-001 -3.276284e-001 
-1.338465e+000

1
-1
