21
1
2
3 2 8 3 0 -1
3 3 8 1 0 3
haar_y3
-2.235516e-001 0 -1
5.518906e-001 -2.115222e-001 
1
2
10 0 4 8 0 -1
10 2 4 4 0 2
haar_y4
-5.466198e-002 0 -1
2.070383e-001 -3.721936e-001 
1
3
2 3 8 4 0 -1
2 3 4 2 0 2
6 5 4 2 0 2
haar_x2_y2
-6.102282e-002 0 -1
3.187257e-001 -2.676179e-001 
1
2
10 0 3 8 0 -1
11 0 1 8 0 3
haar_x3
-2.953196e-002 0 -1
-5.210363e-001 1.165390e-001 
1
2
4 1 7 3 0 -1
4 2 7 1 0 3
haar_y3
-2.523477e-001 0 -1
8.216936e-001 -6.559938e-002 
1
2
10 0 3 8 0 -1
11 0 1 8 0 3
haar_x3
2.584812e-002 0 -1
1.196032e-001 -5.048230e-001 
1
2
1 4 3 3 0 -1
2 5 1 1 0 9
haar_point
-1.078550e-002 0 -1
-4.646907e-001 1.414130e-001 
1
2
9 0 2 6 0 -1
9 0 1 6 0 2
tilted_haar_y2
5.419910e-002 0 -1
9.533790e-002 -6.970435e-001 
1
2
1 0 1 2 0 -1
1 1 1 1 0 2
haar_y2
-4.383058e-004 0 -1
1.641414e-001 -3.820819e-001 
1
2
7 3 2 2 0 -1
7 3 1 2 0 2
haar_x2
-1.107445e-002 0 -1
-7.206498e-001 6.523856e-002 
1
2
0 2 4 4 0 -1
2 2 2 4 0 2
haar_x2
-3.608319e-002 0 -1
2.742088e-001 -2.379956e-001 
1
2
13 0 2 3 0 -1
13 1 2 1 0 3
haar_y3
2.790498e-002 0 -1
8.901192e-002 -7.562109e-001 
1
2
0 0 2 3 0 -1
0 1 2 1 0 3
haar_y3
-2.848748e-002 0 -1
-7.260875e-001 8.291277e-002 
1
2
10 5 2 3 0 -1
10 6 2 1 0 3
haar_y3
1.786506e-002 0 -1
5.966148e-002 -4.887599e-001 
1
3
1 6 12 2 0 -1
1 6 6 1 0 2
7 7 6 1 0 2
haar_x2_y2
4.441658e-002 0 -1
9.768973e-002 -6.873430e-001 
1
2
7 0 8 8 0 -1
7 4 8 4 0 2
haar_y2
5.543420e-001 0 -1
8.221920e-002 -5.805609e-001 
1
2
6 4 2 2 0 -1
7 4 1 2 0 2
haar_x2
7.724595e-003 0 -1
9.353553e-002 -6.440009e-001 
1
2
9 1 4 3 0 -1
9 2 4 1 0 3
haar_y3
2.518509e-002 0 -1
-1.426397e-001 2.650506e-001 
1
3
0 1 10 2 0 -1
0 1 5 1 0 2
5 2 5 1 0 2
haar_x2_y2
-3.738178e-002 0 -1
4.384305e-001 -1.368816e-001 
1
2
11 2 1 3 0 -1
11 3 1 1 0 3
haar_y3
9.984409e-003 0 -1
-8.460849e-002 3.969279e-001 
1
2
3 6 3 1 0 -1
4 6 1 1 0 3
haar_x3
-6.668937e-003 0 -1
-6.267453e-001 9.843494e-002 
-1.010775e+000

7
-1
