25
1
3
0 0 4 4 0 -1
0 0 2 2 0 2
2 2 2 2 0 2
haar_x2_y2
-1.040889e-001 0 -1
3.375876e-001 -5.331550e-001 
1
2
0 4 1 2 0 -1
0 5 1 1 0 2
haar_y2
1.594914e-003 0 -1
-4.345186e-001 2.323499e-001 
1
2
0 2 3 2 0 -1
0 3 3 1 0 2
haar_y2
1.625197e-003 0 -1
-6.093518e-001 1.269575e-001 
1
2
1 2 5 4 0 -1
1 3 5 2 0 2
haar_y4
5.118271e-001 0 -1
1.261404e-001 -7.966585e-001 
1
2
3 3 3 1 0 -1
4 3 1 1 0 3
haar_x3
3.210506e-002 0 -1
-1.969896e-001 2.376747e-001 
1
2
1 5 2 1 0 -1
2 5 1 1 0 2
haar_x2
-4.213135e-002 0 -1
-5.442190e-001 7.509293e-002 
1
2
4 1 2 2 0 -1
5 1 1 2 0 2
haar_x2
5.460671e-003 0 -1
-2.816216e-001 1.362928e-001 
1
2
3 0 3 2 0 -1
4 0 1 2 0 3
haar_x3
-4.766598e-002 0 -1
-4.379433e-001 1.034258e-001 
1
2
2 3 2 1 0 -1
2 3 1 1 0 2
tilted_haar_x2
-1.344958e-001 0 -1
-5.330020e-001 5.506136e-002 
1
2
3 5 2 1 0 -1
4 5 1 1 0 2
haar_x2
-2.828951e-002 0 -1
-6.380085e-001 5.547613e-002 
1
2
0 3 6 3 0 -1
0 4 6 1 0 3
haar_y3
7.865630e-001 0 -1
2.776473e-002 -8.270931e-001 
1
2
5 1 1 4 0 -1
5 2 1 2 0 2
haar_y4
-7.478266e-002 0 -1
1.615138e-001 -1.967082e-001 
1
2
1 0 2 2 0 -1
2 0 1 2 0 2
haar_x2
7.895849e-002 0 -1
4.741841e-002 -5.560538e-001 
1
2
2 2 3 2 0 -1
3 2 1 2 0 3
haar_x3
-1.170020e-001 0 -1
2.154877e-001 -1.435434e-001 
1
2
1 1 3 1 0 -1
2 1 1 1 0 3
haar_x3
-5.874238e-002 0 -1
-4.365611e-001 6.904479e-002 
1
2
1 2 3 2 0 -1
2 2 1 2 0 3
haar_x3
-9.526954e-002 0 -1
2.089883e-001 -1.379313e-001 
1
2
0 3 1 2 0 -1
0 4 1 1 0 2
haar_y2
-3.615019e-002 0 -1
-5.138862e-001 6.160128e-002 
1
2
2 4 3 1 0 -1
3 4 1 1 0 3
haar_x3
6.227791e-002 0 -1
3.163445e-002 -7.127549e-001 
1
3
1 0 2 4 0 -1
1 0 1 2 0 2
2 2 1 2 0 2
haar_x2_y2
5.310073e-002 0 -1
-5.583721e-002 5.093468e-001 
1
2
2 0 3 3 0 -1
3 1 1 1 0 9
haar_point
3.698485e-001 0 -1
-7.509703e-002 3.432963e-001 
1
2
1 5 3 1 0 -1
2 5 1 1 0 3
haar_x3
3.604508e-002 0 -1
5.140386e-002 -5.310480e-001 
1
2
3 4 2 1 0 -1
4 4 1 1 0 2
haar_x2
4.224964e-002 0 -1
7.083891e-002 -3.106797e-001 
1
2
4 3 2 1 0 -1
5 3 1 1 0 2
haar_x2
1.741595e-001 0 -1
-3.906933e-002 7.465134e-001 
1
3
0 0 6 6 0 -1
0 0 3 3 0 2
3 3 3 3 0 2
haar_x2_y2
-5.716753e-001 0 -1
-3.408409e-001 6.940359e-002 
1
2
0 1 1 4 0 -1
0 2 1 2 0 2
haar_y4
-1.722520e-001 0 -1
-5.809487e-001 3.103365e-002 
-1.135630e+000

9
-1
