155
1
2
1 2 3 3 0 -1
1 3 3 1 0 3
haar_y3
-8.165134e-001 0 -1
4.515628e-001 -2.015634e-001 
1
2
1 0 3 2 0 -1
2 0 1 2 0 3
haar_x3
1.427852e-001 0 -1
-3.843106e-001 1.490511e-001 
1
2
2 1 1 3 0 -1
2 2 1 1 0 3
haar_y3
1.368952e-001 0 -1
-2.113277e-001 1.623140e-001 
1
2
2 0 1 2 0 -1
2 1 1 1 0 2
haar_y2
8.439371e-002 0 -1
1.010450e-001 -5.190172e-001 
1
2
0 2 1 2 0 -1
0 3 1 1 0 2
haar_y2
-1.427736e-001 0 -1
-4.420329e-001 5.873958e-002 
1
2
2 0 1 2 0 -1
2 1 1 1 0 2
haar_y2
-3.730582e-002 0 -1
-3.910434e-001 8.919965e-002 
1
2
0 0 1 4 0 -1
0 1 1 2 0 2
haar_y4
1.235815e-003 0 -1
-2.359597e-001 9.399977e-002 
1
2
3 3 2 1 0 -1
3 3 1 1 0 2
haar_x2
-9.115774e-004 0 -1
1.222721e-001 -3.347279e-001 
1
2
0 2 2 2 0 -1
1 2 1 2 0 2
haar_x2
-2.724624e-003 0 -1
1.027073e-001 -1.931845e-001 
1
3
2 0 2 4 0 -1
3 0 1 2 0 2
2 2 1 2 0 2
haar_x2_y2
5.338800e-002 0 -1
5.558510e-002 -2.945722e-001 
1
2
1 0 1 2 0 -1
1 1 1 1 0 2
haar_y2
2.576484e-003 0 -1
-1.562511e-001 1.077187e-001 
1
2
2 0 1 2 0 -1
2 1 1 1 0 2
haar_y2
-1.174538e-003 0 -1
2.083178e-001 -9.227453e-002 
1
2
2 0 1 2 0 -1
2 1 1 1 0 2
haar_y2
1.061344e-003 0 -1
-1.850133e-001 1.382641e-001 
1
2
2 0 1 2 0 -1
2 1 1 1 0 2
haar_y2
4.508475e-002 0 -1
9.249245e-002 -2.470726e-001 
1
2
1 1 2 1 0 -1
2 1 1 1 0 2
haar_x2
3.518648e-003 0 -1
-2.196057e-001 7.682959e-002 
1
2
3 0 1 2 0 -1
3 0 1 1 0 2
tilted_haar_x2
1.413319e-001 0 -1
6.751643e-002 -6.676487e-002 
1
2
0 1 5 3 0 -1
0 2 5 1 0 3
haar_y3
-5.964779e-001 0 -1
3.868950e-001 -4.731029e-002 
1
2
0 2 5 3 0 -1
0 3 5 1 0 3
haar_y3
-4.677274e-001 0 -1
1.008104e-001 -1.633426e-001 
1
2
0 0 2 2 0 -1
1 0 1 2 0 2
haar_x2
-8.496917e-001 0 -1
7.414927e-001 -2.080812e-002 
1
2
1 3 4 2 0 -1
2 3 2 2 0 2
haar_x4
-1.683489e+000 0 -1
7.950848e-001 -2.912066e-003 
1
2
0 3 4 2 0 -1
1 3 2 2 0 2
haar_x4
-2.996444e-001 0 -1
-3.185740e-001 5.962183e-002 
1
2
3 0 2 4 0 -1
3 2 2 2 0 2
haar_y2
5.209388e-001 0 -1
1.079810e-002 -4.979487e-001 
1
2
0 0 2 4 0 -1
0 2 2 2 0 2
haar_y2
-6.214924e-001 0 -1
-3.441969e-001 4.849781e-002 
1
3
1 0 4 4 0 -1
3 0 2 2 0 2
1 2 2 2 0 2
haar_x2_y2
1.699656e-001 0 -1
3.753237e-002 -2.185709e-001 
1
3
0 1 2 2 0 -1
0 1 1 1 0 2
1 2 1 1 0 2
haar_x2_y2
2.677087e-003 0 -1
-1.228680e-001 1.321105e-001 
1
3
2 1 2 2 0 -1
3 1 1 1 0 2
2 2 1 1 0 2
haar_x2_y2
-6.206230e-002 0 -1
-2.255252e-001 7.208169e-002 
1
3
1 1 2 4 0 -1
1 1 1 2 0 2
2 3 1 2 0 2
haar_x2_y2
-8.691092e-002 0 -1
9.961253e-002 -1.586844e-001 
1
2
3 0 1 2 0 -1
3 0 1 1 0 2
tilted_haar_x2
-3.437082e-001 0 -1
5.616057e-001 -4.786404e-003 
1
2
2 0 2 1 0 -1
2 0 1 1 0 2
tilted_haar_x2
2.697692e-001 0 -1
-2.431473e-002 6.330793e-001 
1
2
2 3 2 2 0 -1
2 3 1 2 0 2
haar_x2
-1.237389e-003 0 -1
8.164661e-002 -6.771614e-002 
1
2
1 3 3 2 0 -1
2 3 1 2 0 3
haar_x3
-1.092655e-001 0 -1
-2.198566e-001 8.394027e-002 
1
3
3 3 2 2 0 -1
4 3 1 1 0 2
3 4 1 1 0 2
haar_x2_y2
-1.271720e-001 0 -1
3.399355e-001 -3.753383e-002 
1
2
1 0 1 3 0 -1
1 1 1 1 0 3
haar_y3
-7.397918e-002 0 -1
-3.367610e-001 3.961728e-002 
1
2
3 0 2 2 0 -1
3 0 1 2 0 2
tilted_haar_y2
-4.698758e-001 0 -1
-1.000000e+000 2.682448e-003 
1
2
2 0 2 2 0 -1
2 0 2 1 0 2
tilted_haar_y2
5.922477e-001 0 -1
2.679016e-002 -3.856630e-001 
1
2
4 1 1 4 0 -1
4 3 1 2 0 2
haar_y2
-1.769560e-003 0 -1
6.262930e-002 -2.430401e-001 
1
2
0 1 1 4 0 -1
0 3 1 2 0 2
haar_y2
-3.234515e-001 0 -1
-2.571960e-001 5.929607e-002 
1
2
3 1 1 4 0 -1
3 3 1 2 0 2
haar_y2
-1.756763e-001 0 -1
-6.086033e-002 1.170056e-001 
1
2
1 1 1 4 0 -1
1 3 1 2 0 2
haar_y2
-4.554997e-001 0 -1
2.931092e-001 -5.289624e-002 
1
2
2 2 2 1 0 -1
2 2 1 1 0 2
haar_x2
1.138329e-003 0 -1
-1.038010e-001 4.740233e-002 
1
2
1 0 2 4 0 -1
1 1 2 2 0 2
haar_y4
5.572732e-001 0 -1
4.108703e-002 -3.086596e-001 
1
2
1 0 4 1 0 -1
2 0 2 1 0 2
haar_x4
-3.668653e-001 0 -1
4.898797e-001 -1.568316e-002 
1
2
1 2 2 1 0 -1
2 2 1 1 0 2
haar_x2
1.775239e-003 0 -1
-1.435140e-001 7.358166e-002 
1
2
1 2 3 1 0 -1
2 2 1 1 0 3
haar_x3
-1.335191e-003 0 -1
2.063028e-001 -6.411691e-002 
1
2
0 0 4 4 0 -1
0 2 4 2 0 2
haar_y2
-1.599290e-001 0 -1
-5.068728e-002 2.162508e-001 
1
2
4 0 1 2 0 -1
4 1 1 1 0 2
haar_y2
-5.979408e-002 0 -1
-2.397880e-001 4.450436e-002 
1
2
0 0 1 2 0 -1
0 1 1 1 0 2
haar_y2
-2.956134e-003 0 -1
1.600329e-001 -7.868958e-002 
1
3
3 0 2 2 0 -1
4 0 1 1 0 2
3 1 1 1 0 2
haar_x2_y2
-3.844934e-002 0 -1
1.143685e-001 -6.252081e-002 
1
2
0 1 1 4 0 -1
0 2 1 2 0 2
haar_y4
2.305520e-001 0 -1
2.302959e-002 -4.705898e-001 
1
2
4 3 1 2 0 -1
4 4 1 1 0 2
haar_y2
1.733651e-001 0 -1
2.486134e-002 -2.794471e-001 
1
3
0 0 2 2 0 -1
0 0 1 1 0 2
1 1 1 1 0 2
haar_x2_y2
-9.115774e-004 0 -1
1.052415e-001 -1.041674e-001 
1
2
1 0 3 4 0 -1
1 1 3 2 0 2
haar_y4
5.365698e-001 0 -1
-1.114052e-001 1.069444e-001 
1
3
0 1 2 2 0 -1
0 1 1 1 0 2
1 2 1 1 0 2
haar_x2_y2
-2.546912e-003 0 -1
1.286240e-001 -1.048390e-001 
1
3
2 1 2 2 0 -1
3 1 1 1 0 2
2 2 1 1 0 2
haar_x2_y2
-1.103127e-003 0 -1
7.470135e-002 -8.321589e-002 
1
3
0 3 2 2 0 -1
0 3 1 1 0 2
1 4 1 1 0 2
haar_x2_y2
-1.709715e-001 0 -1
3.952945e-001 -2.662354e-002 
1
2
4 3 1 2 0 -1
4 4 1 1 0 2
haar_y2
3.664676e-003 0 -1
-1.114006e-001 1.343912e-001 
1
2
0 3 1 2 0 -1
0 4 1 1 0 2
haar_y2
1.203343e-001 0 -1
5.317065e-002 -2.912168e-001 
1
2
4 1 1 2 0 -1
4 2 1 1 0 2
haar_y2
-2.652939e-003 0 -1
8.756111e-002 -1.790040e-001 
1
2
0 0 4 1 0 -1
1 0 2 1 0 2
haar_x4
-3.746665e-001 0 -1
5.555950e-001 -1.941722e-002 
1
2
4 0 1 4 0 -1
4 0 1 2 0 2
tilted_haar_x2
5.937980e-002 0 -1
-1.440956e-001 3.649518e-002 
1
2
1 0 3 4 0 -1
2 0 1 4 0 3
haar_x3
5.937563e-001 0 -1
-7.427512e-002 1.467042e-001 
1
2
1 1 4 2 0 -1
1 1 2 2 0 2
haar_x2
-5.342994e-002 0 -1
-1.050344e-001 4.668956e-002 
1
2
1 4 3 1 0 -1
2 4 1 1 0 3
haar_x3
2.582442e-001 0 -1
1.615129e-002 -5.435552e-001 
1
2
2 3 1 2 0 -1
2 4 1 1 0 2
haar_y2
1.359740e-003 0 -1
-1.130659e-001 7.524778e-002 
1
2
1 0 2 3 0 -1
1 1 2 1 0 3
haar_y3
1.336073e-001 0 -1
9.550111e-002 -1.064844e-001 
1
2
1 2 3 2 0 -1
1 3 3 1 0 2
haar_y2
8.182621e-002 0 -1
-2.982114e-002 3.825070e-001 
1
2
1 0 1 2 0 -1
1 1 1 1 0 2
haar_y2
-8.455256e-002 0 -1
-4.620261e-001 2.616227e-002 
1
2
1 1 4 2 0 -1
1 1 2 2 0 2
haar_x2
4.727701e-001 0 -1
3.561199e-002 -1.914048e-001 
1
2
0 0 4 4 0 -1
1 0 2 4 0 2
haar_x4
6.124564e-001 0 -1
-4.240774e-002 2.441157e-001 
1
2
3 1 2 2 0 -1
3 1 2 1 0 2
tilted_haar_x2
1.913084e-001 0 -1
-1.144272e-001 4.344256e-002 
1
2
2 0 2 2 0 -1
2 0 2 1 0 2
tilted_haar_y2
4.847364e-001 0 -1
4.894628e-002 -2.170699e-001 
1
2
4 1 1 2 0 -1
4 2 1 1 0 2
haar_y2
1.446925e-003 0 -1
-4.824470e-002 1.245753e-001 
1
2
0 1 1 2 0 -1
0 2 1 1 0 2
haar_y2
-1.222191e-003 0 -1
8.150622e-002 -1.714770e-001 
1
2
3 1 2 2 0 -1
3 1 2 1 0 2
tilted_haar_x2
1.124130e+000 0 -1
-8.044929e-004 -9.990237e-001 
1
2
2 1 2 2 0 -1
2 1 1 2 0 2
tilted_haar_x2
-2.670707e-001 0 -1
-4.936081e-001 1.753697e-002 
1
2
2 0 1 2 0 -1
2 1 1 1 0 2
haar_y2
-1.436426e-001 0 -1
-1.000000e+000 6.466284e-003 
1
2
0 1 1 2 0 -1
0 2 1 1 0 2
haar_y2
2.556961e-003 0 -1
-5.569008e-002 1.489708e-001 
1
2
1 0 4 1 0 -1
1 0 2 1 0 2
haar_x2
-1.270601e+000 0 -1
7.213510e-001 -4.060632e-003 
1
2
2 2 1 2 0 -1
2 3 1 1 0 2
haar_y2
-3.503513e-001 0 -1
-9.793052e-001 9.153266e-003 
1
2
1 0 4 1 0 -1
1 0 2 1 0 2
haar_x2
1.422995e-003 0 -1
-6.327932e-002 3.001475e-002 
1
2
0 0 4 1 0 -1
2 0 2 1 0 2
haar_x2
-1.013932e+000 0 -1
7.694870e-001 -9.980061e-003 
1
2
4 0 1 4 0 -1
4 0 1 2 0 2
tilted_haar_x2
1.287814e+000 0 -1
5.014237e-003 -9.997457e-001 
1
2
1 0 4 1 0 -1
1 0 2 1 0 2
tilted_haar_x2
8.136454e-001 0 -1
3.177942e-002 -2.471032e-001 
1
3
1 0 4 4 0 -1
3 0 2 2 0 2
1 2 2 2 0 2
haar_x2_y2
-6.338258e-001 0 -1
-2.986263e-001 2.044323e-002 
1
2
1 0 2 1 0 -1
1 0 1 1 0 2
tilted_haar_x2
3.384076e-001 0 -1
-2.780567e-002 2.987095e-001 
1
2
3 2 2 1 0 -1
3 2 1 1 0 2
haar_x2
2.547657e-001 0 -1
-1.182575e-002 3.757728e-001 
1
3
0 1 4 2 0 -1
0 1 2 1 0 2
2 2 2 1 0 2
haar_x2_y2
2.105713e-001 0 -1
3.248865e-002 -2.612954e-001 
1
3
1 0 4 4 0 -1
3 0 2 2 0 2
1 2 2 2 0 2
haar_x2_y2
-1.524530e-001 0 -1
6.448062e-002 -6.307228e-002 
1
2
0 2 2 1 0 -1
1 2 1 1 0 2
haar_x2
3.126023e-003 0 -1
-9.069294e-002 9.846698e-002 
1
2
2 2 3 1 0 -1
3 2 1 1 0 3
haar_x3
-9.980693e-002 0 -1
9.326736e-002 -5.158966e-002 
1
3
1 1 2 2 0 -1
1 1 1 1 0 2
2 2 1 1 0 2
haar_x2_y2
-4.936568e-002 0 -1
-1.447651e-001 6.037513e-002 
1
3
3 2 2 2 0 -1
4 2 1 1 0 2
3 3 1 1 0 2
haar_x2_y2
-7.302664e-002 0 -1
1.111088e-001 -9.765796e-002 
1
3
0 2 2 2 0 -1
0 2 1 1 0 2
1 3 1 1 0 2
haar_x2_y2
2.806630e-003 0 -1
-5.807783e-002 1.690000e-001 
1
2
2 2 3 1 0 -1
3 2 1 1 0 3
haar_x3
-3.307242e-003 0 -1
4.341032e-002 -6.558175e-002 
1
2
0 3 4 1 0 -1
1 3 2 1 0 2
haar_x4
-7.108259e-002 0 -1
1.000162e-001 -8.435065e-002 
1
2
3 1 1 4 0 -1
3 2 1 2 0 2
haar_y4
-4.257482e-001 0 -1
-3.335215e-001 6.983865e-003 
1
2
0 2 3 1 0 -1
1 2 1 1 0 3
haar_x3
2.654239e-001 0 -1
-2.069139e-002 4.554036e-001 
1
2
4 1 1 2 0 -1
4 2 1 1 0 2
haar_y2
6.749846e-002 0 -1
3.244037e-002 -2.473046e-001 
1
2
1 2 3 3 0 -1
1 3 3 1 0 3
haar_y3
7.751477e-001 0 -1
-1.192923e-002 6.910095e-001 
1
2
2 2 3 3 0 -1
3 2 1 3 0 3
haar_x3
8.737015e-001 0 -1
4.391110e-003 -8.735317e-001 
1
2
0 0 4 5 0 -1
2 0 2 5 0 2
haar_x2
1.248022e+000 0 -1
-2.667185e-002 2.603570e-001 
1
2
1 1 4 2 0 -1
1 1 2 2 0 2
haar_x2
-7.196516e-001 0 -1
-4.579033e-001 1.144105e-002 
1
2
0 1 4 2 0 -1
2 1 2 2 0 2
haar_x2
8.855079e-001 0 -1
6.801714e-003 -9.376591e-001 
1
2
2 2 3 3 0 -1
3 2 1 3 0 3
haar_x3
-2.748808e+000 0 -1
8.655157e-001 -5.358869e-003 
1
2
0 2 3 3 0 -1
1 2 1 3 0 3
haar_x3
5.650220e-001 0 -1
9.074937e-003 -8.358577e-001 
1
3
2 1 2 4 0 -1
3 1 1 2 0 2
2 3 1 2 0 2
haar_x2_y2
-3.331747e-001 0 -1
-2.310266e-001 2.319674e-002 
1
3
1 1 2 4 0 -1
1 1 1 2 0 2
2 3 1 2 0 2
haar_x2_y2
-1.590583e-003 0 -1
4.357823e-002 -1.567381e-001 
1
2
2 1 2 2 0 -1
2 1 1 2 0 2
haar_x2
5.483355e-001 0 -1
-9.106061e-003 6.176607e-001 
1
2
1 1 2 2 0 -1
2 1 1 2 0 2
haar_x2
-1.061344e-003 0 -1
1.574280e-001 -4.629473e-002 
1
2
2 4 2 1 0 -1
2 4 1 1 0 2
haar_x2
-2.520346e-003 0 -1
8.891905e-002 -6.729086e-002 
1
2
1 4 3 1 0 -1
2 4 1 1 0 3
haar_x3
2.792103e-003 0 -1
-1.128319e-001 1.103622e-001 
1
2
1 4 3 1 0 -1
2 4 1 1 0 3
haar_x3
1.002358e-001 0 -1
4.174763e-002 -1.761716e-001 
1
2
0 0 3 1 0 -1
1 0 1 1 0 3
haar_x3
-6.494845e-002 0 -1
8.170727e-002 -8.206596e-002 
1
3
1 0 4 4 0 -1
3 0 2 2 0 2
1 2 2 2 0 2
haar_x2_y2
-5.661797e-001 0 -1
1.860880e-001 -2.177098e-002 
1
2
0 3 2 2 0 -1
1 3 1 2 0 2
haar_x2
-2.672215e-001 0 -1
-2.390186e-001 3.034899e-002 
1
2
0 0 5 3 0 -1
0 1 5 1 0 3
haar_y3
1.766323e-001 0 -1
1.184520e-001 -6.485148e-002 
1
2
0 0 1 3 0 -1
0 1 1 1 0 3
haar_y3
-1.017559e-001 0 -1
-3.273750e-001 2.359767e-002 
1
2
4 0 1 2 0 -1
4 1 1 1 0 2
haar_y2
2.167825e-001 0 -1
-2.571499e-002 3.079225e-001 
1
2
0 0 1 2 0 -1
0 1 1 1 0 2
haar_y2
-2.190188e-001 0 -1
6.483737e-001 -1.156513e-002 
1
2
1 1 3 3 0 -1
1 2 3 1 0 3
haar_y3
9.296068e-001 0 -1
1.311828e-002 -6.007784e-001 
1
3
1 0 2 2 0 -1
1 0 1 1 0 2
2 1 1 1 0 2
haar_x2_y2
1.032710e-003 0 -1
-7.185983e-002 9.207710e-002 
1
3
2 0 2 2 0 -1
3 0 1 1 0 2
2 1 1 1 0 2
haar_x2_y2
1.087350e-001 0 -1
2.557874e-002 -3.647586e-001 
1
3
1 0 2 2 0 -1
1 0 1 1 0 2
2 1 1 1 0 2
haar_x2_y2
3.154403e-002 0 -1
6.055084e-002 -1.626604e-001 
1
2
0 2 5 3 0 -1
0 3 5 1 0 3
haar_y3
-1.943256e+000 0 -1
-6.528820e-001 1.011358e-002 
1
2
0 3 5 2 0 -1
0 4 5 1 0 2
haar_y2
6.073132e-001 0 -1
-4.305430e-002 2.034890e-001 
1
2
1 1 4 2 0 -1
2 1 2 2 0 2
haar_x4
1.379005e-001 0 -1
-3.231924e-002 3.844422e-002 
1
2
0 1 4 2 0 -1
1 1 2 2 0 2
haar_x4
9.074567e-002 0 -1
-9.236655e-002 7.984348e-002 
1
2
3 1 2 1 0 -1
3 1 1 1 0 2
haar_x2
-2.640856e-003 0 -1
9.786182e-002 -8.113361e-002 
1
2
1 0 1 2 0 -1
1 1 1 1 0 2
haar_y2
-8.348909e-004 0 -1
1.253912e-001 -5.754624e-002 
1
2
1 0 3 2 0 -1
1 1 3 1 0 2
haar_y2
3.512487e-003 0 -1
-1.568301e-001 7.035615e-002 
1
2
0 0 4 2 0 -1
1 0 2 2 0 2
haar_x4
-2.148625e-001 0 -1
2.600550e-001 -2.994829e-002 
1
2
0 1 5 3 0 -1
0 2 5 1 0 3
haar_y3
6.981719e-001 0 -1
-5.013891e-002 1.302413e-001 
1
2
1 0 3 4 0 -1
1 2 3 2 0 2
haar_y2
-8.552432e-001 0 -1
1.403391e-001 -5.671335e-002 
1
2
4 0 1 4 0 -1
4 2 1 2 0 2
haar_y2
-7.914232e-002 0 -1
5.523513e-002 -9.063828e-002 
1
2
0 0 1 4 0 -1
0 2 1 2 0 2
haar_y2
-2.924007e-001 0 -1
-2.140615e-001 4.110010e-002 
1
3
1 0 4 4 0 -1
3 0 2 2 0 2
1 2 2 2 0 2
haar_x2_y2
6.135580e-001 0 -1
7.711795e-003 -3.328333e-001 
1
2
0 1 2 1 0 -1
1 1 1 1 0 2
haar_x2
-2.637398e-003 0 -1
8.449116e-002 -7.828927e-002 
1
2
3 0 1 2 0 -1
3 1 1 1 0 2
haar_y2
6.270200e-002 0 -1
4.559396e-002 -1.117645e-001 
1
2
1 0 1 2 0 -1
1 1 1 1 0 2
haar_y2
-4.151556e-002 0 -1
-2.245450e-001 3.486949e-002 
1
2
3 1 1 4 0 -1
3 2 1 2 0 2
haar_y4
-2.177718e-001 0 -1
-1.076303e-001 2.495434e-002 
1
3
0 0 4 2 0 -1
0 0 2 1 0 2
2 1 2 1 0 2
haar_x2_y2
2.242563e-003 0 -1
-7.312732e-002 8.685838e-002 
1
3
3 0 2 2 0 -1
4 0 1 1 0 2
3 1 1 1 0 2
haar_x2_y2
1.138329e-003 0 -1
-6.678601e-002 7.693502e-002 
1
3
0 0 2 2 0 -1
0 0 1 1 0 2
1 1 1 1 0 2
haar_x2_y2
-8.992278e-002 0 -1
1.934407e-001 -4.636505e-002 
1
3
2 0 2 2 0 -1
3 0 1 1 0 2
2 1 1 1 0 2
haar_x2_y2
-3.809015e-001 0 -1
-7.443441e-001 4.355278e-003 
1
3
1 0 2 2 0 -1
1 0 1 1 0 2
2 1 1 1 0 2
haar_x2_y2
-1.186187e-003 0 -1
9.480350e-002 -9.836700e-002 
1
3
2 0 2 2 0 -1
3 0 1 1 0 2
2 1 1 1 0 2
haar_x2_y2
1.116712e-003 0 -1
-5.431570e-002 8.037004e-002 
1
3
0 2 2 2 0 -1
0 2 1 1 0 2
1 3 1 1 0 2
haar_x2_y2
-6.293567e-002 0 -1
8.522483e-002 -8.142168e-002 
1
3
2 0 2 2 0 -1
3 0 1 1 0 2
2 1 1 1 0 2
haar_x2_y2
-2.171310e-003 0 -1
8.369634e-002 -8.985499e-002 
1
3
1 0 2 2 0 -1
1 0 1 1 0 2
2 1 1 1 0 2
haar_x2_y2
1.032710e-003 0 -1
-8.434728e-002 1.167202e-001 
1
2
3 0 1 2 0 -1
3 1 1 1 0 2
haar_y2
6.270200e-002 0 -1
3.364177e-002 -8.318046e-002 
1
2
0 0 5 2 0 -1
0 1 5 1 0 2
haar_y2
4.721524e-001 0 -1
-4.098029e-002 2.403082e-001 
1
2
3 1 1 4 0 -1
3 2 1 2 0 2
haar_y4
-3.439721e-001 0 -1
2.200641e-001 -1.352740e-002 
1
2
1 1 1 4 0 -1
1 2 1 2 0 2
haar_y4
2.918370e-001 0 -1
-1.620566e-002 4.062333e-001 
1
3
1 0 4 4 0 -1
3 0 2 2 0 2
1 2 2 2 0 2
haar_x2_y2
1.286764e-001 0 -1
2.946104e-002 -1.290031e-001 
1
2
1 2 3 3 0 -1
2 2 1 3 0 3
haar_x3
4.170596e-001 0 -1
-3.925969e-002 1.853842e-001 
-1.166336e+000

5
-1
