29
1
2
3 2 2 6 0 -1
3 5 2 3 0 2
haar_y2
2.244520e-001 0 -1
-5.240421e-001 4.279361e-001 
1
2
4 2 3 3 0 -1
3 3 3 1 0 3
tilted_haar_x3
-1.046584e-001 0 -1
3.024397e-001 -1.513764e-001 
1
2
0 5 1 2 0 -1
0 6 1 1 0 2
haar_y2
6.666603e-004 0 -1
-3.629212e-001 2.213979e-001 
1
2
3 6 3 2 0 -1
4 6 1 2 0 3
haar_x3
-2.807103e-002 0 -1
-7.353994e-001 1.183669e-001 
1
2
2 4 4 4 0 -1
3 4 2 4 0 2
haar_x4
-1.433882e-002 0 -1
1.850431e-001 -4.287727e-001 
1
2
4 7 3 1 0 -1
5 7 1 1 0 3
haar_x3
9.142665e-003 0 -1
9.932143e-002 -4.592960e-001 
1
2
1 0 5 3 0 -1
1 1 5 1 0 3
haar_y3
5.292889e-002 0 -1
-2.309425e-001 2.346935e-001 
1
2
4 0 3 2 0 -1
5 0 1 2 0 3
haar_x3
2.670344e-002 0 -1
8.125203e-002 -6.610332e-001 
1
2
1 7 3 1 0 -1
2 7 1 1 0 3
haar_x3
1.689543e-002 0 -1
6.604848e-002 -7.534857e-001 
1
2
4 0 3 3 0 -1
5 1 1 3 0 3
tilted_haar_y3
1.029460e-001 0 -1
-5.150653e-002 3.400105e-001 
1
2
1 0 3 2 0 -1
2 0 1 2 0 3
haar_x3
3.408930e-002 0 -1
5.227508e-002 -8.448666e-001 
1
2
0 2 8 3 0 -1
0 3 8 1 0 3
haar_y3
-1.289799e-001 0 -1
1.919897e-001 -2.151059e-001 
1
2
3 0 1 3 0 -1
2 1 1 1 0 3
tilted_haar_y3
5.677303e-002 0 -1
8.094139e-002 -6.249880e-001 
1
2
3 0 3 2 0 -1
4 0 1 2 0 3
haar_x3
1.835837e-002 0 -1
5.962341e-002 -3.928587e-001 
1
2
2 0 3 2 0 -1
3 0 1 2 0 3
haar_x3
2.814306e-002 0 -1
6.520557e-002 -5.988212e-001 
1
2
0 0 8 1 0 -1
2 0 4 1 0 2
haar_x4
2.340074e-002 0 -1
-1.343221e-001 3.182505e-001 
1
2
0 6 1 2 0 -1
0 7 1 1 0 2
haar_y2
7.112159e-004 0 -1
-2.655682e-001 1.340668e-001 
1
2
0 0 8 8 0 -1
0 4 8 4 0 2
haar_y2
1.380082e+000 0 -1
9.521746e-002 -4.129688e-001 
1
2
2 6 3 2 0 -1
3 6 1 2 0 3
haar_x3
2.008758e-002 0 -1
5.301393e-002 -5.982628e-001 
1
3
4 4 2 2 0 -1
5 4 1 1 0 2
4 5 1 1 0 2
haar_x2_y2
2.763012e-002 0 -1
-6.720144e-002 4.004413e-001 
1
2
0 4 1 3 0 -1
0 5 1 1 0 3
haar_y3
5.599946e-004 0 -1
-2.062436e-001 1.752241e-001 
1
2
2 2 6 3 0 -1
2 2 3 3 0 2
haar_x2
-2.942757e-001 0 -1
-3.605725e-001 6.402934e-002 
1
2
0 5 8 2 0 -1
0 6 8 1 0 2
haar_y2
-1.588070e-001 0 -1
-9.227281e-001 3.687669e-002 
1
2
5 7 3 1 0 -1
6 7 1 1 0 3
haar_x3
-7.022941e-004 0 -1
1.943273e-001 -1.630163e-001 
1
2
0 7 3 1 0 -1
1 7 1 1 0 3
haar_x3
1.509651e-002 0 -1
7.484700e-002 -5.084795e-001 
1
2
2 1 5 3 0 -1
2 2 5 1 0 3
haar_y3
-1.016582e-001 0 -1
2.222711e-001 -1.121421e-001 
1
2
2 0 4 3 0 -1
2 1 4 1 0 3
haar_y3
-8.599979e-002 0 -1
5.004025e-001 -7.577854e-002 
1
3
6 2 2 2 0 -1
7 2 1 1 0 2
6 3 1 1 0 2
haar_x2_y2
1.619077e-002 0 -1
-6.365304e-002 3.093396e-001 
1
2
0 3 6 2 0 -1
3 3 3 2 0 2
haar_x2
-3.906330e-001 0 -1
7.825757e-001 -3.979597e-002 
-1.363405e+000

6
-1
