29
1
2
5 6 5 2 0 -1
5 7 5 1 0 2
haar_y2
3.715428e-002 0 -1
-2.054250e-001 4.049409e-001 
1
2
11 2 2 4 0 -1
11 3 2 2 0 2
haar_y4
-2.830591e-002 0 -1
3.570090e-001 -2.479687e-001 
1
2
2 5 1 2 0 -1
2 5 1 1 0 2
tilted_haar_y2
3.276290e-003 0 -1
-2.293685e-001 2.617119e-001 
1
2
9 0 6 5 0 -1
11 0 2 5 0 3
haar_x3
-1.386747e-002 0 -1
1.942871e-001 -3.272292e-001 
1
2
4 3 6 3 0 -1
6 3 2 3 0 3
haar_x3
8.178155e-002 0 -1
9.594449e-002 -7.585435e-001 
1
2
9 3 2 3 0 -1
8 4 2 1 0 3
tilted_haar_x3
3.991376e-002 0 -1
-1.114991e-001 1.926176e-001 
1
2
3 3 4 2 0 -1
5 3 2 2 0 2
haar_x2
1.430964e-002 0 -1
-2.135984e-001 2.634765e-001 
1
2
10 2 3 2 0 -1
10 3 3 1 0 2
haar_y2
2.522228e-002 0 -1
-9.881420e-002 3.137994e-001 
1
2
3 0 3 4 0 -1
3 1 3 2 0 2
haar_y4
3.793799e-002 0 -1
-1.459952e-001 2.847228e-001 
1
2
12 0 3 2 0 -1
12 1 3 1 0 2
haar_y2
-2.987550e-003 0 -1
1.820140e-001 -4.027854e-001 
1
3
0 0 14 2 0 -1
0 0 7 1 0 2
7 1 7 1 0 2
haar_x2_y2
-4.906569e-002 0 -1
-5.977551e-001 6.708417e-002 
1
2
11 2 1 3 0 -1
11 3 1 1 0 3
haar_y3
4.400922e-003 0 -1
-6.539190e-002 1.511027e-001 
1
2
2 1 3 1 0 -1
3 1 1 1 0 3
haar_x3
1.187075e-002 0 -1
5.023301e-002 -8.257771e-001 
1
2
13 2 2 6 0 -1
13 2 1 6 0 2
haar_x2
-6.606454e-003 0 -1
8.857226e-002 -1.173727e-001 
1
2
6 5 2 2 0 -1
7 5 1 2 0 2
haar_x2
-4.639016e-004 0 -1
1.910008e-001 -2.195514e-001 
1
3
1 6 14 2 0 -1
8 6 7 1 0 2
1 7 7 1 0 2
haar_x2_y2
-3.363421e-002 0 -1
-5.142646e-001 7.107179e-002 
1
3
3 4 4 4 0 -1
3 4 2 2 0 2
5 6 2 2 0 2
haar_x2_y2
2.476427e-002 0 -1
-9.284991e-002 4.879600e-001 
1
2
5 5 5 2 0 -1
5 6 5 1 0 2
haar_y2
-3.168150e-002 0 -1
3.020141e-001 -1.450750e-001 
1
2
2 5 3 3 0 -1
3 6 1 1 0 9
haar_point
-5.005433e-002 0 -1
-7.836577e-001 6.912031e-002 
1
2
5 3 5 3 0 -1
5 4 5 1 0 3
haar_y3
8.656125e-002 0 -1
-1.797525e-001 2.453375e-001 
1
2
0 0 15 3 0 -1
5 1 5 1 0 9
haar_point
-5.076060e-001 0 -1
6.321058e-001 -8.303089e-002 
1
2
6 2 3 3 0 -1
6 3 3 1 0 3
haar_y3
6.328763e-002 0 -1
-9.518285e-002 4.795687e-001 
1
2
0 3 7 4 0 -1
0 5 7 2 0 2
haar_y2
-3.614217e-002 0 -1
-5.719062e-001 8.155508e-002 
1
2
8 7 3 1 0 -1
9 7 1 1 0 3
haar_x3
6.606229e-003 0 -1
6.210355e-002 -5.951895e-001 
1
2
5 0 4 2 0 -1
5 1 4 1 0 2
haar_y2
7.968441e-003 0 -1
-1.916899e-001 2.086574e-001 
1
2
11 2 4 3 0 -1
11 2 2 3 0 2
haar_x2
-3.214416e-002 0 -1
2.214581e-001 -1.923135e-001 
1
3
0 3 14 4 0 -1
0 3 7 2 0 2
7 5 7 2 0 2
haar_x2_y2
-1.570647e-001 0 -1
-6.728225e-001 6.255223e-002 
1
2
8 0 3 4 0 -1
9 1 1 4 0 3
tilted_haar_y3
6.809540e-003 0 -1
-1.616519e-001 1.098021e-001 
1
3
5 0 4 6 0 -1
5 0 2 3 0 2
7 3 2 3 0 2
haar_x2_y2
-4.004230e-002 0 -1
-6.695406e-001 7.071654e-002 
-9.728662e-001

10
-1
