7
1
2
0 0 3 4 0 -1
0 1 3 2 0 2
haar_y4
1.119745e-001 0 -1
-8.016879e-001 5.089692e-001 
1
2
1 0 3 1 0 -1
2 0 1 1 0 3
haar_x3
4.555096e-002 0 -1
-8.308223e-001 3.820669e-001 
1
2
1 0 3 4 0 -1
1 2 3 2 0 2
haar_y2
-7.897912e-003 0 -1
2.422703e-001 -9.379299e-001 
1
2
1 2 3 3 0 -1
1 3 3 1 0 3
haar_y3
-4.252814e-001 0 -1
3.348388e-001 -6.651172e-001 
1
3
1 1 2 4 0 -1
1 1 1 2 0 2
2 3 1 2 0 2
haar_x2_y2
-3.000001e-003 0 -1
2.995225e-001 -5.999244e-001 
1
2
2 3 3 2 0 -1
3 3 1 2 0 3
haar_x3
-2.421457e-003 0 -1
2.135624e-001 -3.376231e-001 
1
2
0 3 3 2 0 -1
1 3 1 2 0 3
haar_x3
-4.510181e-003 0 -1
2.900999e-001 -3.850796e-001 
-1.927352e+000

1
-1
