257
1
2
2 3 3 1 0 -1
3 3 1 1 0 3
haar_x3
-4.276029e-002 0 -1
1.467465e-001 -2.026651e-001 
1
2
1 3 3 1 0 -1
2 3 1 1 0 3
haar_x3
-4.225957e-002 0 -1
1.380045e-001 -1.497339e-001 
1
2
4 0 2 3 0 -1
3 1 2 1 0 3
tilted_haar_y3
-3.603801e-001 0 -1
1.258031e-001 -1.216335e-001 
1
2
0 5 3 1 0 -1
1 5 1 1 0 3
haar_x3
-7.446034e-002 0 -1
-4.865220e-001 2.847630e-002 
1
3
0 3 2 2 0 -1
0 3 1 1 0 2
1 4 1 1 0 2
haar_x2_y2
-1.170014e-002 0 -1
1.326608e-001 -7.177810e-002 
1
2
2 0 4 1 0 -1
4 0 2 1 0 2
haar_x2
-5.772274e-002 0 -1
2.124038e-001 -1.983591e-002 
1
2
4 1 1 3 0 -1
4 2 1 1 0 3
haar_y3
-5.435391e-002 0 -1
8.442764e-002 -1.297721e-001 
1
2
0 4 1 2 0 -1
0 5 1 1 0 2
haar_y2
1.243090e-002 0 -1
-1.165995e-001 7.462645e-002 
1
2
0 3 3 1 0 -1
1 3 1 1 0 3
haar_x3
-2.762444e-002 0 -1
1.660806e-001 -6.428815e-002 
1
2
0 5 4 1 0 -1
2 5 2 1 0 2
haar_x2
1.778621e-002 0 -1
-5.921133e-002 1.578562e-001 
1
2
4 1 1 3 0 -1
3 2 1 1 0 3
tilted_haar_y3
-2.951657e-001 0 -1
1.486822e-001 -6.182896e-002 
1
2
2 0 3 4 0 -1
2 2 3 2 0 2
haar_y2
-4.297444e-001 0 -1
-1.101267e-001 7.112329e-002 
1
2
3 0 3 1 0 -1
4 0 1 1 0 3
haar_x3
-8.817203e-002 0 -1
-4.470026e-001 1.139366e-002 
1
2
0 3 3 3 0 -1
0 4 3 1 0 3
haar_y3
-2.393114e-001 0 -1
-4.080151e-001 1.830873e-002 
1
2
1 1 1 4 0 -1
1 3 1 2 0 2
haar_y2
2.465302e-001 0 -1
1.838567e-002 -3.249363e-001 
1
2
1 4 2 1 0 -1
2 4 1 1 0 2
haar_x2
4.263182e-002 0 -1
1.242432e-002 -4.364049e-001 
1
2
0 0 4 1 0 -1
2 0 2 1 0 2
haar_x2
3.487772e-002 0 -1
-5.338149e-002 1.081548e-001 
1
2
2 0 4 2 0 -1
3 0 2 2 0 2
haar_x4
-2.033129e-002 0 -1
9.043631e-002 -8.133524e-002 
1
2
4 0 2 4 0 -1
4 1 2 2 0 2
haar_y4
-4.079406e-001 0 -1
-4.288255e-001 1.477990e-002 
1
2
1 1 4 1 0 -1
1 1 2 1 0 2
tilted_haar_x2
-4.229251e-001 0 -1
-3.460375e-001 1.455269e-002 
1
2
0 2 2 2 0 -1
0 3 2 1 0 2
haar_y2
9.151103e-002 0 -1
-6.795679e-002 9.227341e-002 
1
2
0 1 3 3 0 -1
0 2 3 1 0 3
haar_y3
-5.111357e-001 0 -1
-2.632501e-001 2.450018e-002 
1
2
0 1 6 2 0 -1
0 2 6 1 0 2
haar_y2
-2.601695e-001 0 -1
9.576391e-002 -9.373739e-002 
1
2
2 0 3 3 0 -1
2 1 3 1 0 3
haar_y3
-2.372954e-001 0 -1
2.364778e-001 -4.010734e-002 
1
2
1 2 4 4 0 -1
2 2 2 4 0 2
haar_x4
7.594198e-002 0 -1
-1.828489e-002 3.584052e-001 
1
2
0 1 2 2 0 -1
1 1 1 2 0 2
haar_x2
-6.455763e-002 0 -1
-1.187248e-001 4.712928e-002 
1
2
0 5 4 1 0 -1
2 5 2 1 0 2
haar_x2
-1.379245e-002 0 -1
8.904653e-002 -7.557096e-002 
1
2
1 5 2 1 0 -1
2 5 1 1 0 2
haar_x2
-3.798132e-002 0 -1
-2.357334e-001 2.333464e-002 
1
2
0 0 6 1 0 -1
2 0 2 1 0 3
haar_x3
-1.393311e-001 0 -1
1.882326e-001 -3.403337e-002 
1
2
3 0 2 2 0 -1
4 0 1 2 0 2
haar_x2
8.142075e-002 0 -1
2.147395e-002 -3.344348e-001 
1
2
2 5 4 1 0 -1
4 5 2 1 0 2
haar_x2
1.300143e-002 0 -1
-7.680709e-002 8.354133e-002 
1
2
2 5 4 1 0 -1
4 5 2 1 0 2
haar_x2
-2.202395e-002 0 -1
1.191991e-001 -4.838657e-002 
1
2
2 2 4 1 0 -1
4 2 2 1 0 2
haar_x2
9.283490e-003 0 -1
-1.308264e-001 4.177475e-002 
1
2
4 0 2 3 0 -1
5 0 1 3 0 2
haar_x2
9.657691e-002 0 -1
3.732020e-002 -1.599598e-001 
1
2
3 2 3 2 0 -1
4 2 1 2 0 3
haar_x3
-2.334282e-001 0 -1
3.228540e-001 -1.818373e-002 
1
2
3 5 3 1 0 -1
4 5 1 1 0 3
haar_x3
-7.152109e-002 0 -1
-3.279327e-001 1.648505e-002 
1
2
4 5 2 1 0 -1
5 5 1 1 0 2
haar_x2
4.415071e-003 0 -1
-7.526337e-002 7.780375e-002 
1
3
0 0 6 4 0 -1
0 0 3 2 0 2
3 2 3 2 0 2
haar_x2_y2
-4.511265e-001 0 -1
1.694277e-001 -3.019562e-002 
1
2
2 5 3 1 0 -1
3 5 1 1 0 3
haar_x3
-2.758290e-002 0 -1
-1.669618e-001 3.063150e-002 
1
2
0 0 2 3 0 -1
1 0 1 3 0 2
haar_x2
4.967208e-002 0 -1
2.384775e-002 -2.017153e-001 
1
2
0 0 2 5 0 -1
1 0 1 5 0 2
haar_x2
1.403042e-002 0 -1
-4.805901e-002 1.029033e-001 
1
2
2 2 3 1 0 -1
3 3 1 1 0 3
tilted_haar_x3
1.090517e-002 0 -1
3.399371e-002 -1.431673e-001 
1
2
4 4 1 2 0 -1
4 5 1 1 0 2
haar_y2
9.396735e-002 0 -1
2.019214e-002 -2.578364e-001 
1
2
3 3 3 3 0 -1
4 4 1 1 0 9
haar_point
4.402661e-002 0 -1
9.509072e-002 -7.283060e-002 
1
2
0 1 3 2 0 -1
1 1 1 2 0 3
haar_x3
5.355654e-002 0 -1
4.308984e-002 -1.368081e-001 
1
2
1 0 2 2 0 -1
2 0 1 2 0 2
haar_x2
9.112209e-002 0 -1
1.013271e-002 -3.919811e-001 
1
2
2 2 3 3 0 -1
3 3 1 1 0 9
haar_point
-4.368841e-001 0 -1
8.956143e-002 -5.037691e-002 
1
2
3 2 1 4 0 -1
3 3 1 2 0 2
haar_y4
2.255943e-003 0 -1
-6.481569e-002 8.961486e-002 
1
3
3 3 2 2 0 -1
3 3 1 1 0 2
4 4 1 1 0 2
haar_x2_y2
1.190618e-002 0 -1
-3.700530e-002 1.477162e-001 
1
2
5 2 1 3 0 -1
4 3 1 1 0 3
tilted_haar_y3
2.322767e-002 0 -1
3.274330e-002 -1.893451e-001 
1
3
4 1 2 4 0 -1
4 1 1 2 0 2
5 3 1 2 0 2
haar_x2_y2
-1.493523e-003 0 -1
6.264512e-002 -8.015103e-002 
1
2
4 4 2 1 0 -1
5 4 1 1 0 2
haar_x2
-5.392605e-002 0 -1
-3.349734e-001 1.466889e-002 
1
3
0 0 6 2 0 -1
0 0 3 1 0 2
3 1 3 1 0 2
haar_x2_y2
-6.862918e-002 0 -1
9.961908e-002 -5.055301e-002 
1
2
3 1 3 1 0 -1
4 1 1 1 0 3
haar_x3
-3.975585e-002 0 -1
-1.392812e-001 3.100410e-002 
1
2
0 3 3 3 0 -1
1 4 1 1 0 9
haar_point
-1.789604e-001 0 -1
1.584147e-001 -2.840984e-002 
1
2
4 0 2 4 0 -1
4 0 1 4 0 2
tilted_haar_x2
7.788968e-001 0 -1
8.286558e-003 -5.731284e-001 
1
2
4 1 1 3 0 -1
4 2 1 1 0 3
haar_y3
-2.351692e-001 0 -1
-3.693671e-001 1.162500e-002 
1
2
0 0 6 6 0 -1
0 3 6 3 0 2
haar_y2
-1.073109e+000 0 -1
-6.885990e-001 5.776127e-003 
1
2
3 2 3 2 0 -1
4 2 1 2 0 3
haar_x3
-5.701718e-002 0 -1
1.136974e-001 -3.727687e-002 
1
2
4 3 2 1 0 -1
5 3 1 1 0 2
haar_x2
-1.508987e-003 0 -1
9.669699e-002 -6.466268e-002 
1
2
5 3 1 2 0 -1
5 4 1 1 0 2
haar_y2
1.015579e-001 0 -1
2.461124e-002 -1.827380e-001 
1
2
2 1 4 1 0 -1
3 2 2 1 0 2
tilted_haar_x4
-2.292953e-001 0 -1
6.504439e-002 -7.402813e-002 
1
2
0 1 4 1 0 -1
1 1 2 1 0 2
haar_x4
-1.654582e-002 0 -1
7.681606e-002 -5.962593e-002 
1
2
0 1 4 2 0 -1
1 1 2 2 0 2
haar_x4
-1.001156e-001 0 -1
-1.280742e-001 4.057834e-002 
1
2
0 1 3 4 0 -1
1 1 1 4 0 3
haar_x3
-5.975038e-002 0 -1
1.163043e-001 -4.068703e-002 
1
2
0 4 2 1 0 -1
1 4 1 1 0 2
haar_x2
-4.241375e-002 0 -1
-1.440714e-001 2.857543e-002 
1
2
0 3 4 1 0 -1
1 3 2 1 0 2
haar_x4
-4.019927e-001 0 -1
6.900971e-001 -7.229378e-003 
1
2
0 0 3 3 0 -1
1 1 1 1 0 9
haar_point
-8.577124e-001 0 -1
-6.428649e-001 6.460917e-003 
1
2
2 5 2 1 0 -1
3 5 1 1 0 2
haar_x2
6.823132e-002 0 -1
4.235622e-003 -8.695093e-001 
1
3
4 4 2 2 0 -1
4 4 1 1 0 2
5 5 1 1 0 2
haar_x2_y2
-1.142625e-001 0 -1
4.096658e-001 -1.138738e-002 
1
2
4 3 1 2 0 -1
4 3 1 1 0 2
tilted_haar_y2
-2.525677e-001 0 -1
-3.069420e-001 1.580873e-002 
1
2
4 2 2 1 0 -1
5 2 1 1 0 2
haar_x2
7.213014e-002 0 -1
2.462076e-002 -1.661488e-001 
1
2
3 2 3 1 0 -1
4 2 1 1 0 3
haar_x3
-2.396285e-002 0 -1
9.481103e-002 -4.561765e-002 
1
2
4 0 2 2 0 -1
4 0 1 2 0 2
tilted_haar_x2
-2.577142e-001 0 -1
3.737956e-001 -1.135770e-002 
1
3
4 0 2 4 0 -1
4 0 1 2 0 2
5 2 1 2 0 2
haar_x2_y2
-2.265027e-001 0 -1
-5.638323e-001 8.317011e-003 
1
2
2 2 3 2 0 -1
3 2 1 2 0 3
haar_x3
-1.425851e-001 0 -1
8.759908e-002 -4.974185e-002 
1
2
0 0 1 6 0 -1
0 2 1 2 0 3
haar_y3
-1.086192e-001 0 -1
5.373612e-002 -8.485585e-002 
1
3
0 2 2 4 0 -1
0 2 1 2 0 2
1 4 1 2 0 2
haar_x2_y2
3.131027e-001 0 -1
-9.721109e-003 5.380867e-001 
1
2
3 4 2 2 0 -1
4 4 1 2 0 2
haar_x2
-5.845249e-002 0 -1
-3.268999e-001 1.152013e-002 
1
2
0 4 6 2 0 -1
2 4 2 2 0 3
haar_x3
2.982121e-001 0 -1
-1.006747e-002 4.600400e-001 
1
2
1 2 2 4 0 -1
2 2 1 4 0 2
haar_x2
-4.439124e-002 0 -1
4.312068e-002 -1.053902e-001 
1
2
1 1 4 4 0 -1
2 1 2 4 0 2
haar_x4
-6.173974e-001 0 -1
-4.770440e-001 9.911606e-003 
1
3
0 0 2 6 0 -1
0 0 1 3 0 2
1 3 1 3 0 2
haar_x2_y2
1.291853e-001 0 -1
2.523362e-002 -1.631809e-001 
1
3
0 2 2 2 0 -1
0 2 1 1 0 2
1 3 1 1 0 2
haar_x2_y2
2.806075e-002 0 -1
-5.369883e-002 8.436029e-002 
1
2
1 1 5 2 0 -1
1 2 5 1 0 2
haar_y2
-6.113148e-001 0 -1
-2.790635e-001 1.418634e-002 
1
2
5 4 1 2 0 -1
5 5 1 1 0 2
haar_y2
6.892005e-003 0 -1
-9.763580e-002 4.058647e-002 
1
2
4 0 2 1 0 -1
5 0 1 1 0 2
haar_x2
-8.422720e-002 0 -1
-6.856152e-001 5.522123e-003 
1
2
1 2 4 2 0 -1
3 2 2 2 0 2
haar_x2
5.640955e-001 0 -1
-5.090763e-003 9.800171e-001 
1
2
1 0 4 1 0 -1
2 0 2 1 0 2
haar_x4
2.614588e-001 0 -1
-2.702860e-003 8.789043e-001 
1
2
5 1 1 3 0 -1
5 2 1 1 0 3
haar_y3
-3.248722e-003 0 -1
3.693238e-002 -1.036380e-001 
1
3
0 2 2 2 0 -1
0 2 1 1 0 2
1 3 1 1 0 2
haar_x2_y2
-1.482099e-002 0 -1
9.542233e-002 -4.028637e-002 
1
3
1 2 4 2 0 -1
1 2 2 1 0 2
3 3 2 1 0 2
haar_x2_y2
2.911305e-001 0 -1
4.117783e-003 -9.388769e-001 
1
2
2 2 3 4 0 -1
2 4 3 2 0 2
haar_y2
9.734151e-001 0 -1
1.107575e-002 -3.082627e-001 
1
2
3 2 1 2 0 -1
3 2 1 1 0 2
tilted_haar_y2
-3.570818e-001 0 -1
4.429864e-001 -8.765412e-003 
1
2
0 5 2 1 0 -1
1 5 1 1 0 2
haar_x2
2.069525e-003 0 -1
-5.189705e-002 7.440284e-002 
1
2
1 4 3 2 0 -1
2 4 1 2 0 3
haar_x3
-2.784408e-003 0 -1
5.237320e-002 -7.753461e-002 
1
2
1 4 3 2 0 -1
2 4 1 2 0 3
haar_x3
-1.218611e-001 0 -1
-2.482264e-001 1.928650e-002 
1
2
0 5 6 1 0 -1
2 5 2 1 0 3
haar_x3
-4.254524e-001 0 -1
2.899764e-001 -1.511340e-002 
1
2
3 0 3 3 0 -1
4 1 1 3 0 3
tilted_haar_x3
-7.945030e-001 0 -1
-2.848040e-001 1.224567e-002 
1
2
0 0 6 2 0 -1
3 0 3 2 0 2
haar_x2
-1.246826e-001 0 -1
7.851458e-002 -5.039137e-002 
1
2
1 1 4 1 0 -1
3 1 2 1 0 2
haar_x2
4.313388e-002 0 -1
-4.518443e-002 1.108004e-001 
1
2
2 1 2 1 0 -1
3 1 1 1 0 2
haar_x2
7.515852e-002 0 -1
8.692584e-003 -4.403060e-001 
1
2
2 1 3 3 0 -1
3 2 1 1 0 9
haar_point
-3.884200e-001 0 -1
5.967893e-002 -6.207235e-002 
1
2
2 0 3 2 0 -1
3 0 1 2 0 3
haar_x3
-1.276971e-001 0 -1
-3.703707e-001 1.051052e-002 
1
2
4 1 1 2 0 -1
4 2 1 1 0 2
haar_y2
5.495631e-003 0 -1
-4.056349e-002 1.017611e-001 
1
2
4 0 1 4 0 -1
4 2 1 2 0 2
haar_y2
2.185259e-001 0 -1
1.181454e-002 -3.812899e-001 
1
2
1 0 4 2 0 -1
1 1 4 1 0 2
haar_y2
5.145866e-002 0 -1
-3.998416e-002 1.073257e-001 
1
2
1 1 4 1 0 -1
2 1 2 1 0 2
haar_x4
-1.384308e-002 0 -1
5.956842e-002 -6.165749e-002 
1
2
2 2 2 3 0 -1
2 3 2 1 0 3
haar_y3
-1.261754e-001 0 -1
6.949563e-002 -5.918164e-002 
1
2
1 4 2 1 0 -1
2 4 1 1 0 2
haar_x2
3.921622e-003 0 -1
-4.219998e-002 9.964913e-002 
1
2
2 3 3 3 0 -1
3 4 1 1 0 9
haar_point
1.611239e-001 0 -1
4.457402e-002 -1.019113e-001 
1
2
1 1 3 4 0 -1
1 3 3 2 0 2
haar_y2
-4.897339e-001 0 -1
-5.429821e-001 6.333710e-003 
1
2
4 1 1 4 0 -1
4 3 1 2 0 2
haar_y2
2.558152e-001 0 -1
1.125293e-002 -3.057337e-001 
1
2
2 1 4 1 0 -1
4 1 2 1 0 2
haar_x2
-2.396373e-001 0 -1
-8.997328e-001 3.566168e-003 
1
3
0 2 4 2 0 -1
0 2 2 1 0 2
2 3 2 1 0 2
haar_x2_y2
-2.995890e-001 0 -1
-4.399840e-001 7.045614e-003 
1
3
3 2 2 2 0 -1
3 2 1 1 0 2
4 3 1 1 0 2
haar_x2_y2
6.241535e-002 0 -1
-3.313826e-002 1.351992e-001 
1
2
3 3 2 2 0 -1
4 3 1 2 0 2
haar_x2
7.217960e-002 0 -1
6.111405e-002 -9.271701e-002 
1
2
0 3 4 1 0 -1
2 3 2 1 0 2
haar_x2
3.697904e-002 0 -1
1.861841e-002 -2.199319e-001 
1
2
1 2 2 2 0 -1
2 2 1 2 0 2
haar_x2
-8.612742e-002 0 -1
-7.198072e-002 6.056841e-002 
1
2
1 3 3 1 0 -1
2 3 1 1 0 3
haar_x3
-8.471072e-002 0 -1
1.093716e-001 -4.451352e-002 
1
2
4 0 2 3 0 -1
4 1 2 1 0 3
haar_y3
3.742947e-001 0 -1
9.978555e-003 -3.857014e-001 
1
2
2 1 4 1 0 -1
2 1 2 1 0 2
tilted_haar_x2
-6.483871e-001 0 -1
6.734979e-001 -5.852985e-003 
1
2
0 0 3 1 0 -1
1 0 1 1 0 3
haar_x3
2.654186e-002 0 -1
2.636997e-002 -1.368261e-001 
1
2
0 0 3 3 0 -1
1 0 1 3 0 3
haar_x3
3.992355e-001 0 -1
-6.731348e-003 6.451762e-001 
1
2
3 0 3 1 0 -1
4 1 1 1 0 3
tilted_haar_x3
-3.306494e-001 0 -1
1.755836e-001 -1.864806e-002 
1
2
4 3 1 3 0 -1
4 4 1 1 0 3
haar_y3
1.432790e-001 0 -1
-1.407775e-002 2.731320e-001 
1
2
2 1 3 3 0 -1
2 2 3 1 0 3
haar_y3
-4.379051e-001 0 -1
1.163181e-001 -3.182159e-002 
1
2
0 0 6 6 0 -1
0 2 6 2 0 3
haar_y3
-1.121266e-001 0 -1
-2.053406e-002 1.863612e-001 
1
2
0 2 3 4 0 -1
0 4 3 2 0 2
haar_y2
2.119949e-001 0 -1
-1.595074e-001 3.074834e-002 
1
2
4 1 2 2 0 -1
4 1 1 2 0 2
tilted_haar_x2
1.323735e-001 0 -1
-2.090415e-002 2.098723e-001 
1
2
1 1 1 3 0 -1
1 2 1 1 0 3
haar_y3
-2.575819e-001 0 -1
-3.949451e-001 8.914252e-003 
1
3
2 1 2 2 0 -1
2 1 1 1 0 2
3 2 1 1 0 2
haar_x2_y2
2.425787e-002 0 -1
-3.822925e-002 1.013454e-001 
1
3
0 2 6 4 0 -1
0 2 3 2 0 2
3 4 3 2 0 2
haar_x2_y2
-2.425835e-001 0 -1
-1.477995e-001 2.880422e-002 
1
2
1 1 4 1 0 -1
3 1 2 1 0 2
haar_x2
2.274961e-001 0 -1
-8.039620e-003 5.332388e-001 
1
2
1 0 4 4 0 -1
1 1 4 2 0 2
haar_y4
-8.757014e-001 0 -1
-5.245864e-001 6.802382e-003 
1
3
4 3 2 2 0 -1
4 3 1 1 0 2
5 4 1 1 0 2
haar_x2_y2
1.468942e-002 0 -1
-3.828094e-002 8.822466e-002 
1
2
5 4 1 2 0 -1
5 5 1 1 0 2
haar_y2
6.730710e-002 0 -1
2.423629e-002 -1.431451e-001 
1
2
2 2 3 3 0 -1
2 3 3 1 0 3
haar_y3
4.270874e-001 0 -1
4.128961e-003 -8.240293e-001 
1
2
4 4 2 2 0 -1
4 5 2 1 0 2
haar_y2
-1.601713e-001 0 -1
-5.228536e-001 5.514593e-003 
1
2
5 0 1 6 0 -1
5 2 1 2 0 3
haar_y3
4.040648e-001 0 -1
-1.033948e-002 3.990418e-001 
1
2
0 1 2 1 0 -1
1 1 1 1 0 2
haar_x2
8.362208e-002 0 -1
5.414301e-003 -7.031002e-001 
1
2
2 1 4 2 0 -1
4 1 2 2 0 2
haar_x2
1.223881e+000 0 -1
2.808082e-003 -8.686756e-001 
1
2
1 4 4 1 0 -1
2 4 2 1 0 2
haar_x4
-1.632864e-001 0 -1
2.129424e-001 -1.600416e-002 
1
2
1 2 3 4 0 -1
2 2 1 4 0 3
haar_x3
-4.418389e-001 0 -1
-4.639521e-001 9.446383e-003 
1
2
2 3 3 3 0 -1
3 4 1 1 0 9
haar_point
-3.480905e-001 0 -1
-2.176779e-001 1.742138e-002 
1
2
0 3 6 3 0 -1
0 4 6 1 0 3
haar_y3
-3.450455e-002 0 -1
1.070317e-001 -3.395825e-002 
1
2
1 0 5 6 0 -1
1 2 5 2 0 3
haar_y3
6.117468e-001 0 -1
5.438344e-003 -5.631958e-001 
1
2
4 3 2 1 0 -1
4 3 1 1 0 2
tilted_haar_x2
1.100916e-001 0 -1
-4.959573e-003 8.067169e-001 
1
2
2 5 3 1 0 -1
3 5 1 1 0 3
haar_x3
-1.984038e-003 0 -1
5.293542e-002 -5.894829e-002 
1
2
2 5 3 1 0 -1
3 5 1 1 0 3
haar_x3
-1.628358e-002 0 -1
-1.114750e-001 4.089316e-002 
1
2
1 4 4 2 0 -1
2 4 2 2 0 2
haar_x4
-1.691671e-002 0 -1
5.116805e-002 -7.197729e-002 
1
2
0 4 6 2 0 -1
2 4 2 2 0 3
haar_x3
1.333873e-001 0 -1
-2.341389e-002 2.097042e-001 
1
2
0 4 2 2 0 -1
1 4 1 2 0 2
haar_x2
7.410315e-002 0 -1
1.468279e-002 -2.397405e-001 
1
2
0 3 2 3 0 -1
0 4 2 1 0 3
haar_y3
-3.247753e-001 0 -1
-7.111984e-001 3.864822e-003 
1
2
0 2 4 3 0 -1
0 3 4 1 0 3
haar_y3
3.540134e-001 0 -1
-1.115450e-002 2.994201e-001 
1
2
2 3 2 2 0 -1
2 4 2 1 0 2
haar_y2
7.153134e-002 0 -1
-1.231232e-001 2.791779e-002 
1
2
1 4 4 1 0 -1
2 4 2 1 0 2
haar_x4
-2.130241e-001 0 -1
3.275152e-001 -1.193000e-002 
1
2
0 1 4 5 0 -1
1 1 2 5 0 2
haar_x4
4.066081e-001 0 -1
-1.138996e-002 3.233978e-001 
1
2
1 1 1 2 0 -1
1 2 1 1 0 2
haar_y2
-1.524315e-001 0 -1
2.612082e-001 -1.198964e-002 
1
2
0 1 4 2 0 -1
0 2 4 1 0 2
haar_y2
-5.159104e-001 0 -1
-2.508709e-001 1.304769e-002 
1
2
2 0 3 2 0 -1
3 0 1 2 0 3
haar_x3
-5.135459e-002 0 -1
-1.292273e-001 2.894813e-002 
1
2
0 0 6 3 0 -1
2 0 2 3 0 3
haar_x3
-8.608215e-001 0 -1
2.320072e-001 -1.891141e-002 
1
2
0 0 3 1 0 -1
1 0 1 1 0 3
haar_x3
-7.825537e-002 0 -1
-2.798049e-001 1.659777e-002 
1
2
1 0 3 1 0 -1
2 0 1 1 0 3
haar_x3
-5.909087e-002 0 -1
-2.925944e-001 1.297667e-002 
1
2
0 0 4 1 0 -1
2 0 2 1 0 2
haar_x2
-4.266813e-002 0 -1
1.007825e-001 -5.302381e-002 
1
2
2 0 4 1 0 -1
3 0 2 1 0 2
haar_x4
2.854897e-002 0 -1
-3.592227e-002 1.297850e-001 
1
2
1 1 5 4 0 -1
1 3 5 2 0 2
haar_y2
-9.166282e-001 0 -1
7.585071e-001 -4.654930e-003 
1
2
0 3 2 1 0 -1
1 3 1 1 0 2
haar_x2
2.063809e-003 0 -1
-4.880232e-002 6.941282e-002 
1
2
0 0 3 6 0 -1
1 2 1 2 0 9
haar_point
-1.369120e-001 0 -1
3.953457e-002 -1.082100e-001 
1
2
1 2 4 2 0 -1
2 2 2 2 0 2
haar_x4
-2.791190e-001 0 -1
1.178938e-001 -3.224147e-002 
1
2
5 2 1 2 0 -1
5 2 1 1 0 2
tilted_haar_y2
1.121576e-001 0 -1
2.632267e-002 -1.968076e-001 
1
2
3 1 3 3 0 -1
4 1 1 3 0 3
haar_x3
4.322960e-001 0 -1
-8.487210e-003 4.633201e-001 
1
2
4 1 2 1 0 -1
5 1 1 1 0 2
haar_x2
-3.941090e-002 0 -1
-2.636985e-001 1.339227e-002 
1
3
0 0 4 6 0 -1
0 0 2 3 0 2
2 3 2 3 0 2
haar_x2_y2
1.210097e-001 0 -1
3.637989e-002 -9.559312e-002 
1
3
0 0 4 6 0 -1
0 0 2 3 0 2
2 3 2 3 0 2
haar_x2_y2
-1.079845e-001 0 -1
-8.532042e-002 5.032827e-002 
1
2
0 0 6 2 0 -1
2 0 2 2 0 3
haar_x3
3.564070e-001 0 -1
-9.342084e-003 3.808139e-001 
1
2
2 0 3 1 0 -1
3 0 1 1 0 3
haar_x3
3.361279e-002 0 -1
2.216897e-002 -1.768224e-001 
1
2
1 0 4 1 0 -1
3 0 2 1 0 2
haar_x2
6.618369e-002 0 -1
-3.183830e-002 1.080229e-001 
1
2
3 0 3 1 0 -1
4 0 1 1 0 3
haar_x3
1.316874e-002 0 -1
4.191785e-002 -1.171430e-001 
1
2
0 0 3 5 0 -1
1 0 1 5 0 3
haar_x3
-4.429067e-001 0 -1
2.841265e-001 -1.241131e-002 
1
2
3 0 3 3 0 -1
4 1 1 3 0 3
tilted_haar_x3
-6.894250e-001 0 -1
-1.974599e-001 1.904995e-002 
1
2
1 0 3 4 0 -1
1 2 3 2 0 2
haar_y2
-7.900687e-001 0 -1
1.881354e-001 -2.269349e-002 
1
2
2 0 3 3 0 -1
2 1 3 1 0 3
haar_y3
-4.128714e-001 0 -1
2.748001e-001 -1.398148e-002 
1
3
1 1 2 2 0 -1
1 1 1 1 0 2
2 2 1 1 0 2
haar_x2_y2
-3.412876e-002 0 -1
6.614932e-002 -5.168140e-002 
1
2
2 4 3 1 0 -1
3 4 1 1 0 3
haar_x3
2.164015e-003 0 -1
-4.058360e-002 8.597723e-002 
1
2
3 4 2 1 0 -1
4 4 1 1 0 2
haar_x2
-4.374415e-002 0 -1
-4.278914e-001 8.376692e-003 
1
2
0 3 3 3 0 -1
1 4 1 1 0 9
haar_point
4.327338e-001 0 -1
-1.880941e-002 1.924961e-001 
1
2
2 0 3 6 0 -1
2 3 3 3 0 2
haar_y2
-1.361895e-001 0 -1
-1.429437e-001 2.378110e-002 
1
2
5 1 1 4 0 -1
5 1 1 2 0 2
tilted_haar_y2
1.959665e-001 0 -1
-1.041760e-002 4.092485e-001 
1
2
4 0 2 4 0 -1
4 0 1 4 0 2
tilted_haar_x2
-1.421272e-001 0 -1
-1.065058e-001 3.170765e-002 
1
2
2 1 2 4 0 -1
2 3 2 2 0 2
haar_y2
4.519989e-001 0 -1
-1.463339e-002 2.840488e-001 
1
2
1 2 3 4 0 -1
1 3 3 2 0 2
haar_y4
3.103017e-001 0 -1
9.728946e-003 -4.176859e-001 
1
2
0 2 2 1 0 -1
1 2 1 1 0 2
haar_x2
-1.980257e-003 0 -1
3.704319e-002 -9.436093e-002 
1
2
2 1 2 2 0 -1
2 1 2 1 0 2
tilted_haar_y2
-3.020844e-001 0 -1
-1.105390e-001 4.141210e-002 
1
2
1 1 2 1 0 -1
1 1 1 1 0 2
tilted_haar_x2
-1.152310e-001 0 -1
1.842515e-001 -2.179510e-002 
1
2
0 2 3 3 0 -1
1 2 1 3 0 3
haar_x3
4.814919e-001 0 -1
8.224350e-003 -5.384628e-001 
1
2
0 2 6 2 0 -1
2 2 2 2 0 3
haar_x3
-2.517144e-001 0 -1
3.445608e-002 -9.744164e-002 
1
3
3 4 2 2 0 -1
3 4 1 1 0 2
4 5 1 1 0 2
haar_x2_y2
1.625828e-002 0 -1
-2.844238e-002 1.207401e-001 
1
3
1 3 2 2 0 -1
1 3 1 1 0 2
2 4 1 1 0 2
haar_x2_y2
-2.170432e-002 0 -1
1.399331e-001 -2.288117e-002 
1
2
1 3 1 2 0 -1
1 4 1 1 0 2
haar_y2
1.764528e-001 0 -1
3.930027e-003 -9.117122e-001 
1
2
1 4 3 2 0 -1
2 4 1 2 0 3
haar_x3
-3.339447e-001 0 -1
-1.000000e+000 1.871408e-003 
1
2
1 1 3 1 0 -1
2 1 1 1 0 3
haar_x3
1.133917e-001 0 -1
5.509076e-003 -4.824123e-001 
1
2
2 0 2 3 0 -1
3 0 1 3 0 2
haar_x2
-2.383902e-001 0 -1
5.683337e-001 -7.331041e-003 
1
2
1 1 2 2 0 -1
1 2 2 1 0 2
haar_y2
1.442526e-001 0 -1
1.044454e-002 -3.606124e-001 
1
2
1 0 1 6 0 -1
1 3 1 3 0 2
haar_y2
4.656100e-003 0 -1
-1.156380e-001 3.106608e-002 
1
2
1 2 5 2 0 -1
1 3 5 1 0 2
haar_y2
-1.504550e-001 0 -1
1.945729e-001 -1.959598e-002 
1
3
0 1 2 2 0 -1
0 1 1 1 0 2
1 2 1 1 0 2
haar_x2_y2
4.036843e-002 0 -1
-2.440003e-002 1.426904e-001 
1
3
0 1 2 2 0 -1
0 1 1 1 0 2
1 2 1 1 0 2
haar_x2_y2
-3.394798e-002 0 -1
9.447408e-002 -4.572342e-002 
1
2
4 0 2 4 0 -1
4 1 2 2 0 2
haar_y4
-6.243112e-002 0 -1
4.732820e-002 -7.613276e-002 
1
2
4 0 2 2 0 -1
4 1 2 1 0 2
haar_y2
-1.794341e-001 0 -1
-1.807954e-001 1.961576e-002 
1
2
3 5 3 1 0 -1
4 5 1 1 0 3
haar_x3
4.911629e-002 0 -1
1.384184e-002 -2.189835e-001 
1
3
0 4 4 2 0 -1
0 4 2 1 0 2
2 5 2 1 0 2
haar_x2_y2
-4.581759e-002 0 -1
1.222011e-001 -2.462325e-002 
1
2
3 4 1 2 0 -1
3 5 1 1 0 2
haar_y2
1.300588e-002 0 -1
-9.700482e-002 3.620935e-002 
1
2
1 4 4 2 0 -1
1 5 4 1 0 2
haar_y2
-3.913403e-002 0 -1
1.910748e-001 -2.165335e-002 
1
2
2 3 1 3 0 -1
2 4 1 1 0 3
haar_y3
1.852960e-001 0 -1
6.649421e-003 -5.665142e-001 
1
2
3 0 3 3 0 -1
2 1 3 1 0 3
tilted_haar_y3
2.769397e-001 0 -1
-1.139322e-002 2.989395e-001 
1
2
2 0 2 4 0 -1
2 2 2 2 0 2
haar_y2
3.283957e-002 0 -1
2.174822e-002 -1.751407e-001 
1
2
3 1 2 2 0 -1
3 1 1 2 0 2
tilted_haar_x2
-4.371737e-001 0 -1
8.817757e-001 -4.232323e-003 
1
2
1 0 2 4 0 -1
1 2 2 2 0 2
haar_y2
-4.430710e-002 0 -1
-3.934440e-002 8.088370e-002 
1
2
0 1 1 3 0 -1
0 2 1 1 0 3
haar_y3
2.144489e-002 0 -1
2.955055e-002 -1.267906e-001 
1
2
3 3 3 2 0 -1
4 3 1 2 0 3
haar_x3
8.556226e-002 0 -1
-3.750494e-002 8.747377e-002 
1
2
3 2 2 2 0 -1
4 2 1 2 0 2
haar_x2
1.049921e-001 0 -1
4.105271e-002 -8.088813e-002 
1
2
5 2 1 2 0 -1
5 2 1 1 0 2
tilted_haar_y2
-4.611145e-002 0 -1
-6.573388e-002 5.548785e-002 
1
2
0 2 4 1 0 -1
2 2 2 1 0 2
haar_x2
5.011421e-002 0 -1
1.362003e-002 -2.511371e-001 
1
2
2 3 3 1 0 -1
3 3 1 1 0 3
haar_x3
2.910363e-002 0 -1
-2.465670e-002 1.854832e-001 
1
2
0 1 6 2 0 -1
0 2 6 1 0 2
haar_y2
2.984981e-001 0 -1
-1.057264e-002 3.028416e-001 
1
2
3 3 1 3 0 -1
3 4 1 1 0 3
haar_y3
1.923295e-003 0 -1
-9.503195e-002 3.590290e-002 
1
2
2 4 3 1 0 -1
3 4 1 1 0 3
haar_x3
5.968745e-002 0 -1
9.368408e-003 -3.477421e-001 
1
2
4 0 2 1 0 -1
5 0 1 1 0 2
haar_x2
-4.675782e-003 0 -1
6.524904e-002 -4.490254e-002 
1
2
4 0 2 1 0 -1
5 0 1 1 0 2
haar_x2
1.746895e-003 0 -1
-5.486055e-002 5.944144e-002 
1
2
0 4 2 2 0 -1
1 4 1 2 0 2
haar_x2
1.345193e-001 0 -1
4.216932e-003 -6.245044e-001 
1
3
1 0 2 2 0 -1
1 0 1 1 0 2
2 1 1 1 0 2
haar_x2_y2
-1.424857e-001 0 -1
-7.958919e-001 2.843004e-003 
1
2
0 0 4 3 0 -1
2 0 2 3 0 2
haar_x2
3.921300e-001 0 -1
-6.493576e-003 5.366176e-001 
1
2
2 2 2 1 0 -1
2 2 1 1 0 2
tilted_haar_x2
-2.341462e-001 0 -1
-7.371878e-001 4.946127e-003 
1
2
2 0 2 2 0 -1
3 0 1 2 0 2
haar_x2
8.556025e-002 0 -1
1.119709e-002 -2.553620e-001 
1
2
1 1 3 1 0 -1
2 1 1 1 0 3
haar_x3
3.980367e-002 0 -1
1.847648e-002 -1.627012e-001 
1
3
2 1 2 2 0 -1
2 1 1 1 0 2
3 2 1 1 0 2
haar_x2_y2
7.370022e-002 0 -1
-1.624871e-002 2.021964e-001 
1
2
3 1 1 2 0 -1
3 2 1 1 0 2
haar_y2
-2.571041e-003 0 -1
3.003329e-002 -1.423801e-001 
1
2
2 0 2 3 0 -1
2 1 2 1 0 3
haar_y3
-1.307713e-001 0 -1
1.429531e-001 -2.893551e-002 
1
2
1 0 2 2 0 -1
1 1 2 1 0 2
haar_y2
5.344043e-003 0 -1
-4.155976e-002 7.385290e-002 
1
2
1 2 2 1 0 -1
2 2 1 1 0 2
haar_x2
-5.061597e-002 0 -1
-7.825144e-002 4.024781e-002 
1
2
1 3 4 2 0 -1
1 4 4 1 0 2
haar_y2
2.543276e-001 0 -1
5.624237e-002 -5.379010e-002 
1
2
3 2 2 4 0 -1
3 3 2 2 0 2
haar_y4
6.396070e-002 0 -1
3.892843e-002 -9.263388e-002 
1
2
0 3 6 3 0 -1
2 4 2 1 0 9
haar_point
8.284488e-001 0 -1
-1.008338e-002 3.448670e-001 
1
2
4 2 2 2 0 -1
4 3 2 1 0 2
haar_y2
6.944926e-002 0 -1
-5.920400e-002 5.676889e-002 
1
2
1 5 2 1 0 -1
2 5 1 1 0 2
haar_x2
4.918823e-002 0 -1
6.595516e-003 -4.463017e-001 
1
2
4 3 2 3 0 -1
4 4 2 1 0 3
haar_y3
-3.429610e-001 0 -1
-9.456080e-001 2.576181e-003 
1
2
3 0 2 2 0 -1
3 0 1 2 0 2
tilted_haar_x2
2.540185e-001 0 -1
-4.217017e-002 7.019307e-002 
1
2
2 0 4 5 0 -1
4 0 2 5 0 2
haar_x2
2.088507e-001 0 -1
-5.615684e-002 5.196076e-002 
1
2
2 4 4 2 0 -1
4 4 2 2 0 2
haar_x2
-4.706093e-002 0 -1
1.100264e-001 -3.648140e-002 
1
2
2 1 3 2 0 -1
3 2 1 2 0 3
tilted_haar_x3
-3.595434e-001 0 -1
-1.025740e-001 2.951323e-002 
1
2
0 2 3 3 0 -1
1 3 1 1 0 9
haar_point
-4.877440e-001 0 -1
1.966086e-001 -2.184253e-002 
1
2
0 5 6 1 0 -1
3 5 3 1 0 2
haar_x2
4.542833e-002 0 -1
-4.026684e-002 8.230222e-002 
1
2
3 5 2 1 0 -1
4 5 1 1 0 2
haar_x2
6.184538e-002 0 -1
1.218133e-002 -3.330764e-001 
1
2
2 5 3 1 0 -1
3 5 1 1 0 3
haar_x3
1.483421e-002 0 -1
2.676389e-002 -1.263517e-001 
1
2
0 5 6 1 0 -1
2 5 2 1 0 3
haar_x3
2.476383e-002 0 -1
-3.607276e-002 8.717433e-002 
1
2
0 1 4 5 0 -1
1 1 2 5 0 2
haar_x4
-1.035133e-001 0 -1
7.060905e-002 -4.290475e-002 
-7.140106e-001

15
-1
