22
1
2
0 5 9 3 0 -1
0 6 9 1 0 3
haar_y3
-1.538639e-001 0 -1
4.789160e-001 -3.195132e-001 
1
2
3 0 4 1 0 -1
4 0 2 1 0 2
haar_x4
7.268910e-003 0 -1
-6.065498e-001 2.382648e-001 
1
2
0 6 4 2 0 -1
2 6 2 2 0 2
haar_x2
-2.108668e-002 0 -1
2.672916e-001 -4.628282e-001 
1
3
8 0 2 4 0 -1
9 0 1 2 0 2
8 2 1 2 0 2
haar_x2_y2
-8.315532e-003 0 -1
3.112423e-001 -2.073445e-001 
1
2
1 0 2 10 0 -1
1 5 2 5 0 2
haar_y2
-4.332945e-002 0 -1
1.467678e-001 -6.847128e-001 
1
2
8 1 1 3 0 -1
7 2 1 1 0 3
tilted_haar_x3
-2.713898e-003 0 -1
2.022544e-001 -1.890152e-001 
1
3
2 2 6 4 0 -1
2 2 3 2 0 2
5 4 3 2 0 2
haar_x2_y2
4.063535e-002 0 -1
1.262015e-001 -6.767783e-001 
1
3
8 0 2 4 0 -1
9 0 1 2 0 2
8 2 1 2 0 2
haar_x2_y2
2.462796e-002 0 -1
5.375081e-003 -5.128371e-001 
1
3
0 0 2 4 0 -1
0 0 1 2 0 2
1 2 1 2 0 2
haar_x2_y2
-5.829665e-003 0 -1
3.471722e-001 -2.451645e-001 
1
2
1 3 8 2 0 -1
3 3 4 2 0 2
haar_x4
3.820390e-002 0 -1
-4.727737e-001 1.615826e-001 
1
2
1 1 3 3 0 -1
2 2 1 1 0 9
haar_point
-5.515626e-002 0 -1
-7.937894e-001 9.194027e-002 
1
2
0 5 10 2 0 -1
0 5 5 2 0 2
haar_x2
1.066483e-001 0 -1
6.807790e-002 -7.991368e-001 
1
2
1 0 7 3 0 -1
1 1 7 1 0 3
haar_y3
-2.221742e-002 0 -1
-6.953104e-001 8.876426e-002 
1
2
5 2 2 2 0 -1
5 3 2 1 0 2
haar_y2
-6.286279e-003 0 -1
-6.850868e-001 7.356494e-002 
1
2
2 1 1 2 0 -1
2 1 1 1 0 2
tilted_haar_y2
1.270241e-002 0 -1
5.840227e-002 -8.629645e-001 
1
2
3 2 5 6 0 -1
3 4 5 2 0 3
haar_y3
-1.945864e-001 0 -1
6.891899e-001 -9.791328e-002 
1
2
1 7 7 2 0 -1
1 8 7 1 0 2
haar_y2
4.524893e-002 0 -1
-2.373829e-001 2.947443e-001 
1
2
2 5 6 4 0 -1
2 7 6 2 0 2
haar_y2
-2.557928e-001 0 -1
6.926551e-001 -1.095082e-001 
1
2
2 3 6 3 0 -1
2 4 6 1 0 3
haar_y3
5.681296e-002 0 -1
-3.028306e-001 2.596205e-001 
1
2
5 0 1 4 0 -1
5 0 1 2 0 2
tilted_haar_x2
6.523564e-003 0 -1
-3.343867e-001 1.356875e-001 
1
3
0 8 4 2 0 -1
0 8 2 1 0 2
2 9 2 1 0 2
haar_x2_y2
5.388647e-003 0 -1
-2.851446e-001 2.537255e-001 
1
2
7 1 3 1 0 -1
8 2 1 1 0 3
tilted_haar_y3
1.419524e-002 0 -1
1.266468e-001 -5.960101e-001 
-1.450698e+000

7
-1
