16
1
2
0 2 1 3 0 -1
0 3 1 1 0 3
haar_y3
-3.087643e-001 0 -1
-8.473173e-001 2.729415e-001 
1
2
4 2 1 2 0 -1
4 2 1 1 0 2
tilted_haar_x2
-3.534652e-002 0 -1
-2.397497e-001 4.100567e-002 
1
2
1 2 2 1 0 -1
1 2 1 1 0 2
tilted_haar_x2
-3.548984e-002 0 -1
-5.878456e-001 2.055487e-001 
1
2
1 1 3 3 0 -1
2 2 1 1 0 9
haar_point
1.200533e+000 0 -1
-9.324959e-002 7.377098e-001 
1
2
2 0 1 4 0 -1
2 2 1 2 0 2
haar_y2
-2.945459e-001 0 -1
4.160763e-001 -2.410147e-001 
1
2
4 2 1 2 0 -1
4 3 1 1 0 2
haar_y2
-1.560368e-001 0 -1
-5.813208e-001 2.096456e-001 
1
2
1 3 3 2 0 -1
2 3 1 2 0 3
haar_x3
-3.606944e-001 0 -1
-7.349722e-001 1.129002e-001 
1
2
4 2 1 3 0 -1
4 3 1 1 0 3
haar_y3
1.558335e-001 0 -1
6.692810e-002 -5.729702e-001 
1
3
1 1 2 4 0 -1
1 1 1 2 0 2
2 3 1 2 0 2
haar_x2_y2
-5.262285e-002 0 -1
1.813374e-001 -3.781961e-001 
1
2
4 2 1 2 0 -1
4 3 1 1 0 2
haar_y2
1.135448e-001 0 -1
4.156788e-002 -4.812546e-001 
1
2
0 1 4 2 0 -1
1 1 2 2 0 2
haar_x4
-9.858730e-002 0 -1
-3.684515e-001 1.350651e-001 
1
2
4 2 1 2 0 -1
4 3 1 1 0 2
haar_y2
-1.141624e-001 0 -1
-2.471062e-001 1.164965e-001 
1
2
0 2 1 2 0 -1
0 3 1 1 0 2
haar_y2
9.718567e-002 0 -1
1.001982e-001 -6.341849e-001 
1
2
1 1 3 2 0 -1
1 2 3 1 0 2
haar_y2
4.400421e-002 0 -1
-1.128141e-001 5.040243e-001 
1
2
0 4 4 1 0 -1
2 4 2 1 0 2
haar_x2
-5.530659e-001 0 -1
8.962824e-001 -4.242379e-002 
1
2
1 0 4 3 0 -1
2 0 2 3 0 2
haar_x4
8.458725e-001 0 -1
5.443995e-002 -6.841907e-001 
-1.228683e+000

7
-1
