267
1
2
0 3 3 1 0 -1
1 3 1 1 0 3
haar_x3
1.033306e-001 0 -1
-8.843104e-002 3.083440e-001 
1
2
3 2 3 3 0 -1
4 3 1 1 0 9
haar_point
2.105587e-001 0 -1
-1.125809e-001 1.684502e-001 
1
2
3 0 2 3 0 -1
3 1 2 1 0 3
haar_y3
1.681907e-001 0 -1
-5.496515e-002 1.605703e-001 
1
2
3 0 3 6 0 -1
3 3 3 3 0 2
haar_y2
2.159057e-001 0 -1
-1.908912e-001 5.309374e-002 
1
2
3 2 3 4 0 -1
3 3 3 2 0 2
haar_y4
1.797306e-001 0 -1
7.619841e-002 -1.465857e-001 
1
2
0 2 1 2 0 -1
0 3 1 1 0 2
haar_y2
7.404736e-002 0 -1
-4.950751e-002 1.432086e-001 
1
2
2 1 3 3 0 -1
3 1 1 3 0 3
haar_x3
-1.392267e-001 0 -1
1.268837e-001 -5.197010e-002 
1
2
4 1 2 3 0 -1
4 2 2 1 0 3
haar_y3
-8.528860e-002 0 -1
5.758907e-002 -1.262835e-001 
1
2
0 0 2 3 0 -1
0 1 2 1 0 3
haar_y3
1.452143e-001 0 -1
-5.366266e-002 1.620720e-001 
1
2
1 5 3 1 0 -1
2 5 1 1 0 3
haar_x3
3.470458e-002 0 -1
1.988071e-002 -3.890189e-001 
1
2
2 5 3 1 0 -1
3 5 1 1 0 3
haar_x3
1.385708e-002 0 -1
2.964227e-002 -1.801393e-001 
1
2
0 5 3 1 0 -1
1 5 1 1 0 3
haar_x3
1.762860e-002 0 -1
5.579119e-002 -1.592022e-001 
1
2
3 5 2 1 0 -1
4 5 1 1 0 2
haar_x2
2.856052e-002 0 -1
2.441300e-002 -2.382002e-001 
1
2
1 0 3 6 0 -1
2 0 1 6 0 3
haar_x3
-1.193794e-001 0 -1
1.019842e-001 -7.503527e-002 
1
2
1 2 3 3 0 -1
2 3 1 1 0 9
haar_point
2.127500e-001 0 -1
-3.794806e-002 2.006497e-001 
1
2
2 3 2 1 0 -1
2 3 1 1 0 2
tilted_haar_x2
5.780201e-003 0 -1
4.656973e-002 -1.647099e-001 
1
3
1 1 4 4 0 -1
1 1 2 2 0 2
3 3 2 2 0 2
haar_x2_y2
1.856422e-001 0 -1
3.126843e-002 -1.926095e-001 
1
2
0 0 6 2 0 -1
3 0 3 2 0 2
haar_x2
-2.532174e-001 0 -1
1.468220e-001 -5.092021e-002 
1
2
2 0 3 2 0 -1
3 0 1 2 0 3
haar_x3
-8.562111e-002 0 -1
-3.182614e-001 1.796522e-002 
1
2
1 1 4 5 0 -1
2 1 2 5 0 2
haar_x4
-1.662398e-001 0 -1
6.216668e-002 -1.030228e-001 
1
2
2 3 3 1 0 -1
3 3 1 1 0 3
haar_x3
1.037340e-001 0 -1
-1.784355e-002 4.674008e-001 
1
2
1 4 2 1 0 -1
2 4 1 1 0 2
haar_x2
-2.260132e-002 0 -1
-1.231695e-001 5.924367e-002 
1
3
3 2 2 2 0 -1
3 2 1 1 0 2
4 3 1 1 0 2
haar_x2_y2
4.930587e-002 0 -1
-4.844227e-002 1.291239e-001 
1
2
3 0 3 1 0 -1
4 0 1 1 0 3
haar_x3
-3.529999e-002 0 -1
-1.681263e-001 3.443919e-002 
1
2
2 0 4 3 0 -1
3 0 2 3 0 2
haar_x4
-2.821530e-001 0 -1
4.884209e-001 -1.349281e-002 
1
2
3 2 3 1 0 -1
4 2 1 1 0 3
haar_x3
1.527625e-001 0 -1
-1.716553e-002 2.711656e-001 
1
2
4 0 2 3 0 -1
5 0 1 3 0 2
haar_x2
-6.313245e-002 0 -1
-2.447306e-001 2.125306e-002 
1
2
0 3 2 1 0 -1
1 3 1 1 0 2
haar_x2
-1.571123e-001 0 -1
4.478395e-001 -1.159527e-002 
1
2
0 5 3 1 0 -1
1 5 1 1 0 3
haar_x3
-1.819938e-002 0 -1
-1.332935e-001 3.944094e-002 
1
2
2 0 3 2 0 -1
3 1 1 2 0 3
tilted_haar_x3
-3.100241e-001 0 -1
-1.270803e-001 4.010467e-002 
1
2
0 1 3 2 0 -1
1 1 1 2 0 3
haar_x3
6.153691e-002 0 -1
3.854943e-002 -1.364029e-001 
1
2
2 2 1 4 0 -1
2 3 1 2 0 2
haar_y4
1.453809e-003 0 -1
-8.046539e-002 6.042349e-002 
1
2
1 1 2 4 0 -1
1 3 2 2 0 2
haar_y2
4.863214e-001 0 -1
1.348203e-002 -3.662348e-001 
1
2
3 3 1 3 0 -1
3 4 1 1 0 3
haar_y3
-4.573758e-002 0 -1
1.939915e-001 -2.539539e-002 
1
2
3 1 3 1 0 -1
4 1 1 1 0 3
haar_x3
-6.271653e-002 0 -1
-2.619615e-001 1.893483e-002 
1
2
1 3 4 3 0 -1
2 3 2 3 0 2
haar_x4
-5.058985e-001 0 -1
-8.874766e-001 4.348114e-003 
1
2
2 1 4 3 0 -1
2 2 4 1 0 3
haar_y3
-6.732529e-001 0 -1
-2.114295e-001 2.022031e-002 
1
2
4 3 2 1 0 -1
5 3 1 1 0 2
haar_x2
1.871058e-001 0 -1
-7.939233e-003 5.813955e-001 
1
2
2 4 3 1 0 -1
3 4 1 1 0 3
haar_x3
-2.040025e-002 0 -1
-9.970810e-002 5.160194e-002 
1
2
0 4 6 2 0 -1
2 4 2 2 0 3
haar_x3
-7.580437e-002 0 -1
6.946027e-002 -7.105349e-002 
1
2
0 5 6 1 0 -1
2 5 2 1 0 3
haar_x3
6.037100e-002 0 -1
-3.153954e-002 1.949180e-001 
1
2
2 0 4 4 0 -1
4 0 2 4 0 2
haar_x2
4.179617e-001 0 -1
3.234287e-002 -1.646370e-001 
1
2
1 2 4 4 0 -1
2 2 2 4 0 2
haar_x4
-2.202148e-001 0 -1
8.009171e-002 -6.306445e-002 
1
2
5 4 1 2 0 -1
5 5 1 1 0 2
haar_y2
-2.654849e-002 0 -1
-2.933087e-001 1.946225e-002 
1
2
3 5 3 1 0 -1
4 5 1 1 0 3
haar_x3
-3.311672e-002 0 -1
-1.906654e-001 2.240889e-002 
1
2
2 5 4 1 0 -1
3 5 2 1 0 2
haar_x4
-2.049157e-002 0 -1
9.745397e-002 -4.919156e-002 
1
2
1 4 2 1 0 -1
2 4 1 1 0 2
haar_x2
9.692704e-004 0 -1
-5.110575e-002 9.366266e-002 
1
3
2 4 2 2 0 -1
2 4 1 1 0 2
3 5 1 1 0 2
haar_x2_y2
-3.498049e-002 0 -1
-1.882112e-001 2.081325e-002 
1
2
1 4 3 1 0 -1
2 4 1 1 0 3
haar_x3
-1.481392e-003 0 -1
5.598903e-002 -7.933690e-002 
1
2
0 4 6 2 0 -1
0 5 6 1 0 2
haar_y2
-1.173557e-001 0 -1
2.898848e-001 -1.528691e-002 
1
2
0 2 3 4 0 -1
0 3 3 2 0 2
haar_y4
2.286305e-001 0 -1
2.674871e-002 -2.049799e-001 
1
2
0 2 4 2 0 -1
0 3 4 1 0 2
haar_y2
4.421840e-001 0 -1
-1.546942e-002 3.248875e-001 
1
2
0 2 2 3 0 -1
1 2 1 3 0 2
haar_x2
-1.365010e-002 0 -1
-5.969896e-002 6.784542e-002 
1
2
0 2 3 1 0 -1
1 2 1 1 0 3
haar_x3
-3.772669e-002 0 -1
1.454787e-001 -3.583364e-002 
1
3
0 2 2 2 0 -1
0 2 1 1 0 2
1 3 1 1 0 2
haar_x2_y2
-3.199281e-002 0 -1
1.618616e-001 -3.352603e-002 
1
2
3 0 1 3 0 -1
2 1 1 1 0 3
tilted_haar_y3
-2.249786e-001 0 -1
-1.783482e-001 2.347888e-002 
1
2
2 1 1 2 0 -1
2 1 1 1 0 2
tilted_haar_y2
1.090780e-001 0 -1
1.752383e-002 -2.689265e-001 
1
2
0 2 1 3 0 -1
0 3 1 1 0 3
haar_y3
-5.862681e-002 0 -1
1.028722e-001 -4.349864e-002 
1
2
0 2 1 2 0 -1
0 3 1 1 0 2
haar_y2
3.398206e-002 0 -1
-8.826450e-002 7.534169e-002 
1
2
0 1 1 3 0 -1
0 2 1 1 0 3
haar_y3
-1.303108e-001 0 -1
-1.388337e-001 3.399588e-002 
1
2
2 0 1 4 0 -1
2 2 1 2 0 2
haar_y2
-3.003294e-001 0 -1
2.138160e-001 -2.362858e-002 
1
3
4 3 2 2 0 -1
4 3 1 1 0 2
5 4 1 1 0 2
haar_x2_y2
-1.365571e-002 0 -1
-8.760060e-002 4.196916e-002 
1
2
3 3 3 1 0 -1
4 3 1 1 0 3
haar_x3
-2.987080e-002 0 -1
1.703200e-001 -3.180381e-002 
1
3
0 1 2 4 0 -1
0 1 1 2 0 2
1 3 1 2 0 2
haar_x2_y2
-3.536484e-002 0 -1
-1.308398e-001 2.954954e-002 
1
2
0 5 4 1 0 -1
1 5 2 1 0 2
haar_x4
9.065005e-002 0 -1
3.487637e-003 -9.072158e-001 
1
2
3 2 2 4 0 -1
3 4 2 2 0 2
haar_y2
6.625270e-001 0 -1
9.501361e-003 -3.352090e-001 
1
3
0 2 2 2 0 -1
0 2 1 1 0 2
1 3 1 1 0 2
haar_x2_y2
-1.294668e-002 0 -1
9.855871e-002 -3.698954e-002 
1
2
4 1 1 2 0 -1
4 1 1 1 0 2
tilted_haar_y2
2.046140e-001 0 -1
1.198162e-002 -3.164158e-001 
1
2
1 0 5 4 0 -1
1 2 5 2 0 2
haar_y2
6.549795e-002 0 -1
3.821892e-002 -1.061326e-001 
1
2
4 1 1 2 0 -1
4 2 1 1 0 2
haar_y2
1.802475e-003 0 -1
-5.113242e-002 9.895108e-002 
1
2
3 0 3 3 0 -1
4 1 1 3 0 3
tilted_haar_x3
-7.940351e-001 0 -1
-3.172692e-001 1.371747e-002 
1
2
0 0 2 6 0 -1
1 0 1 6 0 2
haar_x2
-7.668297e-001 0 -1
5.030109e-001 -9.624764e-003 
1
2
0 0 1 3 0 -1
0 1 1 1 0 3
haar_y3
-6.812231e-002 0 -1
-1.644020e-001 2.462948e-002 
1
3
0 0 6 4 0 -1
0 0 3 2 0 2
3 2 3 2 0 2
haar_x2_y2
-3.482880e-001 0 -1
1.493511e-001 -2.932381e-002 
1
2
0 1 3 1 0 -1
1 1 1 1 0 3
haar_x3
-6.517549e-002 0 -1
-2.511777e-001 1.774564e-002 
1
2
1 2 3 2 0 -1
2 2 1 2 0 3
haar_x3
-1.599304e-001 0 -1
1.209474e-001 -3.696232e-002 
1
2
0 2 2 1 0 -1
1 2 1 1 0 2
haar_x2
-1.762183e-003 0 -1
4.223005e-002 -9.476909e-002 
1
2
0 0 4 2 0 -1
0 1 4 1 0 2
haar_y2
-4.789293e-001 0 -1
2.692991e-001 -1.603969e-002 
1
2
1 1 3 3 0 -1
2 1 1 3 0 3
haar_x3
2.221305e-002 0 -1
-3.282588e-002 1.255210e-001 
1
3
1 2 2 4 0 -1
1 2 1 2 0 2
2 4 1 2 0 2
haar_x2_y2
2.020049e-003 0 -1
-1.390003e-001 3.906769e-002 
1
2
2 0 1 6 0 -1
2 3 1 3 0 2
haar_y2
3.548188e-001 0 -1
-2.181907e-002 1.773030e-001 
1
2
1 0 3 2 0 -1
2 0 1 2 0 3
haar_x3
-6.630340e-002 0 -1
-1.977578e-001 2.249249e-002 
1
2
1 1 1 4 0 -1
1 3 1 2 0 2
haar_y2
2.701506e-001 0 -1
7.534426e-003 -4.346306e-001 
1
2
0 1 4 1 0 -1
1 1 2 1 0 2
haar_x4
-3.465237e-002 0 -1
1.023204e-001 -4.345934e-002 
1
2
2 0 3 4 0 -1
2 1 3 2 0 2
haar_y4
-4.582736e-001 0 -1
-1.351565e-001 3.052674e-002 
1
2
2 0 2 2 0 -1
2 0 2 1 0 2
tilted_haar_y2
-2.256347e-001 0 -1
-1.638093e-001 2.406920e-002 
1
2
5 3 1 2 0 -1
5 3 1 1 0 2
tilted_haar_y2
-1.218416e-001 0 -1
-1.445901e-001 2.824056e-002 
1
2
2 3 2 1 0 -1
3 3 1 1 0 2
haar_x2
4.794696e-002 0 -1
2.584674e-002 -1.500257e-001 
1
2
2 3 3 1 0 -1
3 3 1 1 0 3
haar_x3
2.332559e-002 0 -1
-2.725956e-002 1.550064e-001 
1
2
0 0 4 3 0 -1
2 0 2 3 0 2
haar_x2
-5.643756e-001 0 -1
2.765589e-001 -1.317904e-002 
1
2
1 0 2 2 0 -1
2 0 1 2 0 2
haar_x2
-6.725462e-002 0 -1
-1.867318e-001 2.418579e-002 
1
2
1 1 2 1 0 -1
2 1 1 1 0 2
haar_x2
-1.376505e-003 0 -1
4.711497e-002 -7.649896e-002 
1
2
0 1 2 2 0 -1
1 1 1 2 0 2
haar_x2
-5.887638e-002 0 -1
-9.837035e-002 4.010306e-002 
1
2
0 0 6 1 0 -1
2 0 2 1 0 3
haar_x3
-2.463948e-001 0 -1
2.989655e-001 -1.268244e-002 
1
2
2 0 3 1 0 -1
3 0 1 1 0 3
haar_x3
-6.299919e-002 0 -1
-4.122321e-001 1.164309e-002 
1
2
0 0 6 1 0 -1
2 0 2 1 0 3
haar_x3
5.187992e-001 0 -1
-4.731063e-003 9.193128e-001 
1
2
0 1 6 4 0 -1
0 2 6 2 0 2
haar_y4
-1.166625e+000 0 -1
-3.144105e-001 1.132537e-002 
1
2
1 3 5 2 0 -1
1 4 5 1 0 2
haar_y2
5.545610e-001 0 -1
-1.872473e-002 2.620686e-001 
1
2
2 0 2 1 0 -1
2 0 1 1 0 2
tilted_haar_x2
1.833667e-001 0 -1
-3.212360e-002 1.231303e-001 
1
2
3 1 2 3 0 -1
3 1 1 3 0 2
tilted_haar_x2
-2.371521e-001 0 -1
-1.178328e-001 2.917263e-002 
1
2
1 0 4 3 0 -1
3 0 2 3 0 2
haar_x2
1.525046e-001 0 -1
-3.334964e-002 1.371633e-001 
1
2
2 0 2 1 0 -1
3 0 1 1 0 2
haar_x2
-1.725706e-003 0 -1
5.615983e-002 -7.222943e-002 
1
2
0 3 2 1 0 -1
1 3 1 1 0 2
haar_x2
2.128545e-003 0 -1
-6.092259e-002 6.674704e-002 
1
2
0 3 3 1 0 -1
1 3 1 1 0 3
haar_x3
-2.613160e-002 0 -1
1.338480e-001 -3.273078e-002 
1
2
1 0 3 1 0 -1
2 0 1 1 0 3
haar_x3
3.859518e-002 0 -1
2.112641e-002 -1.856460e-001 
1
2
0 0 6 1 0 -1
2 0 2 1 0 3
haar_x3
1.229383e-001 0 -1
-2.794175e-002 1.607313e-001 
1
2
2 0 3 1 0 -1
3 0 1 1 0 3
haar_x3
3.643106e-002 0 -1
1.936927e-002 -2.027087e-001 
1
2
2 0 2 1 0 -1
3 0 1 1 0 2
haar_x2
3.511740e-002 0 -1
-2.303922e-002 1.753736e-001 
1
2
4 1 1 4 0 -1
4 1 1 2 0 2
tilted_haar_y2
-4.533159e-001 0 -1
6.278035e-002 -5.569662e-002 
1
2
1 1 4 2 0 -1
2 1 2 2 0 2
haar_x4
-1.347897e-001 0 -1
-1.070437e-001 3.756699e-002 
1
2
4 1 2 1 0 -1
4 1 1 1 0 2
tilted_haar_x2
-1.931473e-001 0 -1
1.563446e-001 -2.456726e-002 
1
2
1 0 4 3 0 -1
1 1 4 1 0 3
haar_y3
6.246414e-001 0 -1
-1.506572e-002 2.343305e-001 
1
2
4 4 2 1 0 -1
5 4 1 1 0 2
haar_x2
2.767093e-002 0 -1
2.798546e-002 -1.252811e-001 
1
2
3 3 3 3 0 -1
4 4 1 1 0 9
haar_point
-1.876188e-003 0 -1
8.869445e-002 -4.439816e-002 
1
2
0 0 3 1 0 -1
1 0 1 1 0 3
haar_x3
-7.749569e-002 0 -1
-3.218504e-001 1.161647e-002 
1
2
5 1 1 2 0 -1
5 2 1 1 0 2
haar_y2
4.124351e-002 0 -1
2.065217e-002 -1.761296e-001 
1
2
5 2 1 4 0 -1
5 3 1 2 0 2
haar_y4
2.189262e-001 0 -1
-6.154993e-003 7.156755e-001 
1
2
2 5 3 1 0 -1
3 5 1 1 0 3
haar_x3
6.015596e-002 0 -1
6.431814e-003 -6.756597e-001 
1
2
0 1 3 3 0 -1
0 2 3 1 0 3
haar_y3
-5.411112e-001 0 -1
-2.210210e-001 1.496996e-002 
1
2
1 4 4 2 0 -1
2 4 2 2 0 2
haar_x4
8.453028e-002 0 -1
-1.113790e-002 3.300661e-001 
1
2
1 5 3 1 0 -1
2 5 1 1 0 3
haar_x3
5.645469e-002 0 -1
6.051130e-003 -6.038644e-001 
1
2
5 2 1 2 0 -1
5 2 1 1 0 2
tilted_haar_y2
-1.264022e-001 0 -1
-1.381537e-001 2.450050e-002 
1
3
1 3 4 2 0 -1
1 3 2 1 0 2
3 4 2 1 0 2
haar_x2_y2
-1.046791e-001 0 -1
-1.573351e-001 2.711349e-002 
1
2
2 1 3 3 0 -1
3 2 1 1 0 9
haar_point
4.170641e-001 0 -1
-8.965475e-003 4.219407e-001 
1
2
4 1 1 4 0 -1
4 3 1 2 0 2
haar_y2
-1.401822e-002 0 -1
-1.844458e-001 2.012964e-002 
1
2
0 0 6 3 0 -1
0 1 6 1 0 3
haar_y3
9.549079e-002 0 -1
-6.126160e-002 6.436237e-002 
1
2
4 0 1 3 0 -1
4 1 1 1 0 3
haar_y3
-5.869325e-002 0 -1
1.037069e-001 -3.985667e-002 
1
2
5 0 1 4 0 -1
5 1 1 2 0 2
haar_y4
-1.390380e-001 0 -1
-1.682242e-001 2.555933e-002 
1
2
5 2 1 2 0 -1
5 3 1 1 0 2
haar_y2
1.144289e-001 0 -1
-1.606148e-002 2.368619e-001 
1
2
2 1 3 3 0 -1
3 1 1 3 0 3
haar_x3
-4.064647e-001 0 -1
-5.264093e-001 6.946790e-003 
1
2
4 1 1 3 0 -1
3 2 1 1 0 3
tilted_haar_y3
2.589146e-001 0 -1
-8.343587e-003 5.168844e-001 
1
2
3 4 3 1 0 -1
4 4 1 1 0 3
haar_x3
4.984041e-002 0 -1
2.261999e-002 -1.483732e-001 
1
2
4 2 2 1 0 -1
4 2 1 1 0 2
tilted_haar_x2
-3.142682e-001 0 -1
2.979295e-001 -1.367250e-002 
1
2
3 0 3 1 0 -1
4 0 1 1 0 3
haar_x3
2.040853e-002 0 -1
2.804567e-002 -1.160747e-001 
1
2
0 0 4 1 0 -1
1 0 2 1 0 2
haar_x4
-5.795889e-002 0 -1
1.472786e-001 -2.445976e-002 
1
2
0 0 3 1 0 -1
1 0 1 1 0 3
haar_x3
-4.593715e-002 0 -1
-1.766594e-001 2.337858e-002 
1
2
4 0 1 3 0 -1
3 1 1 1 0 3
tilted_haar_y3
-3.155396e-001 0 -1
1.745564e-001 -2.093269e-002 
1
3
4 1 2 2 0 -1
4 1 1 1 0 2
5 2 1 1 0 2
haar_x2_y2
1.596340e-003 0 -1
-6.281152e-002 5.127363e-002 
1
2
4 3 2 1 0 -1
5 3 1 1 0 2
haar_x2
-4.511203e-004 0 -1
5.840839e-002 -5.837650e-002 
1
3
4 2 2 2 0 -1
4 2 1 1 0 2
5 3 1 1 0 2
haar_x2_y2
3.209624e-002 0 -1
-2.621911e-002 1.494507e-001 
1
3
4 1 2 4 0 -1
4 1 1 2 0 2
5 3 1 2 0 2
haar_x2_y2
2.054300e-002 0 -1
3.503288e-002 -1.150198e-001 
1
3
4 2 2 2 0 -1
4 2 1 1 0 2
5 3 1 1 0 2
haar_x2_y2
1.321942e-003 0 -1
-4.203212e-002 9.249182e-002 
1
2
3 1 3 3 0 -1
4 2 1 1 0 9
haar_point
-2.585145e-003 0 -1
3.296752e-002 -1.041580e-001 
1
2
3 0 3 6 0 -1
4 2 1 2 0 9
haar_point
1.385449e+000 0 -1
-9.136416e-003 4.351511e-001 
1
3
3 3 2 2 0 -1
3 3 1 1 0 2
4 4 1 1 0 2
haar_x2_y2
-2.104928e-001 0 -1
-8.214229e-001 5.118346e-003 
1
2
0 3 6 1 0 -1
2 3 2 1 0 3
haar_x3
1.091118e-001 0 -1
8.021249e-003 -3.369815e-001 
1
3
4 2 2 4 0 -1
4 2 1 2 0 2
5 4 1 2 0 2
haar_x2_y2
-9.469096e-002 0 -1
-1.456975e-001 2.360400e-002 
1
2
3 1 3 3 0 -1
4 1 1 3 0 3
haar_x3
-6.650533e-002 0 -1
1.241241e-001 -2.684521e-002 
1
2
3 1 2 2 0 -1
4 1 1 2 0 2
haar_x2
-5.170482e-002 0 -1
-2.362362e-001 1.377759e-002 
1
2
0 2 3 2 0 -1
0 3 3 1 0 2
haar_y2
-2.611294e-001 0 -1
3.330615e-001 -1.108933e-002 
1
3
0 2 6 2 0 -1
0 2 3 1 0 2
3 3 3 1 0 2
haar_x2_y2
4.538353e-001 0 -1
4.513308e-003 -8.206270e-001 
1
2
2 2 4 4 0 -1
2 3 4 2 0 2
haar_y4
-5.399636e-001 0 -1
-4.700110e-001 5.628655e-003 
1
2
4 2 1 2 0 -1
4 3 1 1 0 2
haar_y2
-7.675733e-002 0 -1
3.813551e-001 -9.859929e-003 
1
2
3 2 2 3 0 -1
3 3 2 1 0 3
haar_y3
-4.914399e-001 0 -1
-7.768959e-001 4.452789e-003 
1
2
4 0 2 3 0 -1
3 1 2 1 0 3
tilted_haar_y3
-6.326853e-001 0 -1
-2.587748e-001 1.093030e-002 
1
2
5 3 1 3 0 -1
5 4 1 1 0 3
haar_y3
1.221482e-001 0 -1
9.133082e-003 -3.406898e-001 
1
2
5 2 1 3 0 -1
5 3 1 1 0 3
haar_y3
-9.819397e-002 0 -1
1.476935e-001 -2.220818e-002 
1
2
1 1 5 4 0 -1
1 2 5 2 0 2
haar_y4
-8.559504e-001 0 -1
-1.528103e-001 2.650630e-002 
1
2
0 1 4 4 0 -1
0 2 4 2 0 2
haar_y4
-5.687873e-001 0 -1
8.300539e-002 -4.918611e-002 
1
2
1 0 2 3 0 -1
1 1 2 1 0 3
haar_y3
-4.539117e-002 0 -1
8.044840e-002 -4.495628e-002 
1
2
0 0 3 1 0 -1
1 0 1 1 0 3
haar_x3
3.254512e-002 0 -1
2.201065e-002 -1.496368e-001 
1
2
0 0 5 4 0 -1
0 2 5 2 0 2
haar_y2
8.505709e-001 0 -1
4.641426e-003 -6.545542e-001 
1
2
3 2 2 1 0 -1
3 2 1 1 0 2
tilted_haar_x2
-3.106412e-001 0 -1
6.370713e-001 -6.390281e-003 
1
3
4 0 2 2 0 -1
4 0 1 1 0 2
5 1 1 1 0 2
haar_x2_y2
-1.975936e-003 0 -1
7.316408e-002 -4.201356e-002 
1
2
2 4 3 2 0 -1
3 4 1 2 0 3
haar_x3
2.688797e-002 0 -1
2.396112e-002 -1.344868e-001 
1
2
0 0 6 6 0 -1
2 0 2 6 0 3
haar_x3
-2.013882e-002 0 -1
-2.021882e-002 1.691788e-001 
1
2
0 1 4 2 0 -1
2 1 2 2 0 2
haar_x2
-2.128902e-002 0 -1
3.144497e-002 -1.162705e-001 
1
3
1 2 2 2 0 -1
1 2 1 1 0 2
2 3 1 1 0 2
haar_x2_y2
-1.516550e-002 0 -1
7.859591e-002 -5.900564e-002 
1
2
2 1 1 3 0 -1
2 2 1 1 0 3
haar_y3
-8.368449e-002 0 -1
5.492814e-002 -7.542410e-002 
1
2
2 4 2 2 0 -1
3 4 1 2 0 2
haar_x2
-2.674482e-002 0 -1
-1.115966e-001 3.343366e-002 
1
2
1 1 4 4 0 -1
3 1 2 4 0 2
haar_x2
-4.990197e-001 0 -1
2.336259e-001 -1.766625e-002 
1
3
0 2 2 2 0 -1
0 2 1 1 0 2
1 3 1 1 0 2
haar_x2_y2
-7.434162e-002 0 -1
2.293659e-001 -1.348250e-002 
1
2
4 5 2 1 0 -1
5 5 1 1 0 2
haar_x2
3.688382e-002 0 -1
2.011357e-002 -1.629278e-001 
1
2
2 1 4 1 0 -1
4 1 2 1 0 2
haar_x2
7.417952e-002 0 -1
-3.539523e-002 9.447279e-002 
1
2
0 2 4 3 0 -1
0 3 4 1 0 3
haar_y3
-2.021520e-001 0 -1
8.604331e-002 -4.477472e-002 
1
2
1 2 1 2 0 -1
1 3 1 1 0 2
haar_y2
2.915946e-002 0 -1
-8.792753e-002 3.851280e-002 
1
2
2 1 4 1 0 -1
2 1 2 1 0 2
tilted_haar_x2
-4.521544e-001 0 -1
-1.177558e-001 2.979876e-002 
1
2
1 2 4 2 0 -1
3 2 2 2 0 2
haar_x2
3.943508e-001 0 -1
-1.075242e-002 3.272049e-001 
1
2
4 2 2 1 0 -1
5 2 1 1 0 2
haar_x2
-1.457624e-001 0 -1
-8.299500e-001 3.665210e-003 
1
2
3 1 2 1 0 -1
4 1 1 1 0 2
haar_x2
8.498038e-002 0 -1
3.799932e-003 -6.051352e-001 
1
2
4 0 2 3 0 -1
5 0 1 3 0 2
haar_x2
1.899939e-001 0 -1
7.272060e-003 -3.730793e-001 
1
2
0 5 3 1 0 -1
1 5 1 1 0 3
haar_x3
-1.676942e-003 0 -1
5.970195e-002 -5.084008e-002 
1
2
0 5 3 1 0 -1
1 5 1 1 0 3
haar_x3
1.509413e-003 0 -1
-6.059869e-002 6.824321e-002 
1
2
0 5 3 1 0 -1
1 5 1 1 0 3
haar_x3
9.179529e-003 0 -1
4.015918e-002 -7.826864e-002 
1
3
0 4 2 2 0 -1
0 4 1 1 0 2
1 5 1 1 0 2
haar_x2_y2
-1.178742e-001 0 -1
-9.363331e-001 3.110921e-003 
1
2
0 0 6 1 0 -1
2 0 2 1 0 3
haar_x3
-4.131647e-001 0 -1
6.873081e-001 -5.563351e-003 
1
2
4 3 2 1 0 -1
4 3 1 1 0 2
tilted_haar_x2
-3.130781e-001 0 -1
3.932430e-001 -6.870519e-003 
1
2
3 2 2 2 0 -1
3 2 2 1 0 2
tilted_haar_y2
-5.565885e-001 0 -1
-5.403863e-001 5.495789e-003 
1
2
1 5 4 1 0 -1
3 5 2 1 0 2
haar_x2
-2.064385e-002 0 -1
7.373874e-002 -4.427031e-002 
1
2
2 5 2 1 0 -1
3 5 1 1 0 2
haar_x2
1.583399e-003 0 -1
-4.813847e-002 6.471823e-002 
1
3
0 3 6 2 0 -1
0 3 3 1 0 2
3 4 3 1 0 2
haar_x2_y2
3.320981e-001 0 -1
3.259291e-003 -8.174719e-001 
1
2
0 3 4 3 0 -1
0 4 4 1 0 3
haar_y3
6.536162e-001 0 -1
2.643122e-003 -7.839864e-001 
1
2
0 2 6 2 0 -1
0 3 6 1 0 2
haar_y2
7.499703e-001 0 -1
-5.189950e-003 6.826110e-001 
1
2
5 0 1 4 0 -1
5 1 1 2 0 2
haar_y4
-1.665218e-001 0 -1
-2.043810e-001 1.656246e-002 
1
2
4 2 1 2 0 -1
4 3 1 1 0 2
haar_y2
9.603664e-002 0 -1
-3.003711e-002 1.008608e-001 
1
2
3 0 3 6 0 -1
4 0 1 6 0 3
haar_x3
-2.285121e-001 0 -1
2.536728e-001 -1.225704e-002 
1
2
0 3 3 3 0 -1
1 4 1 1 0 9
haar_point
3.428801e-001 0 -1
-2.273147e-002 1.325330e-001 
1
2
1 4 1 2 0 -1
1 5 1 1 0 2
haar_y2
1.932340e-003 0 -1
-1.082874e-001 3.551553e-002 
1
2
0 2 3 4 0 -1
0 4 3 2 0 2
haar_y2
-2.251702e-001 0 -1
6.328178e-001 -5.052732e-003 
1
2
2 2 4 1 0 -1
4 2 2 1 0 2
haar_x2
-1.213726e-001 0 -1
-4.228643e-001 7.499407e-003 
1
2
4 1 2 2 0 -1
4 1 2 1 0 2
tilted_haar_y2
-3.937370e-001 0 -1
5.745763e-001 -6.900739e-003 
1
2
3 1 3 2 0 -1
4 1 1 2 0 3
haar_x3
3.031370e-001 0 -1
-4.877374e-003 4.995818e-001 
1
2
1 3 5 2 0 -1
1 4 5 1 0 2
haar_y2
3.723006e-002 0 -1
-1.643826e-001 1.774818e-002 
1
2
1 1 2 1 0 -1
1 1 1 1 0 2
tilted_haar_x2
-1.669463e-001 0 -1
2.356616e-001 -1.405717e-002 
1
2
3 1 3 4 0 -1
3 2 3 2 0 2
haar_y4
1.541147e-001 0 -1
-1.118535e-002 2.580552e-001 
1
2
2 0 4 6 0 -1
2 2 4 2 0 3
haar_y3
6.033604e-001 0 -1
3.553411e-003 -9.085837e-001 
1
2
4 2 2 1 0 -1
5 2 1 1 0 2
haar_x2
1.205829e-001 0 -1
5.654814e-003 -4.311400e-001 
1
2
3 1 2 4 0 -1
3 3 2 2 0 2
haar_y2
5.315633e-001 0 -1
3.388670e-003 -6.936125e-001 
1
2
0 2 4 1 0 -1
2 2 2 1 0 2
haar_x2
5.014724e-002 0 -1
1.201645e-002 -2.174155e-001 
1
3
3 1 2 2 0 -1
3 1 1 1 0 2
4 2 1 1 0 2
haar_x2_y2
-4.926765e-002 0 -1
2.453166e-001 -1.309061e-002 
1
2
0 1 4 2 0 -1
0 2 4 1 0 2
haar_y2
1.872872e-001 0 -1
9.991596e-003 -3.047764e-001 
1
2
4 0 1 3 0 -1
4 1 1 1 0 3
haar_y3
-1.151094e-002 0 -1
6.379684e-002 -5.618012e-002 
1
2
1 0 5 3 0 -1
1 1 5 1 0 3
haar_y3
2.810700e-001 0 -1
-3.977223e-002 8.455974e-002 
1
2
1 1 5 4 0 -1
1 2 5 2 0 2
haar_y4
4.111566e-001 0 -1
-4.987903e-003 7.013730e-001 
1
3
3 4 2 2 0 -1
3 4 1 1 0 2
4 5 1 1 0 2
haar_x2_y2
1.714603e-002 0 -1
-2.772989e-002 1.054370e-001 
1
2
4 1 2 2 0 -1
4 2 2 1 0 2
haar_y2
-3.227829e-001 0 -1
-7.010098e-001 4.054548e-003 
1
2
3 2 1 4 0 -1
3 3 1 2 0 2
haar_y4
1.780996e-001 0 -1
3.737255e-003 -6.266142e-001 
1
2
3 4 2 2 0 -1
4 4 1 2 0 2
haar_x2
1.594220e-001 0 -1
3.921746e-003 -5.806662e-001 
1
2
4 4 1 2 0 -1
4 5 1 1 0 2
haar_y2
-1.339860e-003 0 -1
1.053699e-001 -2.879522e-002 
1
2
1 4 3 2 0 -1
1 5 3 1 0 2
haar_y2
1.780444e-001 0 -1
-3.182767e-002 1.033883e-001 
1
2
0 4 1 2 0 -1
0 5 1 1 0 2
haar_y2
9.226237e-002 0 -1
1.737573e-002 -2.302046e-001 
1
2
3 2 1 3 0 -1
3 3 1 1 0 3
haar_y3
6.021228e-002 0 -1
-2.485324e-002 1.153878e-001 
1
2
2 2 3 3 0 -1
3 3 1 1 0 9
haar_point
-2.505580e-001 0 -1
6.429147e-002 -6.103992e-002 
1
2
2 0 2 4 0 -1
2 1 2 2 0 2
haar_y4
1.314353e-001 0 -1
1.674647e-002 -1.998839e-001 
1
2
0 1 5 3 0 -1
0 2 5 1 0 3
haar_y3
1.558253e-001 0 -1
-1.236841e-002 2.805243e-001 
1
2
3 1 2 2 0 -1
3 2 2 1 0 2
haar_y2
1.858367e-001 0 -1
5.556558e-003 -6.270434e-001 
1
2
0 1 4 5 0 -1
2 1 2 5 0 2
haar_x2
-4.670318e-002 0 -1
-3.019245e-002 1.020908e-001 
1
2
4 1 1 4 0 -1
4 1 1 2 0 2
tilted_haar_y2
-3.862349e-001 0 -1
4.559722e-002 -8.250516e-002 
1
2
0 2 1 2 0 -1
0 3 1 1 0 2
haar_y2
-4.782360e-002 0 -1
1.495100e-001 -2.091197e-002 
1
2
0 2 3 4 0 -1
1 2 1 4 0 3
haar_x3
5.173922e-001 0 -1
3.382666e-003 -7.453231e-001 
1
2
1 5 3 1 0 -1
2 5 1 1 0 3
haar_x3
1.169913e-002 0 -1
2.789726e-002 -1.000549e-001 
1
2
0 0 4 5 0 -1
1 0 2 5 0 2
haar_x4
3.152411e-001 0 -1
-1.194949e-002 2.484713e-001 
1
2
1 0 4 1 0 -1
2 1 2 1 0 2
tilted_haar_x4
5.499005e-002 0 -1
1.535015e-002 -2.522801e-001 
1
2
3 1 1 2 0 -1
3 1 1 1 0 2
tilted_haar_y2
-3.368891e-001 0 -1
6.764054e-001 -5.931566e-003 
1
2
0 0 6 2 0 -1
0 1 6 1 0 2
haar_y2
-7.219808e-001 0 -1
-3.345771e-001 9.735074e-003 
1
2
2 5 4 1 0 -1
3 5 2 1 0 2
haar_x4
-2.422641e-003 0 -1
4.847113e-002 -6.356923e-002 
1
2
0 5 6 1 0 -1
2 5 2 1 0 3
haar_x3
2.160011e-003 0 -1
-4.802594e-002 8.169668e-002 
1
2
3 5 2 1 0 -1
4 5 1 1 0 2
haar_x2
1.815169e-003 0 -1
-6.795705e-002 6.293165e-002 
1
2
3 5 2 1 0 -1
4 5 1 1 0 2
haar_x2
-1.746061e-003 0 -1
7.326634e-002 -4.429018e-002 
1
2
3 5 2 1 0 -1
4 5 1 1 0 2
haar_x2
-1.983080e-002 0 -1
-1.724527e-001 2.063121e-002 
1
2
1 0 1 2 0 -1
1 1 1 1 0 2
haar_y2
-1.673146e-001 0 -1
4.254690e-001 -6.945537e-003 
1
2
0 5 6 1 0 -1
2 5 2 1 0 3
haar_x3
1.306537e-001 0 -1
-8.691513e-003 3.309895e-001 
1
3
0 0 4 6 0 -1
0 0 2 3 0 2
2 3 2 3 0 2
haar_x2_y2
1.331314e-001 0 -1
3.329402e-002 -8.990422e-002 
1
2
0 1 1 4 0 -1
0 3 1 2 0 2
haar_y2
2.066587e-001 0 -1
2.145945e-002 -1.436427e-001 
1
2
1 3 3 2 0 -1
1 4 3 1 0 2
haar_y2
3.286739e-001 0 -1
2.637213e-002 -1.249119e-001 
1
2
2 0 4 1 0 -1
4 0 2 1 0 2
haar_x2
7.674922e-002 0 -1
-2.704160e-002 1.140198e-001 
1
2
1 0 3 1 0 -1
2 0 1 1 0 3
haar_x3
-3.545692e-002 0 -1
-1.976996e-001 2.245589e-002 
1
2
0 0 4 1 0 -1
2 0 2 1 0 2
haar_x2
-5.218385e-002 0 -1
7.753459e-002 -4.105564e-002 
1
2
0 0 6 1 0 -1
2 0 2 1 0 3
haar_x3
5.673908e-002 0 -1
-4.004391e-002 8.245483e-002 
1
2
0 0 4 1 0 -1
1 0 2 1 0 2
haar_x4
-3.386857e-002 0 -1
1.082744e-001 -3.459411e-002 
1
2
0 0 3 2 0 -1
1 0 1 2 0 3
haar_x3
-5.478842e-002 0 -1
-1.280893e-001 2.828723e-002 
1
2
0 0 3 4 0 -1
1 0 1 4 0 3
haar_x3
-1.285994e-001 0 -1
1.579647e-001 -2.175825e-002 
1
2
0 2 2 1 0 -1
1 2 1 1 0 2
haar_x2
-4.638859e-002 0 -1
-9.996272e-002 3.398434e-002 
1
2
1 0 3 1 0 -1
2 0 1 1 0 3
haar_x3
7.130344e-002 0 -1
8.123903e-003 -3.731628e-001 
1
2
2 0 4 1 0 -1
3 0 2 1 0 2
haar_x4
-6.871977e-002 0 -1
1.781761e-001 -1.698004e-002 
1
2
4 0 2 2 0 -1
5 0 1 2 0 2
haar_x2
7.240196e-002 0 -1
2.069690e-002 -1.656409e-001 
1
2
1 2 4 2 0 -1
2 2 2 2 0 2
haar_x4
-4.794405e-001 0 -1
-6.310656e-001 4.463732e-003 
1
2
1 3 2 1 0 -1
2 3 1 1 0 2
haar_x2
-1.621289e-001 0 -1
3.307421e-001 -9.563493e-003 
1
2
2 2 3 1 0 -1
3 3 1 1 0 3
tilted_haar_x3
-3.670872e-001 0 -1
-4.933921e-001 6.251175e-003 
1
2
1 1 1 3 0 -1
1 2 1 1 0 3
haar_y3
-3.142697e-001 0 -1
-9.476706e-001 2.234187e-003 
1
2
4 0 2 2 0 -1
5 0 1 2 0 2
haar_x2
-7.004004e-002 0 -1
-2.731180e-001 8.595735e-003 
1
2
1 1 4 1 0 -1
2 2 2 1 0 2
tilted_haar_x4
-8.749957e-002 0 -1
3.827901e-002 -6.719726e-002 
1
2
2 0 3 2 0 -1
2 0 3 1 0 2
tilted_haar_y2
-2.259738e-001 0 -1
7.877719e-002 -5.385891e-002 
1
2
2 0 1 2 0 -1
2 0 1 1 0 2
tilted_haar_y2
-1.097712e-001 0 -1
-2.026311e-001 1.589161e-002 
1
2
1 3 3 1 0 -1
2 3 1 1 0 3
haar_x3
-4.198400e-002 0 -1
5.443505e-002 -5.461398e-002 
1
2
1 3 3 1 0 -1
2 3 1 1 0 3
haar_x3
1.945094e-003 0 -1
-3.469411e-002 9.929333e-002 
1
2
2 0 4 2 0 -1
3 1 2 2 0 2
tilted_haar_x4
-7.597840e-001 0 -1
1.791165e-001 -1.657522e-002 
-6.794598e-001

17
-1
