6
1
2
3 2 1 6 0 -1
3 5 1 3 0 2
haar_y2
1.226603e-002 0 -1
-7.708751e-001 6.285896e-001 
1
2
4 3 7 2 0 -1
4 4 7 1 0 2
haar_y2
6.040379e-002 0 -1
-4.893259e-001 7.318623e-001 
1
2
4 2 7 2 0 -1
4 3 7 1 0 2
haar_y2
7.323748e-002 0 -1
-1.886027e-001 8.617204e-001 
1
2
5 2 6 2 0 -1
5 3 6 1 0 2
haar_y2
-3.673277e-002 0 -1
5.792199e-001 -2.316692e-001 
1
2
2 0 2 2 0 -1
2 0 1 2 0 2
tilted_haar_x2
2.195547e-002 0 -1
-3.038779e-001 4.820060e-001 
1
2
5 0 5 3 0 -1
5 1 5 1 0 3
haar_y3
4.992320e-002 0 -1
-2.392614e-001 5.907127e-001 
-1.412723e+000

-1
-1
