11
1
2
0 0 6 6 0 -1
2 2 2 2 0 9
haar_point
-2.047083e+000 0 -1
5.571728e-001 -5.804659e-001 
1
2
4 3 1 2 0 -1
4 3 1 1 0 2
tilted_haar_y2
-1.246159e-003 0 -1
1.378681e-001 -6.978568e-001 
1
2
1 5 3 1 0 -1
2 5 1 1 0 3
haar_x3
4.361348e-002 0 -1
1.423054e-001 -8.257376e-001 
1
2
1 5 3 1 0 -1
2 5 1 1 0 3
haar_x3
-4.637518e-002 0 -1
-7.293918e-001 2.129153e-001 
1
2
1 1 5 3 0 -1
1 2 5 1 0 3
haar_y3
-2.788574e-001 0 -1
3.115722e-001 -3.186289e-001 
1
2
3 5 2 1 0 -1
4 5 1 1 0 2
haar_x2
-4.226634e-002 0 -1
-7.557094e-001 1.286970e-001 
1
2
2 5 3 1 0 -1
3 5 1 1 0 3
haar_x3
-5.172374e-002 0 -1
-7.107469e-001 1.301066e-001 
1
2
0 5 4 1 0 -1
2 5 2 1 0 2
haar_x2
1.242553e-001 0 -1
9.301342e-002 -7.580648e-001 
1
2
2 0 3 2 0 -1
3 0 1 2 0 3
haar_x3
-1.021568e-001 0 -1
-5.921947e-001 1.231435e-001 
1
2
2 0 3 2 0 -1
3 0 1 2 0 3
haar_x3
8.778311e-002 0 -1
1.061735e-001 -7.104194e-001 
1
2
3 0 3 1 0 -1
4 0 1 1 0 3
haar_x3
4.185972e-002 0 -1
9.549167e-002 -5.790687e-001 
-1.507412e+000

1
-1
