29
1
2
5 3 3 1 0 -1
6 4 1 1 0 3
tilted_haar_x3
2.831678e-002 0 -1
-2.838804e-001 4.963440e-001 
1
2
11 2 1 6 0 -1
11 5 1 3 0 2
haar_y2
-7.335148e-003 0 -1
-6.816509e-001 1.351560e-001 
1
3
3 4 2 2 0 -1
3 4 1 1 0 2
4 5 1 1 0 2
haar_x2_y2
-4.883880e-003 0 -1
5.948126e-001 -2.140874e-001 
1
3
12 2 2 2 0 -1
13 2 1 1 0 2
12 3 1 1 0 2
haar_x2_y2
-5.531043e-003 0 -1
3.877407e-001 -1.783571e-001 
1
3
1 2 2 2 0 -1
1 2 1 1 0 2
2 3 1 1 0 2
haar_x2_y2
-4.485157e-003 0 -1
5.933073e-001 -1.590877e-001 
1
2
4 2 7 3 0 -1
4 3 7 1 0 3
haar_y3
1.630425e-001 0 -1
-8.020289e-002 9.509275e-001 
1
2
6 1 3 3 0 -1
7 2 1 1 0 9
haar_point
6.764049e-002 0 -1
-1.117215e-001 6.753466e-001 
1
2
8 3 3 5 0 -1
9 3 1 5 0 3
haar_x3
4.882183e-004 0 -1
-1.710010e-001 2.003889e-001 
1
2
4 3 3 5 0 -1
5 3 1 5 0 3
haar_x3
2.510210e-002 0 -1
1.252799e-001 -7.700921e-001 
1
3
11 2 2 2 0 -1
12 2 1 1 0 2
11 3 1 1 0 2
haar_x2_y2
-8.816865e-003 0 -1
4.829440e-001 -9.130686e-002 
1
3
2 2 2 2 0 -1
2 2 1 1 0 2
3 3 1 1 0 2
haar_x2_y2
5.829808e-003 0 -1
-1.495859e-001 6.319792e-001 
1
2
11 4 4 2 0 -1
11 5 4 1 0 2
haar_y2
-4.082699e-002 0 -1
-8.300242e-001 6.328900e-002 
1
2
3 3 4 2 0 -1
5 3 2 2 0 2
haar_x2
6.373805e-003 0 -1
-3.087448e-001 2.928332e-001 
1
2
7 0 3 1 0 -1
8 0 1 1 0 3
haar_x3
1.772790e-002 0 -1
3.390571e-002 -7.400984e-001 
1
2
1 2 5 6 0 -1
1 5 5 3 0 2
haar_y2
1.667598e-002 0 -1
-5.150107e-001 1.667275e-001 
1
3
9 5 6 2 0 -1
12 5 3 1 0 2
9 6 3 1 0 2
haar_x2_y2
-1.205109e-002 0 -1
2.265624e-001 -1.582133e-001 
1
2
0 3 1 2 0 -1
0 4 1 1 0 2
haar_y2
8.468341e-003 0 -1
1.904148e-001 -4.275299e-001 
1
2
6 3 6 3 0 -1
8 3 2 3 0 3
haar_x3
-5.484078e-002 0 -1
-7.669618e-001 4.598638e-002 
1
2
4 3 4 2 0 -1
5 3 2 2 0 2
haar_x4
2.138876e-002 0 -1
9.460144e-002 -7.460962e-001 
1
2
4 5 8 3 0 -1
4 6 8 1 0 3
haar_y3
-5.390275e-002 0 -1
4.524292e-001 -1.898770e-001 
1
3
0 4 8 4 0 -1
0 4 4 2 0 2
4 6 4 2 0 2
haar_x2_y2
9.649433e-002 0 -1
-8.928679e-002 9.272413e-001 
1
2
10 3 1 4 0 -1
9 4 1 2 0 2
tilted_haar_x4
4.632387e-002 0 -1
-2.639366e-002 2.846035e-001 
1
2
6 0 2 2 0 -1
6 1 2 1 0 2
haar_y2
3.018327e-004 0 -1
-2.617712e-001 2.835049e-001 
1
2
5 0 6 4 0 -1
5 1 6 2 0 2
haar_y4
-1.618137e-001 0 -1
7.424826e-001 -9.908139e-002 
1
3
0 3 4 2 0 -1
0 3 2 1 0 2
2 4 2 1 0 2
haar_x2_y2
2.914269e-002 0 -1
-7.504648e-002 7.779089e-001 
1
2
11 2 1 3 0 -1
10 3 1 1 0 3
tilted_haar_x3
-2.377236e-002 0 -1
1.858599e-001 -5.349275e-002 
1
2
0 5 5 3 0 -1
0 6 5 1 0 3
haar_y3
7.338817e-002 0 -1
7.732031e-002 -9.169382e-001 
1
2
10 5 5 3 0 -1
10 6 5 1 0 3
haar_y3
2.069449e-002 0 -1
1.038888e-001 -4.032732e-001 
1
2
0 5 5 3 0 -1
0 6 5 1 0 3
haar_y3
-2.677029e-002 0 -1
-6.495866e-001 1.259780e-001 
-1.347789e+000

12
-1
