140
1
2
0 3 2 1 0 -1
1 3 1 1 0 2
haar_x2
9.765642e-003 0 -1
-1.405810e-001 2.443424e-001 
1
2
2 0 2 6 0 -1
2 2 2 2 0 3
haar_y3
-5.545734e-001 0 -1
1.385984e-001 -2.600582e-001 
1
2
5 0 1 6 0 -1
5 3 1 3 0 2
haar_y2
1.907071e-003 0 -1
-2.770586e-001 9.272245e-002 
1
2
2 1 2 4 0 -1
2 2 2 2 0 2
haar_y4
-4.744699e-001 0 -1
4.189141e-001 -4.034493e-002 
1
2
2 0 3 1 0 -1
3 0 1 1 0 3
haar_x3
4.764123e-002 0 -1
4.090502e-002 -4.531511e-001 
1
2
2 0 3 1 0 -1
3 0 1 1 0 3
haar_x3
1.408221e-003 0 -1
-9.477571e-002 1.760090e-001 
1
3
3 2 2 2 0 -1
3 2 1 1 0 2
4 3 1 1 0 2
haar_x2_y2
2.569477e-002 0 -1
-1.222754e-001 1.448289e-001 
1
2
1 0 3 2 0 -1
2 0 1 2 0 3
haar_x3
8.800677e-002 0 -1
5.915985e-002 -4.672662e-001 
1
2
0 0 3 2 0 -1
1 0 1 2 0 3
haar_x3
7.646554e-002 0 -1
1.754050e-002 -3.797009e-001 
1
3
4 3 2 2 0 -1
4 3 1 1 0 2
5 4 1 1 0 2
haar_x2_y2
2.608423e-003 0 -1
-8.452825e-002 1.607565e-001 
1
2
2 0 3 2 0 -1
3 0 1 2 0 3
haar_x3
-1.060432e-003 0 -1
1.243281e-001 -1.356216e-001 
1
2
1 0 1 3 0 -1
1 1 1 1 0 3
haar_y3
5.536733e-002 0 -1
-9.195910e-002 1.880607e-001 
1
2
0 0 5 3 0 -1
0 1 5 1 0 3
haar_y3
-2.726592e-001 0 -1
2.726725e-001 -6.768120e-002 
1
2
3 0 3 2 0 -1
4 0 1 2 0 3
haar_x3
8.741431e-002 0 -1
4.253225e-002 -4.330376e-001 
1
2
5 1 1 2 0 -1
5 1 1 1 0 2
tilted_haar_y2
1.487535e-002 0 -1
-2.078014e-001 7.146399e-002 
1
2
4 1 2 2 0 -1
5 1 1 2 0 2
haar_x2
7.910643e-002 0 -1
7.623123e-002 -2.122640e-001 
1
2
3 3 3 1 0 -1
4 3 1 1 0 3
haar_x3
-3.251335e-002 0 -1
2.054267e-001 -7.283761e-002 
1
3
4 0 2 6 0 -1
4 0 1 3 0 2
5 3 1 3 0 2
haar_x2_y2
7.654683e-002 0 -1
5.975213e-002 -2.416707e-001 
1
2
0 0 1 4 0 -1
0 2 1 2 0 2
haar_y2
-2.193338e-001 0 -1
-3.479757e-001 3.512913e-002 
1
2
2 0 4 1 0 -1
4 0 2 1 0 2
haar_x2
-3.122616e-002 0 -1
1.415485e-001 -7.858842e-002 
1
2
3 0 2 1 0 -1
4 0 1 1 0 2
haar_x2
1.907071e-003 0 -1
-1.056089e-001 1.339204e-001 
1
2
1 1 2 4 0 -1
1 3 2 2 0 2
haar_y2
4.104132e-001 0 -1
3.187867e-002 -3.436737e-001 
1
2
1 2 1 3 0 -1
1 3 1 1 0 3
haar_y3
7.831618e-003 0 -1
-1.095854e-001 1.365496e-001 
1
2
1 4 1 2 0 -1
1 5 1 1 0 2
haar_y2
4.138822e-003 0 -1
-1.568533e-001 8.026570e-002 
1
2
0 5 3 1 0 -1
1 5 1 1 0 3
haar_x3
6.339636e-002 0 -1
2.281764e-002 -5.507197e-001 
1
2
5 3 1 2 0 -1
5 3 1 1 0 2
tilted_haar_y2
-1.503500e-001 0 -1
-2.600560e-001 3.963086e-002 
1
2
3 0 2 4 0 -1
4 0 1 4 0 2
haar_x2
1.702078e-001 0 -1
5.576330e-002 -1.867724e-001 
1
2
5 0 1 6 0 -1
5 2 1 2 0 3
haar_y3
4.036527e-001 0 -1
-1.886605e-002 5.976835e-001 
1
2
5 4 1 2 0 -1
5 5 1 1 0 2
haar_y2
4.234639e-003 0 -1
-1.586816e-001 7.018041e-002 
1
3
4 2 2 2 0 -1
4 2 1 1 0 2
5 3 1 1 0 2
haar_x2_y2
5.254096e-002 0 -1
-4.515525e-002 2.538606e-001 
1
2
3 0 3 1 0 -1
4 0 1 1 0 3
haar_x3
-8.816019e-002 0 -1
-4.698242e-001 2.354581e-002 
1
2
0 3 3 3 0 -1
0 4 3 1 0 3
haar_y3
-3.527154e-001 0 -1
-8.263603e-001 1.164988e-002 
1
2
5 2 1 4 0 -1
5 4 1 2 0 2
haar_y2
2.789863e-001 0 -1
3.159668e-002 -2.911780e-001 
1
2
0 1 3 1 0 -1
1 1 1 1 0 3
haar_x3
-1.733573e-003 0 -1
9.148885e-002 -1.086837e-001 
1
2
0 0 2 2 0 -1
1 0 1 2 0 2
haar_x2
-6.021193e-002 0 -1
-1.993258e-001 6.045833e-002 
1
2
1 1 4 1 0 -1
1 1 2 1 0 2
tilted_haar_x2
-3.776615e-001 0 -1
-3.379326e-001 3.267891e-002 
1
2
4 2 1 2 0 -1
4 3 1 1 0 2
haar_y2
7.852310e-003 0 -1
-1.830461e-001 7.587968e-002 
1
2
0 3 3 1 0 -1
1 3 1 1 0 3
haar_x3
-2.992686e-002 0 -1
1.842872e-001 -5.579509e-002 
1
2
4 0 2 3 0 -1
3 1 2 1 0 3
tilted_haar_y3
-3.389003e-001 0 -1
1.034675e-001 -1.085494e-001 
1
2
3 1 3 1 0 -1
4 2 1 1 0 3
tilted_haar_x3
7.088707e-002 0 -1
-2.237086e-002 4.717349e-001 
1
3
1 2 2 2 0 -1
1 2 1 1 0 2
2 3 1 1 0 2
haar_x2_y2
-2.376811e-002 0 -1
1.249390e-001 -7.677756e-002 
1
2
0 0 1 6 0 -1
0 2 1 2 0 3
haar_y3
-6.468064e-002 0 -1
7.247608e-002 -1.349375e-001 
1
2
0 0 1 6 0 -1
0 2 1 2 0 3
haar_y3
2.630228e-001 0 -1
-2.471286e-002 4.540890e-001 
1
2
1 3 3 1 0 -1
2 3 1 1 0 3
haar_x3
1.005904e-001 0 -1
-2.450654e-002 3.718533e-001 
1
2
3 0 3 1 0 -1
4 0 1 1 0 3
haar_x3
-3.946282e-004 0 -1
9.719555e-002 -9.802555e-002 
1
2
2 1 3 3 0 -1
3 1 1 3 0 3
haar_x3
-4.456545e-001 0 -1
-7.432654e-001 1.184708e-002 
1
2
2 5 4 1 0 -1
4 5 2 1 0 2
haar_x2
7.613099e-003 0 -1
-9.997520e-002 9.486264e-002 
1
2
0 4 2 2 0 -1
1 4 1 2 0 2
haar_x2
-8.663262e-002 0 -1
-2.474427e-001 4.501422e-002 
1
2
3 4 1 2 0 -1
3 5 1 1 0 2
haar_y2
1.957468e-003 0 -1
-1.978515e-001 4.536863e-002 
1
2
0 0 1 2 0 -1
0 1 1 1 0 2
haar_y2
-1.512174e-001 0 -1
-6.684683e-001 1.342819e-002 
1
2
3 1 2 1 0 -1
4 1 1 1 0 2
haar_x2
-8.248922e-002 0 -1
-6.972218e-001 9.707701e-003 
1
2
2 0 1 2 0 -1
2 1 1 1 0 2
haar_y2
2.216554e-002 0 -1
-5.015797e-002 1.677495e-001 
1
2
4 0 1 3 0 -1
4 1 1 1 0 3
haar_y3
-4.961073e-002 0 -1
1.680813e-001 -5.751894e-002 
1
2
2 1 3 3 0 -1
3 2 1 1 0 9
haar_point
-3.582965e-001 0 -1
9.396068e-002 -9.702875e-002 
1
2
1 2 3 3 0 -1
2 2 1 3 0 3
haar_x3
-4.890005e-002 0 -1
7.545380e-002 -1.239187e-001 
1
2
2 2 4 1 0 -1
4 2 2 1 0 2
haar_x2
1.417646e-001 0 -1
6.694533e-002 -1.492583e-001 
1
2
2 1 4 1 0 -1
4 1 2 1 0 2
haar_x2
4.284631e-002 0 -1
-7.562482e-002 1.106842e-001 
1
2
4 0 2 1 0 -1
5 0 1 1 0 2
haar_x2
-1.188684e-003 0 -1
1.134226e-001 -8.729614e-002 
1
2
0 2 6 3 0 -1
0 3 6 1 0 3
haar_y3
-7.312049e-001 0 -1
3.723667e-001 -2.307211e-002 
1
2
0 0 6 1 0 -1
2 0 2 1 0 3
haar_x3
-3.631408e-002 0 -1
1.112607e-001 -7.799280e-002 
1
2
3 0 2 1 0 -1
4 0 1 1 0 2
haar_x2
-4.617681e-004 0 -1
1.151426e-001 -9.814412e-002 
1
3
0 0 2 6 0 -1
0 0 1 3 0 2
1 3 1 3 0 2
haar_x2_y2
1.515517e-001 0 -1
3.230412e-002 -2.625675e-001 
1
2
3 4 3 2 0 -1
3 5 3 1 0 2
haar_y2
-4.667057e-002 0 -1
2.815233e-001 -2.997364e-002 
1
2
4 0 2 2 0 -1
5 0 1 2 0 2
haar_x2
-5.321978e-002 0 -1
-2.760519e-001 2.900212e-002 
1
2
1 4 4 1 0 -1
2 4 2 1 0 2
haar_x4
2.378761e-003 0 -1
-5.912473e-002 1.461854e-001 
1
2
1 4 2 1 0 -1
2 4 1 1 0 2
haar_x2
6.191861e-002 0 -1
1.139802e-002 -7.537943e-001 
1
3
3 4 2 2 0 -1
3 4 1 1 0 2
4 5 1 1 0 2
haar_x2_y2
5.767007e-002 0 -1
9.717711e-003 -6.053049e-001 
1
3
0 3 2 2 0 -1
0 3 1 1 0 2
1 4 1 1 0 2
haar_x2_y2
-1.685438e-003 0 -1
9.465130e-002 -7.806412e-002 
1
2
3 0 3 3 0 -1
2 1 3 1 0 3
tilted_haar_y3
-3.347265e-001 0 -1
7.962157e-002 -1.181147e-001 
1
2
5 0 1 6 0 -1
5 3 1 3 0 2
haar_y2
-1.409137e-001 0 -1
-3.260883e-001 2.436459e-002 
1
2
1 0 3 1 0 -1
2 0 1 1 0 3
haar_x3
7.009041e-002 0 -1
1.622819e-002 -4.710163e-001 
1
2
1 0 2 1 0 -1
2 0 1 1 0 2
haar_x2
1.895767e-003 0 -1
-8.739102e-002 1.103522e-001 
1
2
2 0 3 1 0 -1
3 0 1 1 0 3
haar_x3
-1.442498e-003 0 -1
1.173148e-001 -1.025163e-001 
1
2
1 0 4 6 0 -1
2 0 2 6 0 2
haar_x4
2.414217e-001 0 -1
-1.568141e-002 5.880695e-001 
1
2
0 2 4 1 0 -1
2 2 2 1 0 2
haar_x2
5.016239e-002 0 -1
2.664267e-002 -3.360604e-001 
1
3
0 4 2 2 0 -1
0 4 1 1 0 2
1 5 1 1 0 2
haar_x2_y2
-1.531946e-003 0 -1
9.671340e-002 -8.104792e-002 
1
2
1 2 4 4 0 -1
1 3 4 2 0 2
haar_y4
3.005984e-001 0 -1
2.460044e-002 -3.294100e-001 
1
2
1 1 4 3 0 -1
1 2 4 1 0 3
haar_y3
-5.371188e-001 0 -1
1.828408e-001 -4.489992e-002 
1
2
1 0 3 2 0 -1
2 0 1 2 0 3
haar_x3
-1.774944e-003 0 -1
8.955901e-002 -1.084173e-001 
1
2
0 5 2 1 0 -1
1 5 1 1 0 2
haar_x2
1.967579e-003 0 -1
-7.588163e-002 1.131686e-001 
1
3
0 2 2 2 0 -1
0 2 1 1 0 2
1 3 1 1 0 2
haar_x2_y2
-6.258768e-004 0 -1
1.171116e-001 -7.588337e-002 
1
3
0 2 2 2 0 -1
0 2 1 1 0 2
1 3 1 1 0 2
haar_x2_y2
2.009245e-003 0 -1
-9.634774e-002 7.864193e-002 
1
2
0 5 2 1 0 -1
1 5 1 1 0 2
haar_x2
-1.146352e-003 0 -1
8.697574e-002 -8.908111e-002 
1
2
1 0 3 2 0 -1
2 0 1 2 0 3
haar_x3
-8.601948e-002 0 -1
-2.423135e-001 3.129930e-002 
1
2
0 0 6 3 0 -1
2 0 2 3 0 3
haar_x3
-8.603570e-001 0 -1
2.628091e-001 -2.781997e-002 
1
2
4 1 2 2 0 -1
5 1 1 2 0 2
haar_x2
1.249013e-001 0 -1
3.623964e-002 -2.408719e-001 
1
2
3 2 3 2 0 -1
4 2 1 2 0 3
haar_x3
-2.777610e-001 0 -1
4.279503e-001 -1.939043e-002 
1
2
3 5 3 1 0 -1
4 5 1 1 0 3
haar_x3
-4.807464e-002 0 -1
-3.011311e-001 3.032655e-002 
1
3
4 3 2 2 0 -1
4 3 1 1 0 2
5 4 1 1 0 2
haar_x2_y2
3.286810e-002 0 -1
-4.250459e-002 1.894255e-001 
1
2
1 2 3 2 0 -1
2 2 1 2 0 3
haar_x3
4.312228e-002 0 -1
-3.937949e-002 1.980883e-001 
1
3
2 2 4 4 0 -1
2 2 2 2 0 2
4 4 2 2 0 2
haar_x2_y2
2.397786e-002 0 -1
5.026799e-002 -1.789647e-001 
1
2
2 2 3 1 0 -1
3 2 1 1 0 3
haar_x3
5.222317e-002 0 -1
-3.051576e-002 2.755647e-001 
1
2
4 3 2 3 0 -1
4 4 2 1 0 3
haar_y3
-2.600845e-001 0 -1
-6.831298e-001 1.246870e-002 
1
2
5 0 1 2 0 -1
5 1 1 1 0 2
haar_y2
-1.014608e-001 0 -1
-3.156903e-001 2.129444e-002 
1
2
2 1 2 1 0 -1
3 1 1 1 0 2
haar_x2
-2.624378e-003 0 -1
8.604597e-002 -8.170355e-002 
1
2
2 1 2 1 0 -1
3 1 1 1 0 2
haar_x2
2.380220e-003 0 -1
-9.188668e-002 1.273492e-001 
1
2
2 1 2 1 0 -1
3 1 1 1 0 2
haar_x2
-1.377039e-003 0 -1
9.014949e-002 -8.996188e-002 
1
2
2 1 3 1 0 -1
3 1 1 1 0 3
haar_x3
-5.150037e-002 0 -1
-2.245166e-001 3.745919e-002 
1
2
3 0 3 1 0 -1
4 1 1 1 0 3
tilted_haar_x3
-3.491992e-001 0 -1
3.135073e-001 -2.769767e-002 
1
2
1 4 3 2 0 -1
2 4 1 2 0 3
haar_x3
4.173846e-002 0 -1
3.323624e-002 -2.204048e-001 
1
2
1 2 4 3 0 -1
3 2 2 3 0 2
haar_x2
-6.141206e-001 0 -1
5.042160e-001 -1.693415e-002 
1
2
2 0 2 1 0 -1
3 0 1 1 0 2
haar_x2
2.276366e-003 0 -1
-7.647443e-002 9.746556e-002 
1
2
2 0 2 1 0 -1
3 0 1 1 0 2
haar_x2
-2.800379e-003 0 -1
9.897488e-002 -8.085664e-002 
1
2
0 0 2 1 0 -1
1 0 1 1 0 2
haar_x2
1.006919e-001 0 -1
8.897322e-003 -8.508766e-001 
1
2
5 2 1 2 0 -1
5 3 1 1 0 2
haar_y2
-7.606397e-002 0 -1
3.447168e-001 -2.288863e-002 
1
3
2 2 4 2 0 -1
2 2 2 1 0 2
4 3 2 1 0 2
haar_x2_y2
-2.503654e-001 0 -1
-6.801816e-001 1.112360e-002 
1
2
1 1 3 4 0 -1
2 1 1 4 0 3
haar_x3
-5.002495e-001 0 -1
-6.094651e-001 8.389618e-003 
1
2
3 2 1 2 0 -1
3 2 1 1 0 2
tilted_haar_y2
-3.398713e-001 0 -1
4.340454e-001 -1.556765e-002 
1
3
1 2 2 2 0 -1
1 2 1 1 0 2
2 3 1 1 0 2
haar_x2_y2
4.940854e-002 0 -1
-3.167265e-002 2.039338e-001 
1
2
2 4 4 1 0 -1
4 4 2 1 0 2
haar_x2
3.983362e-001 0 -1
-1.635049e-002 3.977466e-001 
1
2
0 0 2 1 0 -1
1 0 1 1 0 2
haar_x2
1.984675e-003 0 -1
-6.971801e-002 1.099592e-001 
1
2
1 0 3 2 0 -1
2 0 1 2 0 3
haar_x3
4.049858e-002 0 -1
4.107217e-002 -2.044843e-001 
1
2
1 0 4 6 0 -1
2 0 2 6 0 2
haar_x4
-7.952207e-001 0 -1
-6.744716e-001 1.064678e-002 
1
2
0 1 2 1 0 -1
1 1 1 1 0 2
haar_x2
6.532845e-002 0 -1
9.317099e-003 -5.309680e-001 
1
2
0 4 2 1 0 -1
1 4 1 1 0 2
haar_x2
9.984308e-002 0 -1
6.576641e-003 -7.600558e-001 
1
3
0 0 2 4 0 -1
0 0 1 2 0 2
1 2 1 2 0 2
haar_x2_y2
5.915412e-002 0 -1
-4.397205e-002 1.461904e-001 
1
2
1 2 2 4 0 -1
1 4 2 2 0 2
haar_y2
1.415771e-001 0 -1
-2.061720e-001 4.190306e-002 
1
2
3 1 2 3 0 -1
3 1 1 3 0 2
tilted_haar_x2
8.271845e-004 0 -1
-9.055040e-002 9.158374e-002 
1
2
1 2 2 2 0 -1
2 2 1 2 0 2
haar_x2
-9.374258e-002 0 -1
-1.029636e-001 7.427841e-002 
1
3
1 3 2 2 0 -1
1 3 1 1 0 2
2 4 1 1 0 2
haar_x2_y2
3.831559e-002 0 -1
-7.091723e-002 1.199894e-001 
1
2
4 4 2 1 0 -1
5 4 1 1 0 2
haar_x2
-4.174586e-002 0 -1
-2.596463e-001 2.275233e-002 
1
3
4 4 2 2 0 -1
4 4 1 1 0 2
5 5 1 1 0 2
haar_x2_y2
2.224117e-003 0 -1
-7.132190e-002 9.851550e-002 
1
3
4 4 2 2 0 -1
4 4 1 1 0 2
5 5 1 1 0 2
haar_x2_y2
-5.560445e-004 0 -1
8.991056e-002 -8.865055e-002 
1
2
4 2 1 4 0 -1
4 3 1 2 0 2
haar_y4
7.696435e-004 0 -1
-8.941673e-002 7.736056e-002 
1
2
3 0 1 2 0 -1
3 1 1 1 0 2
haar_y2
1.866281e-002 0 -1
-4.391945e-002 1.494191e-001 
1
2
0 0 4 5 0 -1
1 0 2 5 0 2
haar_x4
4.490880e-001 0 -1
-1.375212e-002 5.008832e-001 
1
2
0 2 2 1 0 -1
1 2 1 1 0 2
haar_x2
-2.442899e-003 0 -1
5.611091e-002 -1.224312e-001 
1
2
0 1 2 2 0 -1
1 1 1 2 0 2
haar_x2
-6.442378e-002 0 -1
-1.218148e-001 5.543718e-002 
1
2
2 0 2 3 0 -1
2 1 2 1 0 3
haar_y3
-6.675319e-002 0 -1
1.505927e-001 -5.043638e-002 
1
2
1 0 5 4 0 -1
1 1 5 2 0 2
haar_y4
-9.137077e-001 0 -1
-4.464818e-001 1.658493e-002 
1
2
1 1 2 2 0 -1
2 1 1 2 0 2
haar_x2
-2.539387e-001 0 -1
5.211589e-001 -1.371008e-002 
1
2
5 0 1 2 0 -1
5 0 1 1 0 2
tilted_haar_y2
2.780487e-002 0 -1
-1.333957e-001 4.876511e-002 
1
3
1 3 2 2 0 -1
1 3 1 1 0 2
2 4 1 1 0 2
haar_x2_y2
-2.403599e-003 0 -1
1.310257e-001 -4.910795e-002 
1
2
2 0 2 6 0 -1
2 3 2 3 0 2
haar_y2
8.793415e-001 0 -1
-7.517423e-003 7.690238e-001 
1
2
1 3 2 3 0 -1
2 3 1 3 0 2
haar_x2
-2.646670e-003 0 -1
4.675946e-002 -1.453587e-001 
1
2
0 0 6 6 0 -1
2 0 2 6 0 3
haar_x3
3.037685e-001 0 -1
-2.167548e-002 3.727700e-001 
1
2
4 1 2 2 0 -1
4 1 1 2 0 2
tilted_haar_x2
-4.297771e-001 0 -1
4.464322e-001 -1.373399e-002 
1
2
2 2 3 3 0 -1
3 3 1 1 0 9
haar_point
-2.420914e-001 0 -1
6.545410e-002 -9.260846e-002 
1
2
2 2 2 2 0 -1
2 3 2 1 0 2
haar_y2
2.346195e-001 0 -1
-1.674844e-002 4.488564e-001 
1
2
1 1 2 1 0 -1
1 1 1 1 0 2
tilted_haar_x2
1.585306e-002 0 -1
-8.896340e-002 6.689425e-002 
-9.318259e-001

11
-1
