17
1
2
1 1 6 6 0 -1
3 3 2 2 0 9
haar_point
-9.768831e-001 0 -1
6.931303e-001 -3.695396e-001 
1
2
0 0 8 6 0 -1
0 2 8 2 0 3
haar_y3
-4.056159e-001 0 -1
4.106398e-001 -4.183526e-001 
1
2
3 0 2 2 0 -1
4 0 1 2 0 2
haar_x2
8.467622e-004 0 -1
-4.140089e-001 3.038817e-001 
1
2
3 0 3 2 0 -1
4 0 1 2 0 3
haar_x3
2.903339e-002 0 -1
1.260685e-001 -7.876983e-001 
1
2
2 0 4 2 0 -1
3 0 2 2 0 2
haar_x4
-3.968986e-002 0 -1
-7.294492e-001 1.393118e-001 
1
2
2 3 6 4 0 -1
2 3 3 4 0 2
haar_x2
-2.837837e-001 0 -1
-2.324600e-001 4.880338e-002 
1
2
4 3 4 1 0 -1
4 3 2 1 0 2
tilted_haar_x2
-1.041353e-001 0 -1
2.563239e-001 -3.549930e-001 
1
2
2 3 6 4 0 -1
2 3 3 4 0 2
haar_x2
-1.629510e-001 0 -1
-2.009686e-001 7.425220e-002 
1
2
2 6 2 2 0 -1
3 6 1 2 0 2
haar_x2
1.667464e-002 0 -1
1.444268e-001 -6.877888e-001 
1
2
7 5 1 2 0 -1
7 5 1 1 0 2
tilted_haar_x2
-8.635867e-002 0 -1
-9.746132e-001 2.553526e-002 
1
2
1 5 2 1 0 -1
1 5 1 1 0 2
tilted_haar_x2
-3.953038e-002 0 -1
-6.938400e-001 1.121296e-001 
1
2
1 6 7 2 0 -1
1 7 7 1 0 2
haar_y2
1.673660e-003 0 -1
-4.588856e-001 1.702612e-001 
1
3
0 2 8 6 0 -1
0 2 4 3 0 2
4 5 4 3 0 2
haar_x2_y2
-2.569624e-001 0 -1
-7.035567e-001 1.060048e-001 
1
2
3 0 2 2 0 -1
3 0 1 2 0 2
haar_x2
3.348116e-002 0 -1
5.441086e-002 -9.191949e-001 
1
2
1 0 6 3 0 -1
1 1 6 1 0 3
haar_y3
1.158738e-001 0 -1
-1.751168e-001 3.980947e-001 
1
2
3 6 3 2 0 -1
4 6 1 2 0 3
haar_x3
3.157421e-002 0 -1
6.862915e-002 -8.589947e-001 
1
2
0 6 1 2 0 -1
0 7 1 1 0 2
haar_y2
-1.170809e-002 0 -1
-6.364674e-001 8.113314e-002 
-1.387014e+000

2
-1
