10
1
2
1 0 6 6 0 -1
3 2 2 2 0 9
haar_point
4.274091e-001 0 -1
-7.479380e-001 7.011444e-001 
1
2
3 4 2 2 0 -1
3 5 2 1 0 2
haar_y2
-3.722582e-002 0 -1
6.365139e-001 -6.473837e-001 
1
2
3 0 2 6 0 -1
3 3 2 3 0 2
haar_y2
-1.161328e-003 0 -1
4.225408e-001 -8.030560e-001 
1
2
1 3 6 4 0 -1
1 4 6 2 0 2
haar_y4
-1.703629e-001 0 -1
6.539106e-001 -3.417399e-001 
1
2
2 0 1 2 0 -1
2 0 1 1 0 2
tilted_haar_y2
-5.526746e-004 0 -1
3.752218e-001 -4.580249e-001 
1
2
2 3 4 4 0 -1
2 5 4 2 0 2
haar_y2
-2.981790e-001 0 -1
6.677099e-001 -2.064574e-001 
1
2
3 0 2 3 0 -1
3 1 2 1 0 3
haar_y3
-4.236746e-002 0 -1
-8.973231e-001 1.571858e-001 
1
2
4 0 2 1 0 -1
4 0 1 1 0 2
haar_x2
2.598575e-003 0 -1
-2.987437e-001 2.402684e-001 
1
2
0 5 2 2 0 -1
1 5 1 2 0 2
haar_x2
-1.479928e-003 0 -1
2.599419e-001 -4.497845e-001 
1
2
4 0 2 1 0 -1
4 0 1 1 0 2
haar_x2
-8.675584e-004 0 -1
1.710586e-001 -9.319934e-002 
-1.689560e+000

-1
-1
