22
1
2
3 1 4 1 0 -1
4 2 2 1 0 2
tilted_haar_x4
8.568296e-002 0 -1
-4.028561e-001 4.294158e-001 
1
2
2 2 4 4 0 -1
2 4 4 2 0 2
haar_y2
-3.350191e-001 0 -1
5.532572e-001 -2.477971e-001 
1
2
1 4 6 2 0 -1
1 5 6 1 0 2
haar_y2
-1.867935e-001 0 -1
5.138628e-001 -2.018190e-001 
1
2
2 0 4 1 0 -1
3 0 2 1 0 2
haar_x4
2.198224e-002 0 -1
-3.271766e-001 3.001735e-001 
1
2
0 0 4 3 0 -1
0 1 4 1 0 3
haar_y3
-4.090618e-002 0 -1
-7.265896e-001 1.195448e-001 
1
2
4 0 1 2 0 -1
4 1 1 1 0 2
haar_y2
1.689404e-002 0 -1
1.134680e-001 -6.288677e-001 
1
2
0 1 2 6 0 -1
1 1 1 6 0 2
haar_x2
-9.871267e-004 0 -1
2.090292e-001 -3.621584e-001 
1
3
3 0 2 2 0 -1
4 0 1 1 0 2
3 1 1 1 0 2
haar_x2_y2
1.160889e-002 0 -1
1.316795e-001 -5.404403e-001 
1
2
3 0 1 3 0 -1
3 1 1 1 0 3
haar_y3
-1.968957e-002 0 -1
-7.694361e-001 6.115587e-002 
1
2
0 5 8 3 0 -1
0 6 8 1 0 3
haar_y3
4.085280e-002 0 -1
-2.332220e-001 2.719660e-001 
1
2
2 4 4 4 0 -1
2 5 4 2 0 2
haar_y4
-1.415483e-001 0 -1
3.145056e-001 -2.093959e-001 
1
2
4 1 4 3 0 -1
4 2 4 1 0 3
haar_y3
-6.559326e-002 0 -1
-5.535487e-001 6.145081e-002 
1
2
0 1 4 3 0 -1
0 2 4 1 0 3
haar_y3
-5.250140e-002 0 -1
-6.031131e-001 9.397642e-002 
1
2
6 0 2 8 0 -1
6 4 2 4 0 2
haar_y2
-3.475825e-001 0 -1
-5.725421e-001 4.971753e-002 
1
2
1 3 6 3 0 -1
1 4 6 1 0 3
haar_y3
-2.338753e-001 0 -1
6.529377e-001 -8.016012e-002 
1
2
2 2 4 2 0 -1
2 3 4 1 0 2
haar_y2
-4.096233e-002 0 -1
-5.245173e-001 1.241270e-001 
1
3
3 1 2 2 0 -1
3 1 1 1 0 2
4 2 1 1 0 2
haar_x2_y2
1.471612e-002 0 -1
8.920979e-002 -5.551112e-001 
1
2
6 0 2 8 0 -1
6 4 2 4 0 2
haar_y2
-6.466092e-001 0 -1
8.428556e-001 -2.882460e-002 
1
2
0 0 2 8 0 -1
0 4 2 4 0 2
haar_y2
-3.376350e-001 0 -1
-6.334071e-001 7.991099e-002 
1
2
7 3 1 2 0 -1
7 4 1 1 0 2
haar_y2
-6.327062e-004 0 -1
1.836484e-001 -3.094032e-001 
1
2
0 0 8 3 0 -1
2 0 4 3 0 2
haar_x4
-2.987520e-001 0 -1
5.987730e-001 -7.238813e-002 
1
2
5 0 2 2 0 -1
5 0 1 2 0 2
tilted_haar_y2
-2.610384e-002 0 -1
-3.465388e-001 1.170686e-001 
-1.326556e+000

3
-1
