7
1
2
2 3 4 4 0 -1
2 5 4 2 0 2
haar_y2
1.726930e-001 0 -1
-7.413748e-001 7.724337e-001 
1
2
1 1 6 6 0 -1
3 3 2 2 0 9
haar_point
-5.863221e-001 0 -1
7.020360e-001 -6.356013e-001 
1
2
0 0 1 8 0 -1
0 4 1 4 0 2
haar_y2
8.234262e-004 0 -1
-7.518229e-001 4.147910e-001 
1
2
1 1 6 4 0 -1
1 2 6 2 0 2
haar_y4
-7.542293e-002 0 -1
4.748867e-001 -6.170745e-001 
1
2
0 6 8 2 0 -1
0 7 8 1 0 2
haar_y2
1.906064e-003 0 -1
-6.341083e-001 3.665386e-001 
1
2
4 2 2 4 0 -1
3 3 2 2 0 2
tilted_haar_x4
3.936239e-002 0 -1
-4.339794e-001 2.929665e-001 
1
2
4 2 4 2 0 -1
5 3 2 2 0 2
tilted_haar_x4
-1.033374e-003 0 -1
3.848898e-001 -6.698808e-001 
-1.701478e+000

-1
-1
