16
1
2
3 2 4 6 0 -1
3 5 4 3 0 2
haar_y2
-3.202723e-001 0 -1
4.288752e-001 -4.006983e-001 
1
2
3 0 4 3 0 -1
4 0 2 3 0 2
haar_x4
2.076998e-002 0 -1
-6.253365e-001 2.683598e-001 
1
2
2 4 6 4 0 -1
2 6 6 2 0 2
haar_y2
-2.807604e-001 0 -1
4.236811e-001 -3.440178e-001 
1
2
8 2 2 6 0 -1
8 2 1 6 0 2
haar_x2
-1.658325e-002 0 -1
3.436772e-001 -3.718840e-001 
1
2
1 6 8 2 0 -1
1 7 8 1 0 2
haar_y2
6.000286e-002 0 -1
-2.381592e-001 4.899394e-001 
1
2
3 0 4 4 0 -1
3 1 4 2 0 2
haar_y4
1.922528e-002 0 -1
1.816233e-001 -7.620021e-001 
1
2
0 0 10 4 0 -1
0 1 10 2 0 2
haar_y4
-2.150010e-002 0 -1
-7.539790e-001 1.866478e-001 
1
2
6 2 4 2 0 -1
7 2 2 2 0 2
haar_x4
-5.612710e-003 0 -1
8.398794e-002 -2.976405e-001 
1
2
0 2 4 2 0 -1
1 2 2 2 0 2
haar_x4
-7.361869e-003 0 -1
2.540949e-001 -4.349813e-001 
1
2
7 0 2 10 0 -1
7 5 2 5 0 2
haar_y2
-2.629463e-002 0 -1
9.918720e-002 -6.318557e-001 
1
3
0 2 10 8 0 -1
0 2 5 4 0 2
5 6 5 4 0 2
haar_x2_y2
-1.593465e-001 0 -1
-7.217402e-001 1.130316e-001 
1
2
4 6 2 4 0 -1
4 7 2 2 0 2
haar_y4
-4.715953e-002 0 -1
5.535078e-001 -1.715233e-001 
1
2
1 0 8 2 0 -1
1 1 8 1 0 2
haar_y2
-1.848990e-002 0 -1
-8.264704e-001 1.072578e-001 
1
2
3 0 5 3 0 -1
3 1 5 1 0 3
haar_y3
2.582956e-002 0 -1
7.232169e-002 -7.284084e-001 
1
2
3 3 1 3 0 -1
2 4 1 1 0 3
tilted_haar_y3
1.743190e-002 0 -1
1.186852e-001 -6.185588e-001 
1
2
6 0 3 1 0 -1
7 1 1 1 0 3
tilted_haar_y3
-1.695080e-003 0 -1
1.828596e-001 -2.855461e-001 
-1.354344e+000

5
-1
