99
1
3
0 6 10 2 0 -1
0 6 5 1 0 2
5 7 5 1 0 2
haar_x2_y2
2.335889e-002 0 -1
-1.690278e-001 3.588183e-001 
1
2
10 2 4 2 0 -1
10 3 4 1 0 2
haar_y2
-4.140748e-002 0 -1
3.071390e-001 -1.046389e-001 
1
2
3 1 9 5 0 -1
6 1 3 5 0 3
haar_x3
5.366436e-002 0 -1
-1.807410e-001 1.731408e-001 
1
2
4 0 7 3 0 -1
4 1 7 1 0 3
haar_y3
1.373299e-001 0 -1
-8.679701e-002 3.501431e-001 
1
3
0 2 2 6 0 -1
0 2 1 3 0 2
1 5 1 3 0 2
haar_x2_y2
1.588159e-002 0 -1
-9.246013e-002 2.120682e-001 
1
2
14 0 1 3 0 -1
14 1 1 1 0 3
haar_y3
1.101374e-002 0 -1
5.062649e-002 -4.810822e-001 
1
3
2 0 10 6 0 -1
2 0 5 3 0 2
7 3 5 3 0 2
haar_x2_y2
-8.914464e-002 0 -1
-2.902320e-001 7.658112e-002 
1
2
7 6 2 2 0 -1
7 7 2 1 0 2
haar_y2
-6.857686e-003 0 -1
2.246780e-001 -5.744125e-002 
1
2
4 5 6 2 0 -1
6 5 2 2 0 3
haar_x3
-1.031848e-002 0 -1
1.763913e-001 -1.286922e-001 
1
2
14 0 1 3 0 -1
14 1 1 1 0 3
haar_y3
-1.143122e-002 0 -1
-3.263190e-001 2.589306e-002 
1
2
0 0 1 3 0 -1
0 1 1 1 0 3
haar_y3
5.601639e-003 0 -1
6.793986e-002 -2.874137e-001 
1
2
7 2 8 6 0 -1
7 5 8 3 0 2
haar_y2
-1.430809e-001 0 -1
-2.976845e-001 4.056409e-002 
1
2
1 3 4 3 0 -1
1 4 4 1 0 3
haar_y3
1.362657e-002 0 -1
-1.228768e-001 1.569895e-001 
1
2
6 2 4 3 0 -1
6 3 4 1 0 3
haar_y3
8.865611e-002 0 -1
-5.391717e-002 3.364838e-001 
1
2
0 4 5 3 0 -1
0 5 5 1 0 3
haar_y3
-1.885583e-002 0 -1
-3.596429e-001 6.285423e-002 
1
2
11 6 3 2 0 -1
11 7 3 1 0 2
haar_y2
-3.874002e-002 0 -1
-4.710203e-001 2.709089e-003 
1
3
2 3 4 2 0 -1
2 3 2 1 0 2
4 4 2 1 0 2
haar_x2_y2
1.029378e-002 0 -1
-1.081685e-001 1.688829e-001 
1
2
0 7 15 1 0 -1
5 7 5 1 0 3
haar_x3
-8.393660e-002 0 -1
1.989993e-001 -8.342452e-002 
1
2
4 6 3 2 0 -1
5 6 1 2 0 3
haar_x3
-1.387040e-002 0 -1
-5.478410e-001 3.641168e-002 
1
2
6 5 3 2 0 -1
6 6 3 1 0 2
haar_y2
1.341126e-002 0 -1
-7.442620e-002 2.602383e-001 
1
2
4 5 6 1 0 -1
6 5 2 1 0 3
haar_x3
2.031195e-003 0 -1
-1.214334e-001 1.548468e-001 
1
2
8 6 3 2 0 -1
9 6 1 2 0 3
haar_x3
-1.422992e-002 0 -1
-5.534757e-001 2.822684e-002 
1
2
4 6 3 2 0 -1
5 6 1 2 0 3
haar_x3
7.270401e-003 0 -1
5.614297e-002 -3.167233e-001 
1
3
1 4 14 4 0 -1
8 4 7 2 0 2
1 6 7 2 0 2
haar_x2_y2
-9.044681e-002 0 -1
-3.529289e-001 5.660705e-002 
1
2
3 6 9 1 0 -1
6 6 3 1 0 3
haar_x3
-1.761342e-002 0 -1
1.410990e-001 -9.998140e-002 
1
3
6 4 6 4 0 -1
9 4 3 2 0 2
6 6 3 2 0 2
haar_x2_y2
4.628616e-002 0 -1
-5.543490e-002 3.499558e-001 
1
2
0 0 1 3 0 -1
0 1 1 1 0 3
haar_y3
-5.526317e-003 0 -1
-2.469004e-001 6.486864e-002 
1
2
10 2 2 6 0 -1
10 2 1 6 0 2
haar_x2
-2.286557e-002 0 -1
-3.199666e-001 4.435453e-002 
1
2
0 5 14 3 0 -1
7 5 7 3 0 2
haar_x2
1.922007e-001 0 -1
-7.357511e-002 2.235358e-001 
1
2
10 3 3 2 0 -1
10 4 3 1 0 2
haar_y2
4.615860e-002 0 -1
-3.827034e-002 1.251044e-001 
1
2
3 0 2 2 0 -1
4 0 1 2 0 2
haar_x2
1.805879e-002 0 -1
2.304120e-002 -5.672689e-001 
1
3
13 3 2 4 0 -1
14 3 1 2 0 2
13 5 1 2 0 2
haar_x2_y2
1.450402e-002 0 -1
-7.054403e-002 2.334805e-001 
1
3
0 3 2 4 0 -1
0 3 1 2 0 2
1 5 1 2 0 2
haar_x2_y2
-5.273883e-002 0 -1
8.078309e-001 -1.549907e-002 
1
2
12 3 3 3 0 -1
12 4 3 1 0 3
haar_y3
8.813746e-002 0 -1
2.255014e-002 -7.906297e-001 
1
2
1 3 3 3 0 -1
2 4 1 1 0 9
haar_point
2.985282e-002 0 -1
-7.933496e-002 1.728873e-001 
1
2
6 4 6 3 0 -1
8 4 2 3 0 3
haar_x3
1.094530e-001 0 -1
1.043975e-002 -6.177401e-001 
1
2
3 4 6 3 0 -1
5 4 2 3 0 3
haar_x3
9.530162e-003 0 -1
-1.121540e-001 1.292660e-001 
1
2
7 3 4 4 0 -1
8 3 2 4 0 2
haar_x4
2.024912e-004 0 -1
-7.674572e-002 5.936202e-002 
1
2
1 7 12 1 0 -1
4 7 6 1 0 2
haar_x4
-1.985790e-002 0 -1
1.386955e-001 -1.116588e-001 
1
3
10 6 2 2 0 -1
11 6 1 1 0 2
10 7 1 1 0 2
haar_x2_y2
1.721982e-004 0 -1
-1.167215e-001 1.193575e-001 
1
2
4 3 4 4 0 -1
5 3 2 4 0 2
haar_x4
3.414731e-002 0 -1
2.818579e-002 -4.976972e-001 
1
3
7 2 2 2 0 -1
8 2 1 1 0 2
7 3 1 1 0 2
haar_x2_y2
-1.182643e-003 0 -1
8.749173e-002 -6.588877e-002 
1
2
4 2 2 3 0 -1
4 3 2 1 0 3
haar_y3
7.301086e-003 0 -1
-6.539762e-002 2.067498e-001 
1
2
5 1 8 3 0 -1
5 2 8 1 0 3
haar_y3
8.822147e-003 0 -1
-8.250581e-002 1.470446e-001 
1
3
3 1 4 2 0 -1
3 1 2 1 0 2
5 2 2 1 0 2
haar_x2_y2
-4.429795e-003 0 -1
1.562727e-001 -1.040855e-001 
1
2
11 5 4 3 0 -1
11 6 4 1 0 3
haar_y3
2.105812e-002 0 -1
4.328708e-002 -3.334215e-001 
1
3
4 1 2 2 0 -1
4 1 1 1 0 2
5 2 1 1 0 2
haar_x2_y2
1.151517e-003 0 -1
-1.000587e-001 1.502068e-001 
1
2
11 5 4 3 0 -1
11 6 4 1 0 3
haar_y3
-3.766405e-002 0 -1
-4.838298e-001 1.681475e-002 
1
2
6 3 3 3 0 -1
6 4 3 1 0 3
haar_y3
9.946153e-002 0 -1
-4.735308e-002 3.155645e-001 
1
2
11 5 3 3 0 -1
11 6 3 1 0 3
haar_y3
4.822928e-002 0 -1
5.042871e-003 -5.256337e-001 
1
2
1 5 3 3 0 -1
1 6 3 1 0 3
haar_y3
-3.504725e-002 0 -1
-6.036082e-001 2.261393e-002 
1
2
2 4 12 3 0 -1
6 5 4 1 0 9
haar_point
3.623737e-001 0 -1
-4.716579e-002 2.559446e-001 
1
2
0 2 15 3 0 -1
5 2 5 3 0 3
haar_x3
-3.409123e-001 0 -1
2.970276e-001 -5.578698e-002 
1
2
10 0 2 8 0 -1
10 0 1 8 0 2
haar_x2
8.705947e-002 0 -1
5.708687e-003 -9.997047e-001 
1
2
3 0 2 8 0 -1
4 0 1 8 0 2
haar_x2
-3.236504e-002 0 -1
-3.445456e-001 4.537762e-002 
1
3
8 3 4 2 0 -1
10 3 2 1 0 2
8 4 2 1 0 2
haar_x2_y2
5.164223e-003 0 -1
-5.716182e-002 8.337464e-002 
1
3
3 3 4 2 0 -1
3 3 2 1 0 2
5 4 2 1 0 2
haar_x2_y2
-9.662664e-003 0 -1
2.170807e-001 -7.724316e-002 
1
2
14 0 1 2 0 -1
14 1 1 1 0 2
haar_y2
1.354057e-003 0 -1
7.826436e-002 -3.141023e-001 
1
2
0 0 3 6 0 -1
1 2 1 2 0 9
haar_point
-1.548417e-002 0 -1
-1.098078e-001 1.245587e-001 
1
2
8 2 2 4 0 -1
8 4 2 2 0 2
haar_y2
-9.504305e-002 0 -1
-8.932946e-001 4.074053e-003 
1
2
1 4 2 3 0 -1
1 5 2 1 0 3
haar_y3
-1.376325e-002 0 -1
-3.986338e-001 3.384726e-002 
1
2
8 2 2 4 0 -1
8 4 2 2 0 2
haar_y2
1.288339e-001 0 -1
2.449101e-003 -7.719300e-001 
1
2
5 2 2 4 0 -1
5 4 2 2 0 2
haar_y2
1.447911e-003 0 -1
-2.311372e-001 6.030229e-002 
1
2
6 2 3 6 0 -1
7 4 1 2 0 9
haar_point
7.810499e-002 0 -1
9.688304e-002 -1.533735e-001 
1
2
4 1 3 2 0 -1
5 1 1 2 0 3
haar_x3
-2.610053e-002 0 -1
-7.055367e-001 1.952720e-002 
1
3
11 4 4 4 0 -1
13 4 2 2 0 2
11 6 2 2 0 2
haar_x2_y2
1.385409e-002 0 -1
-1.070597e-001 1.660052e-001 
1
3
0 4 4 4 0 -1
0 4 2 2 0 2
2 6 2 2 0 2
haar_x2_y2
-2.911983e-002 0 -1
2.733381e-001 -5.364031e-002 
1
2
9 4 2 1 0 -1
9 4 1 1 0 2
haar_x2
1.952204e-004 0 -1
-1.066829e-001 7.893756e-002 
1
2
5 5 3 1 0 -1
6 5 1 1 0 3
haar_x3
-1.171831e-002 0 -1
-6.594863e-001 1.763906e-002 
1
2
6 0 3 1 0 -1
7 0 1 1 0 3
haar_x3
-2.905922e-003 0 -1
1.643757e-001 -7.474051e-002 
1
2
0 1 1 3 0 -1
0 2 1 1 0 3
haar_y3
1.925975e-002 0 -1
1.852897e-002 -6.318776e-001 
1
3
9 2 4 2 0 -1
11 2 2 1 0 2
9 3 2 1 0 2
haar_x2_y2
-2.088795e-002 0 -1
2.451480e-001 -4.177460e-002 
1
2
6 1 2 2 0 -1
6 2 2 1 0 2
haar_y2
-5.723844e-003 0 -1
1.010134e-001 -1.277029e-001 
1
2
5 1 5 2 0 -1
5 2 5 1 0 2
haar_y2
1.630837e-002 0 -1
-6.242726e-002 2.580459e-001 
1
2
1 3 6 4 0 -1
4 3 3 4 0 2
haar_x2
-3.311341e-001 0 -1
6.959790e-001 -1.802526e-002 
1
2
7 0 7 4 0 -1
7 2 7 2 0 2
haar_y2
-9.217019e-003 0 -1
5.495341e-002 -1.312785e-001 
1
2
6 2 2 6 0 -1
6 5 2 3 0 2
haar_y2
8.806099e-002 0 -1
4.644990e-002 -2.769546e-001 
1
2
8 1 5 2 0 -1
8 1 5 1 0 2
tilted_haar_x2
7.446060e-002 0 -1
7.221454e-003 -7.623397e-001 
1
2
3 5 2 1 0 -1
3 5 1 1 0 2
tilted_haar_x2
1.797289e-002 0 -1
3.932416e-002 -3.604825e-001 
1
2
6 3 9 5 0 -1
9 3 3 5 0 3
haar_x3
-6.113549e-001 0 -1
4.884222e-001 -1.918310e-002 
1
2
0 2 9 6 0 -1
3 2 3 6 0 3
haar_x3
-6.404970e-001 0 -1
5.409660e-001 -2.953873e-002 
1
2
14 0 1 2 0 -1
14 1 1 1 0 2
haar_y2
-3.179152e-002 0 -1
-1.000000e+000 1.103732e-002 
1
2
0 0 1 2 0 -1
0 1 1 1 0 2
haar_y2
8.459113e-004 0 -1
6.230340e-002 -2.170821e-001 
1
2
4 0 7 2 0 -1
4 1 7 1 0 2
haar_y2
-8.433607e-002 0 -1
3.334892e-001 -4.137086e-002 
1
2
4 0 7 3 0 -1
4 1 7 1 0 3
haar_y3
1.646942e-002 0 -1
-1.444795e-001 1.045513e-001 
1
2
12 0 2 1 0 -1
12 0 1 1 0 2
tilted_haar_y2
4.878450e-002 0 -1
9.961668e-003 -8.319614e-001 
1
2
3 0 1 2 0 -1
3 0 1 1 0 2
tilted_haar_y2
3.841722e-002 0 -1
1.854368e-002 -6.465982e-001 
1
2
12 2 3 1 0 -1
13 2 1 1 0 3
haar_x3
-5.267914e-003 0 -1
1.896214e-001 -6.686939e-002 
1
2
6 5 3 1 0 -1
7 5 1 1 0 3
haar_x3
-9.694612e-003 0 -1
-4.664413e-001 2.670321e-002 
1
2
12 2 3 1 0 -1
13 2 1 1 0 3
haar_x3
2.815895e-003 0 -1
-6.816019e-002 1.234075e-001 
1
2
2 0 3 2 0 -1
3 1 1 2 0 3
tilted_haar_x3
-5.472003e-002 0 -1
2.694986e-001 -4.745908e-002 
1
2
0 0 15 8 0 -1
5 0 5 8 0 3
haar_x3
-1.232784e+000 0 -1
-8.807162e-001 1.521687e-002 
1
2
4 0 3 4 0 -1
3 1 3 2 0 2
tilted_haar_y4
-4.443970e-002 0 -1
1.186718e-001 -1.017911e-001 
1
2
11 0 2 3 0 -1
11 0 1 3 0 2
tilted_haar_y2
1.028276e-001 0 -1
6.975817e-003 -6.977928e-001 
1
2
4 0 3 2 0 -1
4 0 3 1 0 2
tilted_haar_y2
8.367006e-002 0 -1
1.766557e-002 -7.168862e-001 
1
2
13 5 1 2 0 -1
13 5 1 1 0 2
tilted_haar_x2
1.345686e-002 0 -1
3.299626e-002 -2.196384e-001 
1
2
2 5 2 1 0 -1
2 5 1 1 0 2
tilted_haar_x2
2.382804e-002 0 -1
3.097656e-002 -4.182250e-001 
1
2
8 0 2 3 0 -1
7 1 2 1 0 3
tilted_haar_x3
-5.364555e-002 0 -1
-1.505530e-001 1.423657e-002 
1
2
1 1 1 6 0 -1
1 3 1 2 0 3
haar_y3
-2.231103e-004 0 -1
-9.946208e-002 1.251685e-001 
-9.823962e-001

11
-1
