51
1
2
1 0 6 3 0 -1
1 1 6 1 0 3
haar_y3
1.703059e-001 0 -1
-1.597460e-001 4.824257e-001 
1
2
3 4 2 3 0 -1
3 5 2 1 0 3
haar_y3
3.886656e-002 0 -1
-1.854822e-001 3.457198e-001 
1
2
0 4 1 4 0 -1
0 6 1 2 0 2
haar_y2
1.153520e-003 0 -1
-4.010238e-001 1.422895e-001 
1
3
2 0 6 6 0 -1
5 0 3 3 0 2
2 3 3 3 0 2
haar_x2_y2
-1.939021e-001 0 -1
-3.203885e-001 5.498142e-002 
1
2
2 3 4 4 0 -1
3 3 2 4 0 2
haar_x4
-4.962656e-002 0 -1
2.042087e-001 -3.051083e-001 
1
2
3 6 3 2 0 -1
4 6 1 2 0 3
haar_x3
2.180266e-002 0 -1
5.535118e-002 -5.819433e-001 
1
3
1 2 6 6 0 -1
1 2 3 3 0 2
4 5 3 3 0 2
haar_x2_y2
-1.706162e-001 0 -1
-5.759137e-001 8.476004e-002 
1
2
4 4 3 1 0 -1
5 4 1 1 0 3
haar_x3
-2.135709e-002 0 -1
2.889493e-001 -7.972845e-002 
1
2
2 0 2 2 0 -1
3 0 1 2 0 2
haar_x2
6.378770e-004 0 -1
-2.793390e-001 1.795085e-001 
1
2
6 1 2 4 0 -1
6 2 2 2 0 2
haar_y4
-4.903474e-002 0 -1
1.282544e-001 -1.140797e-001 
1
2
1 4 3 1 0 -1
2 4 1 1 0 3
haar_x3
-1.962200e-002 0 -1
4.655606e-001 -1.096597e-001 
1
2
3 6 3 2 0 -1
4 6 1 2 0 3
haar_x3
-1.478244e-002 0 -1
-3.430199e-001 8.495153e-002 
1
2
2 6 3 2 0 -1
3 6 1 2 0 3
haar_x3
-2.817226e-002 0 -1
-6.196651e-001 6.502485e-002 
1
2
4 5 2 1 0 -1
4 5 1 1 0 2
tilted_haar_y2
-6.219291e-004 0 -1
6.631515e-002 -3.049627e-001 
1
2
1 5 2 1 0 -1
1 5 1 1 0 2
tilted_haar_x2
-4.000803e-002 0 -1
-5.882196e-001 7.037941e-002 
1
2
2 1 4 3 0 -1
2 2 4 1 0 3
haar_y3
1.620642e-001 0 -1
-7.497093e-002 6.407115e-001 
1
2
0 1 2 4 0 -1
0 2 2 2 0 2
haar_y4
-6.720505e-003 0 -1
1.455465e-001 -3.280686e-001 
1
2
4 3 3 3 0 -1
5 3 1 3 0 3
haar_x3
2.192847e-002 0 -1
-1.057946e-001 2.205425e-001 
1
2
1 3 3 3 0 -1
2 3 1 3 0 3
haar_x3
5.288658e-002 0 -1
-1.282914e-001 3.436216e-001 
1
2
3 0 3 2 0 -1
4 0 1 2 0 3
haar_x3
2.325356e-002 0 -1
8.017537e-002 -5.367824e-001 
1
2
2 0 3 2 0 -1
3 0 1 2 0 3
haar_x3
1.977500e-002 0 -1
7.067028e-002 -6.203354e-001 
1
2
3 7 3 1 0 -1
4 7 1 1 0 3
haar_x3
-6.564995e-004 0 -1
1.632784e-001 -1.554832e-001 
1
2
2 7 3 1 0 -1
3 7 1 1 0 3
haar_x3
1.366823e-002 0 -1
6.724512e-002 -6.739408e-001 
1
2
2 3 6 4 0 -1
2 3 3 4 0 2
haar_x2
1.194925e-001 0 -1
-5.610666e-002 1.959551e-001 
1
2
0 2 8 2 0 -1
2 2 4 2 0 2
haar_x4
-3.960133e-002 0 -1
1.190772e-001 -3.075959e-001 
1
2
2 1 4 2 0 -1
3 1 2 2 0 2
haar_x4
-5.950075e-002 0 -1
-6.910815e-001 4.754987e-002 
1
2
2 0 4 3 0 -1
2 1 4 1 0 3
haar_y3
-8.715300e-002 0 -1
5.464838e-001 -6.850442e-002 
1
2
0 0 8 3 0 -1
0 1 8 1 0 3
haar_y3
7.074144e-002 0 -1
-1.586428e-001 2.017211e-001 
1
3
2 2 2 2 0 -1
2 2 1 1 0 2
3 3 1 1 0 2
haar_x2_y2
4.949943e-003 0 -1
-8.385063e-002 3.444750e-001 
1
3
2 0 6 6 0 -1
5 0 3 3 0 2
2 3 3 3 0 2
haar_x2_y2
6.987366e-002 0 -1
-6.380738e-002 1.111051e-001 
1
3
0 0 6 6 0 -1
0 0 3 3 0 2
3 3 3 3 0 2
haar_x2_y2
3.076113e-003 0 -1
7.896488e-002 -4.071006e-001 
1
2
5 6 3 2 0 -1
5 7 3 1 0 2
haar_y2
4.361745e-003 0 -1
-1.461099e-001 6.569339e-002 
1
2
2 0 1 2 0 -1
2 0 1 1 0 2
tilted_haar_y2
-2.332699e-002 0 -1
-3.265280e-001 8.933584e-002 
1
2
7 0 1 6 0 -1
7 2 1 2 0 3
haar_y3
-1.818954e-001 0 -1
-3.527620e-001 2.481231e-002 
1
2
1 0 6 8 0 -1
1 4 6 4 0 2
haar_y2
-6.210743e-001 0 -1
-9.521608e-001 2.873893e-002 
1
2
0 1 8 3 0 -1
0 2 8 1 0 3
haar_y3
1.075409e-001 0 -1
-9.536421e-002 3.200620e-001 
1
2
2 1 1 2 0 -1
2 1 1 1 0 2
tilted_haar_y2
3.348348e-002 0 -1
6.648812e-002 -4.837519e-001 
1
2
2 0 4 3 0 -1
2 0 2 3 0 2
haar_x2
-1.348298e-001 0 -1
-5.168160e-001 5.207958e-002 
1
2
0 6 3 2 0 -1
0 7 3 1 0 2
haar_y2
1.022908e-003 0 -1
-2.698805e-001 1.159306e-001 
1
2
5 0 3 8 0 -1
5 4 3 4 0 2
haar_y2
-2.178150e-001 0 -1
-4.039617e-001 2.616859e-002 
1
2
0 0 3 8 0 -1
0 4 3 4 0 2
haar_y2
7.153112e-001 0 -1
5.002739e-002 -6.735986e-001 
1
2
5 0 3 1 0 -1
6 0 1 1 0 3
haar_x3
1.482704e-002 0 -1
4.390595e-002 -4.064254e-001 
1
2
2 2 4 2 0 -1
2 2 2 2 0 2
tilted_haar_x2
-3.126222e-001 0 -1
-5.606347e-001 4.476221e-002 
1
2
5 0 3 1 0 -1
6 0 1 1 0 3
haar_x3
-1.138091e-002 0 -1
-3.933658e-001 6.441911e-002 
1
2
0 2 8 6 0 -1
2 2 4 6 0 2
haar_x4
-1.063665e+000 0 -1
8.125097e-001 -3.717561e-002 
1
2
3 0 2 1 0 -1
3 0 1 1 0 2
haar_x2
-6.334876e-004 0 -1
1.487109e-001 -1.961926e-001 
1
2
2 5 4 3 0 -1
2 6 4 1 0 3
haar_y3
1.216293e-001 0 -1
-6.154164e-002 4.730375e-001 
1
2
3 0 3 1 0 -1
4 0 1 1 0 3
haar_x3
2.226988e-002 0 -1
2.207458e-002 -4.264962e-001 
1
2
2 2 3 3 0 -1
3 3 1 1 0 9
haar_point
-1.018990e-001 0 -1
1.753139e-001 -1.664410e-001 
1
2
5 1 3 5 0 -1
6 1 1 5 0 3
haar_x3
-2.474993e-001 0 -1
8.535826e-001 -2.168489e-002 
1
2
0 3 3 2 0 -1
1 3 1 2 0 3
haar_x3
-2.856901e-002 0 -1
3.404392e-001 -9.608838e-002 
-1.252243e+000

9
-1
