10
1
2
2 2 3 4 0 -1
2 4 3 2 0 2
haar_y2
3.517652e-001 0 -1
-8.166254e-001 7.500946e-001 
1
2
5 0 1 4 0 -1
4 1 1 2 0 2
tilted_haar_y4
-1.233330e-001 0 -1
4.830444e-001 -8.002291e-001 
1
2
5 2 1 4 0 -1
5 4 1 2 0 2
haar_y2
3.706992e-003 0 -1
-7.626198e-001 3.075818e-001 
1
2
3 1 3 1 0 -1
4 2 1 1 0 3
tilted_haar_x3
-5.928353e-002 0 -1
3.298061e-001 -7.241392e-001 
1
2
0 2 1 4 0 -1
0 4 1 2 0 2
haar_y2
1.818836e-002 0 -1
-5.629794e-001 2.920130e-001 
1
2
5 1 1 2 0 -1
5 2 1 1 0 2
haar_y2
-4.403492e-003 0 -1
3.451871e-001 -4.996375e-001 
1
2
0 0 6 6 0 -1
0 2 6 2 0 3
haar_y3
3.536745e-002 0 -1
-2.280244e-001 7.244529e-001 
1
2
3 2 1 4 0 -1
3 4 1 2 0 2
haar_y2
8.841859e-003 0 -1
-8.594555e-001 2.138442e-001 
1
2
4 3 2 1 0 -1
4 3 1 1 0 2
tilted_haar_x2
-1.726215e-003 0 -1
1.139875e-001 -7.627389e-001 
1
2
0 2 1 2 0 -1
0 3 1 1 0 2
haar_y2
4.190878e-003 0 -1
-4.477991e-001 2.453275e-001 
-2.313472e+000

-1
-1
