72
1
2
2 4 4 1 0 -1
3 4 2 1 0 2
haar_x4
-2.437720e-002 0 -1
3.105554e-001 -3.369678e-001 
1
2
4 2 1 4 0 -1
4 2 1 2 0 2
tilted_haar_x2
-1.254564e-001 0 -1
8.032795e-002 -1.482227e-001 
1
2
1 3 4 1 0 -1
1 3 2 1 0 2
tilted_haar_x2
-4.433573e-003 0 -1
8.789995e-002 -4.050778e-001 
1
2
0 2 8 2 0 -1
2 2 4 2 0 2
haar_x4
-4.992044e-002 0 -1
1.351409e-001 -2.786307e-001 
1
2
1 3 4 2 0 -1
2 3 2 2 0 2
haar_x4
4.555599e-002 0 -1
-5.133536e-002 4.483163e-001 
1
2
3 3 2 3 0 -1
3 4 2 1 0 3
haar_y3
-4.494170e-002 0 -1
2.080613e-001 -1.437844e-001 
1
2
1 4 3 1 0 -1
2 4 1 1 0 3
haar_x3
-2.270668e-002 0 -1
3.903871e-001 -8.131552e-002 
1
2
0 1 8 4 0 -1
0 2 8 2 0 2
haar_y4
-2.613161e-001 0 -1
2.141911e-001 -1.422611e-001 
1
3
1 5 2 2 0 -1
1 5 1 1 0 2
2 6 1 1 0 2
haar_x2_y2
-6.397032e-004 0 -1
1.964238e-001 -1.384223e-001 
1
2
3 3 3 2 0 -1
4 3 1 2 0 3
haar_x3
-4.005604e-002 0 -1
1.496992e-001 -9.432518e-002 
1
2
2 3 3 2 0 -1
3 3 1 2 0 3
haar_x3
-4.023885e-002 0 -1
2.481294e-001 -1.269147e-001 
1
2
2 7 4 1 0 -1
2 7 2 1 0 2
haar_x2
3.397386e-002 0 -1
4.539198e-002 -5.229636e-001 
1
2
2 0 3 2 0 -1
3 0 1 2 0 3
haar_x3
-3.578024e-002 0 -1
-8.270566e-001 2.878519e-002 
1
2
7 6 1 2 0 -1
7 7 1 1 0 2
haar_y2
-7.849166e-003 0 -1
-3.726959e-001 2.940636e-002 
1
2
0 6 1 2 0 -1
0 7 1 1 0 2
haar_y2
7.067000e-004 0 -1
-2.229791e-001 9.781314e-002 
1
2
4 2 3 2 0 -1
5 3 1 2 0 3
tilted_haar_y3
-1.084282e-001 0 -1
5.735034e-002 -5.218358e-002 
1
2
0 4 1 4 0 -1
0 5 1 2 0 2
haar_y4
6.995046e-004 0 -1
-1.889707e-001 1.235889e-001 
1
2
3 4 3 3 0 -1
3 5 3 1 0 3
haar_y3
-2.142188e-002 0 -1
1.772143e-001 -7.222518e-002 
1
2
3 4 3 1 0 -1
4 5 1 1 0 3
tilted_haar_x3
-6.184456e-002 0 -1
-4.012375e-001 5.112813e-002 
1
2
6 0 2 1 0 -1
6 0 1 1 0 2
tilted_haar_y2
7.681441e-002 0 -1
2.359355e-002 -5.977346e-001 
1
2
0 0 3 1 0 -1
1 0 1 1 0 3
haar_x3
2.218704e-002 0 -1
2.602946e-002 -6.406667e-001 
1
2
5 3 3 3 0 -1
6 3 1 3 0 3
haar_x3
8.368251e-002 0 -1
-7.706086e-002 3.205959e-001 
1
2
2 1 1 2 0 -1
2 1 1 1 0 2
tilted_haar_y2
5.569443e-002 0 -1
3.989751e-002 -4.501343e-001 
1
2
6 5 2 1 0 -1
6 5 1 1 0 2
haar_x2
4.110944e-002 0 -1
9.232938e-003 -6.906815e-001 
1
2
0 5 2 1 0 -1
1 5 1 1 0 2
haar_x2
7.456601e-004 0 -1
-1.287773e-001 1.490598e-001 
1
2
5 5 2 1 0 -1
5 5 1 1 0 2
tilted_haar_y2
-8.658280e-004 0 -1
4.075331e-002 -1.788114e-001 
1
3
2 5 2 2 0 -1
2 5 1 1 0 2
3 6 1 1 0 2
haar_x2_y2
-8.751820e-004 0 -1
1.920025e-001 -1.022884e-001 
1
2
4 2 4 4 0 -1
4 2 2 4 0 2
haar_x2
-2.291825e-001 0 -1
-2.629047e-001 4.489826e-002 
1
2
0 2 4 4 0 -1
2 2 2 4 0 2
haar_x2
-7.792191e-003 0 -1
6.799187e-002 -2.929790e-001 
1
3
5 4 2 2 0 -1
6 4 1 1 0 2
5 5 1 1 0 2
haar_x2_y2
-3.333761e-003 0 -1
2.056206e-001 -9.949020e-002 
1
2
4 1 4 1 0 -1
5 2 2 1 0 2
tilted_haar_x4
-9.885986e-002 0 -1
1.618725e-001 -1.204648e-001 
1
2
3 7 3 1 0 -1
4 7 1 1 0 3
haar_x3
-1.608991e-002 0 -1
-5.988811e-001 3.295598e-002 
1
2
2 7 3 1 0 -1
3 7 1 1 0 3
haar_x3
-1.169972e-002 0 -1
-3.733179e-001 4.563932e-002 
1
2
5 3 3 1 0 -1
6 3 1 1 0 3
haar_x3
-1.422611e-002 0 -1
2.811445e-001 -7.581682e-002 
1
2
0 3 3 1 0 -1
1 3 1 1 0 3
haar_x3
-1.088940e-002 0 -1
2.141325e-001 -9.191122e-002 
1
2
6 0 2 6 0 -1
6 0 1 6 0 2
haar_x2
-8.898531e-002 0 -1
-2.210299e-001 2.210757e-002 
1
2
0 3 3 3 0 -1
1 3 1 3 0 3
haar_x3
6.196180e-002 0 -1
-7.301577e-002 2.708484e-001 
1
2
5 0 3 2 0 -1
6 0 1 2 0 3
haar_x3
1.947026e-002 0 -1
5.432593e-002 -3.938546e-001 
1
2
2 7 2 1 0 -1
3 7 1 1 0 2
haar_x2
-6.656621e-004 0 -1
1.318158e-001 -1.375117e-001 
1
3
3 3 2 2 0 -1
4 3 1 1 0 2
3 4 1 1 0 2
haar_x2_y2
1.994884e-002 0 -1
-5.283573e-002 3.438706e-001 
1
2
4 1 3 2 0 -1
4 1 3 1 0 2
tilted_haar_y2
-1.551040e-001 0 -1
5.063753e-001 -3.344820e-002 
1
2
5 0 3 2 0 -1
6 0 1 2 0 3
haar_x3
-3.446797e-002 0 -1
-4.613469e-001 3.160448e-002 
1
2
1 5 6 3 0 -1
4 5 3 3 0 2
haar_x2
3.642842e-002 0 -1
-1.030321e-001 1.722592e-001 
1
3
2 1 6 6 0 -1
5 1 3 3 0 2
2 4 3 3 0 2
haar_x2_y2
3.287564e-001 0 -1
8.165766e-003 -3.456307e-001 
1
3
0 1 6 6 0 -1
0 1 3 3 0 2
3 4 3 3 0 2
haar_x2_y2
2.583856e-001 0 -1
4.097451e-002 -4.682591e-001 
1
2
1 4 7 3 0 -1
1 5 7 1 0 3
haar_y3
-2.356218e-001 0 -1
-7.528613e-001 1.438962e-002 
1
2
2 0 3 2 0 -1
3 0 1 2 0 3
haar_x3
2.384757e-002 0 -1
3.448273e-002 -4.230693e-001 
1
3
5 3 2 2 0 -1
6 3 1 1 0 2
5 4 1 1 0 2
haar_x2_y2
-1.827388e-002 0 -1
2.897215e-001 -5.968483e-002 
1
2
2 2 3 3 0 -1
3 3 1 1 0 9
haar_point
-1.683437e-001 0 -1
1.875951e-001 -8.850366e-002 
1
2
1 1 6 3 0 -1
3 2 2 1 0 9
haar_point
-2.920686e-001 0 -1
1.887083e-001 -7.644837e-002 
1
2
1 0 3 3 0 -1
2 0 1 3 0 3
haar_x3
3.393355e-002 0 -1
3.933884e-002 -4.143418e-001 
1
2
3 1 2 1 0 -1
3 1 1 1 0 2
haar_x2
1.040497e-003 0 -1
-1.395183e-001 1.303675e-001 
1
2
1 0 6 2 0 -1
4 0 3 2 0 2
haar_x2
8.672032e-002 0 -1
-6.714181e-002 3.213152e-001 
1
2
5 5 2 1 0 -1
5 5 1 1 0 2
tilted_haar_y2
-5.480395e-002 0 -1
-1.638886e-001 3.718456e-002 
1
2
3 5 1 2 0 -1
3 5 1 1 0 2
tilted_haar_y2
2.050867e-002 0 -1
3.157825e-002 -4.960786e-001 
1
3
4 3 2 2 0 -1
5 3 1 1 0 2
4 4 1 1 0 2
haar_x2_y2
-2.445646e-002 0 -1
2.432771e-001 -4.929739e-002 
1
2
0 0 6 2 0 -1
2 0 2 2 0 3
haar_x3
3.146070e-002 0 -1
-8.018881e-002 1.866289e-001 
1
2
4 0 1 3 0 -1
4 1 1 1 0 3
haar_y3
-1.480171e-002 0 -1
1.944989e-001 -4.882376e-002 
1
3
3 1 2 2 0 -1
3 1 1 1 0 2
4 2 1 1 0 2
haar_x2_y2
-8.042236e-004 0 -1
1.426421e-001 -1.207293e-001 
1
2
4 0 2 1 0 -1
4 0 1 1 0 2
haar_x2
1.623674e-002 0 -1
2.310142e-002 -2.729435e-001 
1
2
1 0 4 1 0 -1
3 0 2 1 0 2
haar_x2
-1.522969e-003 0 -1
1.190073e-001 -1.412683e-001 
1
2
5 4 3 1 0 -1
6 4 1 1 0 3
haar_x3
-1.096883e-002 0 -1
2.689369e-001 -9.101794e-002 
1
2
4 0 4 2 0 -1
4 0 4 1 0 2
tilted_haar_y2
-5.864494e-002 0 -1
-2.765754e-001 5.750057e-002 
1
2
5 4 3 1 0 -1
6 4 1 1 0 3
haar_x3
2.974507e-002 0 -1
-6.838161e-002 2.202512e-001 
1
2
4 1 3 2 0 -1
4 1 3 1 0 2
tilted_haar_y2
-8.658805e-002 0 -1
2.535039e-001 -5.878886e-002 
1
2
3 4 3 2 0 -1
4 4 1 2 0 3
haar_x3
6.164734e-002 0 -1
-1.515213e-002 3.997898e-001 
1
2
1 3 4 1 0 -1
1 3 2 1 0 2
tilted_haar_x2
-6.505275e-002 0 -1
1.056917e-001 -1.455091e-001 
1
2
5 3 3 4 0 -1
5 4 3 2 0 2
haar_y4
1.003367e-001 0 -1
4.191381e-002 -2.367657e-001 
1
2
0 3 3 4 0 -1
0 4 3 2 0 2
haar_y4
2.607344e-003 0 -1
-1.634485e-001 1.224470e-001 
1
2
5 3 2 3 0 -1
4 4 2 1 0 3
tilted_haar_x3
-6.786828e-002 0 -1
1.403628e-001 -5.633924e-002 
1
2
0 4 3 1 0 -1
1 4 1 1 0 3
haar_x3
-2.343546e-002 0 -1
2.853658e-001 -5.258739e-002 
1
2
5 0 3 3 0 -1
6 0 1 3 0 3
haar_x3
8.061701e-003 0 -1
8.307094e-002 -1.773938e-001 
-1.063528e+000

11
-1
