335
1
2
3 3 3 1 0 -1
4 3 1 1 0 3
haar_x3
1.042592e-001 0 -1
-6.586603e-002 2.298880e-001 
1
2
1 1 5 3 0 -1
1 2 5 1 0 3
haar_y3
-3.001252e-001 0 -1
8.736313e-002 -1.351229e-001 
1
3
1 3 2 2 0 -1
1 3 1 1 0 2
2 4 1 1 0 2
haar_x2_y2
6.417203e-002 0 -1
-6.615596e-002 1.506657e-001 
1
2
2 0 1 2 0 -1
2 0 1 1 0 2
tilted_haar_y2
-8.910225e-002 0 -1
-2.032032e-001 3.340764e-002 
1
2
2 0 1 2 0 -1
2 0 1 1 0 2
tilted_haar_y2
-8.841904e-002 0 -1
5.266173e-001 -1.471371e-003 
1
2
2 0 1 2 0 -1
2 0 1 1 0 2
tilted_haar_y2
-8.910225e-002 0 -1
-4.849877e-001 9.534608e-005 
1
2
0 0 6 3 0 -1
2 1 2 1 0 9
haar_point
-1.043192e+000 0 -1
2.385267e-001 -1.296832e-002 
1
2
0 3 1 3 0 -1
0 4 1 1 0 3
haar_y3
-5.301249e-002 0 -1
-2.032571e-001 2.301580e-002 
1
2
0 3 1 3 0 -1
0 4 1 1 0 3
haar_y3
-5.740412e-002 0 -1
3.348714e-001 -1.970516e-004 
1
2
0 3 1 3 0 -1
0 4 1 1 0 3
haar_y3
-5.834299e-002 0 -1
-3.146540e-001 8.908234e-004 
1
2
1 1 4 4 0 -1
1 3 4 2 0 2
haar_y2
7.893817e-001 0 -1
2.889262e-002 -3.079310e-001 
1
2
1 1 4 4 0 -1
1 3 4 2 0 2
haar_y2
8.078551e-001 0 -1
9.483118e-004 7.477840e-001 
1
2
1 1 4 4 0 -1
1 3 4 2 0 2
haar_y2
8.102040e-001 0 -1
5.297673e-004 -6.291748e-001 
1
2
0 4 1 2 0 -1
0 5 1 1 0 2
haar_y2
1.566503e-003 0 -1
-1.228359e-001 5.275444e-002 
1
3
0 3 2 2 0 -1
0 3 1 1 0 2
1 4 1 1 0 2
haar_x2_y2
1.125626e-001 0 -1
-8.489455e-003 3.876498e-001 
1
2
3 5 3 1 0 -1
4 5 1 1 0 3
haar_x3
5.692247e-002 0 -1
1.602974e-002 -3.990758e-001 
1
2
0 0 1 2 0 -1
0 1 1 1 0 2
haar_y2
-1.143474e-001 0 -1
-3.697934e-001 4.110605e-003 
1
2
3 5 3 1 0 -1
4 5 1 1 0 3
haar_x3
5.602290e-002 0 -1
-7.379306e-003 4.061520e-001 
1
2
4 4 2 1 0 -1
5 4 1 1 0 2
haar_x2
-4.443130e-002 0 -1
-3.051727e-001 2.294678e-002 
1
2
1 5 3 1 0 -1
2 5 1 1 0 3
haar_x3
-4.635159e-002 0 -1
-2.741577e-001 1.296220e-002 
1
3
4 3 2 2 0 -1
4 3 1 1 0 2
5 4 1 1 0 2
haar_x2_y2
-1.047504e-001 0 -1
2.955564e-001 -1.566644e-002 
1
2
1 5 2 1 0 -1
2 5 1 1 0 2
haar_x2
-1.691326e-003 0 -1
7.828283e-002 -6.757797e-002 
1
2
1 5 2 1 0 -1
2 5 1 1 0 2
haar_x2
1.787848e-003 0 -1
-6.976373e-002 1.005211e-001 
1
2
1 5 2 1 0 -1
2 5 1 1 0 2
haar_x2
1.522758e-002 0 -1
3.762200e-002 -1.647485e-001 
1
3
0 3 2 2 0 -1
0 3 1 1 0 2
1 4 1 1 0 2
haar_x2_y2
-3.511197e-002 0 -1
1.320728e-001 -4.439184e-002 
1
2
0 1 3 1 0 -1
1 1 1 1 0 3
haar_x3
3.940506e-002 0 -1
2.971477e-002 -1.737652e-001 
1
2
2 0 3 1 0 -1
3 0 1 1 0 3
haar_x3
5.403071e-002 0 -1
1.429805e-002 -2.971840e-001 
1
2
2 0 4 1 0 -1
3 0 2 1 0 2
haar_x4
1.778772e-002 0 -1
-5.500278e-002 1.233980e-001 
1
2
1 0 4 2 0 -1
3 0 2 2 0 2
haar_x2
-9.773377e-002 0 -1
1.144199e-001 -5.480544e-002 
1
2
2 1 2 1 0 -1
3 1 1 1 0 2
haar_x2
5.100968e-003 0 -1
-6.097025e-002 9.307612e-002 
1
2
4 0 2 1 0 -1
5 0 1 1 0 2
haar_x2
-4.494772e-002 0 -1
-2.759103e-001 1.669652e-002 
1
2
1 0 3 2 0 -1
2 0 1 2 0 3
haar_x3
-9.475389e-002 0 -1
-2.580132e-001 1.671803e-002 
1
2
1 1 2 2 0 -1
2 1 1 2 0 2
haar_x2
-2.325210e-001 0 -1
4.412824e-001 -1.132711e-002 
1
2
2 2 3 1 0 -1
3 2 1 1 0 3
haar_x3
1.742907e-001 0 -1
-8.981961e-003 4.907968e-001 
1
2
2 2 3 2 0 -1
3 2 1 2 0 3
haar_x3
-5.631176e-002 0 -1
4.966520e-002 -1.005585e-001 
1
2
2 0 3 5 0 -1
3 0 1 5 0 3
haar_x3
-4.598856e-001 0 -1
-4.935889e-001 9.770637e-003 
1
2
5 2 1 4 0 -1
5 4 1 2 0 2
haar_y2
1.695028e-002 0 -1
-1.791603e-001 2.473684e-002 
1
3
2 2 2 2 0 -1
2 2 1 1 0 2
3 3 1 1 0 2
haar_x2_y2
6.764279e-002 0 -1
-2.033634e-002 2.364603e-001 
1
3
1 2 4 2 0 -1
1 2 2 1 0 2
3 3 2 1 0 2
haar_x2_y2
8.009706e-002 0 -1
3.327460e-002 -1.378651e-001 
1
2
5 3 1 2 0 -1
5 3 1 1 0 2
tilted_haar_y2
-1.562448e-001 0 -1
-1.793749e-001 2.350333e-002 
1
2
1 3 5 2 0 -1
1 4 5 1 0 2
haar_y2
6.311486e-001 0 -1
-9.488717e-003 4.854532e-001 
1
2
1 0 1 3 0 -1
1 1 1 1 0 3
haar_y3
8.389971e-002 0 -1
-3.639314e-002 1.076305e-001 
1
2
0 1 6 1 0 -1
2 1 2 1 0 3
haar_x3
-4.475854e-002 0 -1
6.749213e-002 -7.082810e-002 
1
2
0 0 6 2 0 -1
2 0 2 2 0 3
haar_x3
9.928786e-002 0 -1
-3.901316e-002 1.387663e-001 
1
2
1 0 3 1 0 -1
2 0 1 1 0 3
haar_x3
4.665145e-002 0 -1
1.873077e-002 -2.510791e-001 
1
2
0 5 6 1 0 -1
2 5 2 1 0 3
haar_x3
3.319874e-002 0 -1
-3.882458e-002 1.040119e-001 
1
2
3 5 2 1 0 -1
4 5 1 1 0 2
haar_x2
1.888160e-003 0 -1
-7.285550e-002 7.065225e-002 
1
2
3 5 3 1 0 -1
4 5 1 1 0 3
haar_x3
-1.484868e-003 0 -1
7.985859e-002 -7.952023e-002 
1
2
3 5 3 1 0 -1
4 5 1 1 0 3
haar_x3
-3.670074e-002 0 -1
-2.048929e-001 2.413964e-002 
1
2
3 3 3 3 0 -1
4 3 1 3 0 3
haar_x3
-3.057492e-001 0 -1
3.964506e-001 -1.387004e-002 
1
2
3 2 3 3 0 -1
4 3 1 1 0 9
haar_point
5.795996e-001 0 -1
-1.974290e-002 2.151457e-001 
1
2
3 3 2 3 0 -1
4 3 1 3 0 2
haar_x2
9.258349e-002 0 -1
5.256929e-002 -9.248739e-002 
1
2
2 2 3 3 0 -1
3 3 1 1 0 9
haar_point
-3.523266e-001 0 -1
6.872829e-002 -7.038994e-002 
1
2
3 2 1 3 0 -1
3 3 1 1 0 3
haar_y3
3.889532e-002 0 -1
-2.581625e-002 1.705875e-001 
1
2
1 4 2 1 0 -1
2 4 1 1 0 2
haar_x2
2.669258e-002 0 -1
2.037338e-002 -2.105579e-001 
1
2
1 4 2 2 0 -1
1 5 2 1 0 2
haar_y2
-1.322681e-001 0 -1
-7.798215e-001 4.262135e-003 
1
2
4 2 1 3 0 -1
3 3 1 1 0 3
tilted_haar_y3
3.647654e-001 0 -1
-8.005003e-003 5.528866e-001 
1
2
1 2 2 3 0 -1
1 3 2 1 0 3
haar_y3
1.833285e-001 0 -1
1.844162e-002 -2.635612e-001 
1
2
2 0 3 1 0 -1
3 0 1 1 0 3
haar_x3
2.498156e-002 0 -1
2.939268e-002 -1.309661e-001 
1
2
0 0 6 1 0 -1
2 0 2 1 0 3
haar_x3
9.101319e-002 0 -1
-3.796891e-002 1.474890e-001 
1
2
0 0 2 1 0 -1
1 0 1 1 0 2
haar_x2
4.874976e-002 0 -1
1.590191e-002 -3.056368e-001 
1
2
1 0 4 5 0 -1
2 0 2 5 0 2
haar_x4
-1.949535e-001 0 -1
5.529382e-002 -7.194380e-002 
1
2
2 0 3 4 0 -1
3 0 1 4 0 3
haar_x3
8.512133e-002 0 -1
-2.043600e-002 2.280941e-001 
1
2
1 3 3 1 0 -1
2 3 1 1 0 3
haar_x3
7.176919e-002 0 -1
-1.960273e-002 1.936113e-001 
1
2
0 2 2 2 0 -1
0 3 2 1 0 2
haar_y2
9.151103e-002 0 -1
-5.589915e-002 7.583337e-002 
1
3
0 2 4 4 0 -1
0 2 2 2 0 2
2 4 2 2 0 2
haar_x2_y2
-1.725561e-002 0 -1
-1.712825e-001 2.815356e-002 
1
2
5 3 1 3 0 -1
5 4 1 1 0 3
haar_y3
1.178480e-001 0 -1
1.411945e-002 -2.624379e-001 
1
2
0 5 3 1 0 -1
1 5 1 1 0 3
haar_x3
-1.751390e-003 0 -1
6.721732e-002 -6.005657e-002 
1
2
0 5 3 1 0 -1
1 5 1 1 0 3
haar_x3
-2.720521e-002 0 -1
-1.378785e-001 2.844994e-002 
1
2
3 2 1 3 0 -1
2 3 1 1 0 3
tilted_haar_y3
-2.088290e-001 0 -1
3.036594e-001 -1.432080e-002 
1
2
3 1 3 4 0 -1
3 2 3 2 0 2
haar_y4
-7.637427e-001 0 -1
4.770665e-001 -8.552131e-003 
1
2
0 0 4 1 0 -1
1 0 2 1 0 2
haar_x4
4.447700e-002 0 -1
-2.362617e-002 1.569283e-001 
1
2
0 0 3 1 0 -1
1 0 1 1 0 3
haar_x3
6.038784e-002 0 -1
1.237590e-002 -2.941450e-001 
1
2
1 0 3 1 0 -1
2 0 1 1 0 3
haar_x3
-2.215363e-003 0 -1
7.360956e-002 -5.647590e-002 
1
2
1 0 3 2 0 -1
2 0 1 2 0 3
haar_x3
-4.163552e-002 0 -1
-1.206113e-001 3.486396e-002 
1
3
2 2 4 4 0 -1
2 2 2 2 0 2
4 4 2 2 0 2
haar_x2_y2
5.586148e-002 0 -1
2.368146e-002 -1.482967e-001 
1
2
1 4 4 1 0 -1
2 4 2 1 0 2
haar_x4
-1.488919e-001 0 -1
2.070310e-001 -1.721107e-002 
1
2
3 0 3 3 0 -1
2 1 3 1 0 3
tilted_haar_y3
2.751980e-001 0 -1
-1.228284e-002 3.220448e-001 
1
2
2 2 4 1 0 -1
3 2 2 1 0 2
haar_x4
-1.051885e-001 0 -1
-1.490696e-001 2.851791e-002 
1
2
4 1 2 2 0 -1
5 1 1 2 0 2
haar_x2
1.565309e-003 0 -1
-1.098418e-001 4.496638e-002 
1
2
3 2 3 1 0 -1
4 2 1 1 0 3
haar_x3
1.533257e-001 0 -1
-1.782122e-002 2.769892e-001 
1
2
0 2 1 2 0 -1
0 3 1 1 0 2
haar_y2
-5.094645e-002 0 -1
1.785269e-001 -2.188962e-002 
1
2
1 2 2 4 0 -1
1 3 2 2 0 2
haar_y4
-2.326682e-001 0 -1
-2.454162e-001 1.691058e-002 
1
2
1 2 4 1 0 -1
2 2 2 1 0 2
haar_x4
-1.911358e-001 0 -1
-2.126003e-001 1.596326e-002 
1
2
0 1 6 3 0 -1
2 2 2 1 0 9
haar_point
-2.585719e+000 0 -1
5.604916e-001 -7.448643e-003 
1
2
0 1 2 2 0 -1
1 1 1 2 0 2
haar_x2
-8.179899e-002 0 -1
-1.160233e-001 3.402537e-002 
1
2
0 0 3 6 0 -1
1 0 1 6 0 3
haar_x3
-7.025982e-002 0 -1
1.075113e-001 -3.680850e-002 
1
2
0 0 4 3 0 -1
2 0 2 3 0 2
haar_x2
-1.175891e-001 0 -1
5.851003e-002 -6.898730e-002 
1
2
4 0 2 4 0 -1
4 0 2 2 0 2
tilted_haar_y2
-9.465319e-001 0 -1
-2.216783e-001 1.666986e-002 
1
2
2 2 2 1 0 -1
2 2 1 1 0 2
tilted_haar_x2
-6.796767e-002 0 -1
-9.454146e-002 3.916680e-002 
1
2
2 1 3 1 0 -1
3 1 1 1 0 3
haar_x3
-6.436693e-002 0 -1
-2.193854e-001 1.565268e-002 
1
3
4 3 2 2 0 -1
4 3 1 1 0 2
5 4 1 1 0 2
haar_x2_y2
1.679314e-003 0 -1
-5.264758e-002 7.249637e-002 
1
2
4 3 1 2 0 -1
4 4 1 1 0 2
haar_y2
7.201350e-003 0 -1
-1.319247e-001 3.382717e-002 
1
2
5 3 1 3 0 -1
5 4 1 1 0 3
haar_y3
4.625475e-002 0 -1
3.953361e-002 -1.098961e-001 
1
2
5 4 1 2 0 -1
5 5 1 1 0 2
haar_y2
6.378552e-002 0 -1
2.578878e-002 -1.335195e-001 
1
2
3 5 2 1 0 -1
4 5 1 1 0 2
haar_x2
-7.421275e-002 0 -1
-9.020960e-001 3.502724e-003 
1
3
3 1 2 2 0 -1
3 1 1 1 0 2
4 2 1 1 0 2
haar_x2_y2
-5.298828e-002 0 -1
2.419823e-001 -1.446515e-002 
1
2
3 1 2 2 0 -1
4 1 1 2 0 2
haar_x2
-8.064749e-002 0 -1
-3.370874e-001 1.126766e-002 
1
2
1 3 3 3 0 -1
2 3 1 3 0 3
haar_x3
-3.087603e-001 0 -1
-3.606016e-001 8.174023e-003 
1
2
0 1 6 5 0 -1
2 1 2 5 0 3
haar_x3
-1.917617e+000 0 -1
2.497872e-001 -1.403975e-002 
1
2
2 5 3 1 0 -1
3 5 1 1 0 3
haar_x3
-7.951264e-002 0 -1
-4.128314e-001 1.101928e-002 
1
2
5 0 1 2 0 -1
5 1 1 1 0 2
haar_y2
-1.986535e-001 0 -1
-9.656168e-001 2.312521e-003 
1
2
1 2 4 2 0 -1
3 2 2 2 0 2
haar_x2
5.637467e-001 0 -1
-4.551283e-003 8.876281e-001 
1
2
2 4 1 2 0 -1
2 5 1 1 0 2
haar_y2
1.665236e-001 0 -1
-5.686162e-003 4.545711e-001 
1
2
1 0 1 4 0 -1
1 1 1 2 0 2
haar_y4
-3.673760e-002 0 -1
4.415086e-002 -6.952032e-002 
1
2
0 0 1 2 0 -1
0 1 1 1 0 2
haar_y2
1.559592e-003 0 -1
-5.260050e-002 7.460865e-002 
1
2
0 1 2 2 0 -1
1 1 1 2 0 2
haar_x2
-4.207919e-002 0 -1
-7.546891e-002 5.346979e-002 
1
2
0 2 3 1 0 -1
1 2 1 1 0 3
haar_x3
2.149233e-002 0 -1
5.119782e-002 -7.833701e-002 
1
2
1 0 5 3 0 -1
1 1 5 1 0 3
haar_y3
-1.676114e-001 0 -1
1.068475e-001 -3.737332e-002 
1
2
1 0 4 1 0 -1
1 0 2 1 0 2
tilted_haar_x2
-3.083842e-001 0 -1
-5.372313e-001 6.681417e-003 
1
2
2 1 3 3 0 -1
3 2 1 1 0 9
haar_point
-4.838098e-001 0 -1
7.362878e-002 -4.764831e-002 
1
2
3 0 3 1 0 -1
4 1 1 1 0 3
tilted_haar_x3
-2.362025e-002 0 -1
-3.823358e-002 1.393150e-001 
1
2
3 2 3 2 0 -1
3 3 3 1 0 2
haar_y2
2.010805e-002 0 -1
-1.150774e-001 3.807943e-002 
1
2
5 2 1 2 0 -1
5 3 1 1 0 2
haar_y2
-4.659738e-002 0 -1
1.931629e-001 -2.067711e-002 
1
2
1 2 2 2 0 -1
2 2 1 2 0 2
haar_x2
-2.722313e-001 0 -1
2.859800e-001 -1.346173e-002 
1
2
3 0 3 1 0 -1
4 0 1 1 0 3
haar_x3
4.122713e-002 0 -1
1.573634e-002 -2.260355e-001 
1
2
1 0 1 6 0 -1
1 2 1 2 0 3
haar_y3
4.186218e-001 0 -1
6.371409e-003 -4.976030e-001 
1
2
5 0 1 3 0 -1
5 1 1 1 0 3
haar_y3
1.544570e-001 0 -1
1.311148e-002 -2.509746e-001 
1
2
2 1 4 4 0 -1
2 3 4 2 0 2
haar_y2
9.292735e-001 0 -1
6.585028e-003 -4.637068e-001 
1
2
5 2 1 4 0 -1
5 3 1 2 0 2
haar_y4
2.769231e-001 0 -1
-7.571014e-003 4.840881e-001 
1
2
2 0 2 6 0 -1
2 3 2 3 0 2
haar_y2
8.778093e-001 0 -1
-4.674533e-003 5.957354e-001 
1
2
2 0 4 4 0 -1
2 2 4 2 0 2
haar_y2
6.538987e-001 0 -1
5.313548e-003 -6.411235e-001 
1
3
4 0 2 6 0 -1
4 0 1 3 0 2
5 3 1 3 0 2
haar_x2_y2
-5.522010e-002 0 -1
-8.840460e-002 3.580882e-002 
1
2
3 3 3 1 0 -1
4 3 1 1 0 3
haar_x3
3.165293e-002 0 -1
-5.888275e-002 7.021329e-002 
1
2
0 0 6 1 0 -1
2 0 2 1 0 3
haar_x3
-3.651838e-002 0 -1
8.107374e-002 -4.948449e-002 
1
2
0 0 6 1 0 -1
2 0 2 1 0 3
haar_x3
2.353378e-002 0 -1
-5.312639e-002 7.629334e-002 
1
2
3 3 3 2 0 -1
4 3 1 2 0 3
haar_x3
-1.502804e-002 0 -1
8.566745e-002 -4.142399e-002 
1
3
4 1 2 4 0 -1
4 1 1 2 0 2
5 3 1 2 0 2
haar_x2_y2
3.227559e-002 0 -1
3.613041e-002 -1.041132e-001 
1
3
4 2 2 2 0 -1
4 2 1 1 0 2
5 3 1 1 0 2
haar_x2_y2
5.070469e-002 0 -1
-2.657073e-002 1.541527e-001 
1
2
0 0 6 2 0 -1
3 0 3 2 0 2
haar_x2
-1.144017e+000 0 -1
-8.506102e-001 3.266448e-003 
1
2
4 0 2 6 0 -1
4 3 2 3 0 2
haar_y2
-6.737901e-001 0 -1
7.237827e-001 -5.396454e-003 
1
2
5 0 1 6 0 -1
5 3 1 3 0 2
haar_y2
-1.406468e-001 0 -1
-2.784289e-001 1.335137e-002 
1
2
3 0 2 4 0 -1
3 2 2 2 0 2
haar_y2
-6.031572e-001 0 -1
2.324291e-001 -1.561170e-002 
1
2
0 0 4 1 0 -1
2 0 2 1 0 2
haar_x2
-5.103629e-002 0 -1
8.910404e-002 -3.892922e-002 
1
2
0 0 6 1 0 -1
3 0 3 1 0 2
haar_x2
7.670026e-002 0 -1
-4.480653e-002 1.007077e-001 
1
2
2 0 2 1 0 -1
3 0 1 1 0 2
haar_x2
-1.756616e-003 0 -1
6.662925e-002 -6.189524e-002 
1
2
4 3 2 2 0 -1
5 3 1 2 0 2
haar_x2
-4.229558e-003 0 -1
7.584750e-002 -5.105056e-002 
1
2
2 5 3 1 0 -1
3 5 1 1 0 3
haar_x3
-1.978029e-003 0 -1
5.342874e-002 -5.900411e-002 
1
2
2 5 2 1 0 -1
3 5 1 1 0 2
haar_x2
1.612569e-003 0 -1
-6.145171e-002 7.882676e-002 
1
2
2 5 2 1 0 -1
3 5 1 1 0 2
haar_x2
-1.830875e-003 0 -1
7.495042e-002 -6.105980e-002 
1
2
0 0 2 2 0 -1
1 0 1 2 0 2
haar_x2
-6.315075e-002 0 -1
-1.208919e-001 2.752860e-002 
1
2
0 0 4 1 0 -1
1 0 2 1 0 2
haar_x4
-2.395692e-002 0 -1
1.000956e-001 -4.414541e-002 
1
3
3 0 2 2 0 -1
3 0 1 1 0 2
4 1 1 1 0 2
haar_x2_y2
-4.012870e-002 0 -1
-1.818567e-001 1.687993e-002 
1
2
1 1 4 4 0 -1
2 1 2 4 0 2
haar_x4
-5.445765e-001 0 -1
-2.548720e-001 1.224701e-002 
1
2
0 2 4 4 0 -1
0 3 4 2 0 2
haar_y4
2.523383e-001 0 -1
1.912795e-002 -1.685565e-001 
1
2
3 0 2 6 0 -1
3 2 2 2 0 3
haar_y3
-1.349662e+000 0 -1
-7.678611e-001 3.668268e-003 
1
2
1 4 2 1 0 -1
2 4 1 1 0 2
haar_x2
7.697037e-002 0 -1
1.869004e-003 -1.000131e+000 
1
2
4 2 2 2 0 -1
5 2 1 2 0 2
haar_x2
-2.752425e-001 0 -1
-1.000000e+000 1.749046e-003 
1
3
0 3 2 2 0 -1
0 3 1 1 0 2
1 4 1 1 0 2
haar_x2_y2
1.649713e-002 0 -1
4.053335e-002 -7.174592e-002 
1
2
0 0 1 6 0 -1
0 2 1 2 0 3
haar_y3
3.244310e-001 0 -1
-1.168715e-002 2.955626e-001 
1
2
1 2 2 4 0 -1
1 4 2 2 0 2
haar_y2
1.416156e-001 0 -1
-1.420009e-001 2.231904e-002 
1
2
1 1 4 1 0 -1
2 2 2 1 0 2
tilted_haar_x4
1.641101e-001 0 -1
-1.408928e-002 2.736938e-001 
1
2
2 4 2 1 0 -1
3 4 1 1 0 2
haar_x2
-4.040384e-002 0 -1
-1.560052e-001 1.972835e-002 
1
2
3 0 1 6 0 -1
3 3 1 3 0 2
haar_y2
1.628550e-001 0 -1
4.739942e-002 -7.671188e-002 
1
2
3 0 3 6 0 -1
3 3 3 3 0 2
haar_y2
3.934380e-001 0 -1
-7.202622e-002 6.772104e-002 
1
2
5 0 1 6 0 -1
5 3 1 3 0 2
haar_y2
2.906627e-001 0 -1
3.306096e-002 -1.390470e-001 
1
2
1 0 4 1 0 -1
2 0 2 1 0 2
haar_x4
-1.328959e-001 0 -1
4.974512e-001 -7.202633e-003 
1
2
2 0 3 1 0 -1
3 0 1 1 0 3
haar_x3
3.360936e-002 0 -1
2.082748e-002 -1.523899e-001 
1
2
2 2 2 3 0 -1
2 3 2 1 0 3
haar_y3
-5.014814e-001 0 -1
-5.667675e-001 5.411126e-003 
1
2
1 2 3 3 0 -1
1 3 3 1 0 3
haar_y3
-6.189101e-001 0 -1
4.219133e-001 -8.942406e-003 
1
2
2 1 1 2 0 -1
2 1 1 1 0 2
tilted_haar_y2
1.268049e-001 0 -1
1.296904e-002 -2.396060e-001 
1
2
0 0 2 5 0 -1
1 0 1 5 0 2
haar_x2
4.144420e-002 0 -1
-3.447970e-002 1.001842e-001 
1
2
1 0 3 1 0 -1
2 0 1 1 0 3
haar_x3
2.302181e-002 0 -1
2.767360e-002 -1.087955e-001 
1
2
0 0 6 1 0 -1
2 0 2 1 0 3
haar_x3
2.174868e-001 0 -1
-1.383248e-002 2.997974e-001 
1
2
1 0 3 1 0 -1
2 0 1 1 0 3
haar_x3
8.312229e-002 0 -1
8.585704e-003 -4.627991e-001 
1
2
2 0 2 3 0 -1
3 0 1 3 0 2
haar_x2
-2.757866e-001 0 -1
6.615708e-001 -6.475779e-003 
1
2
2 0 1 4 0 -1
2 2 1 2 0 2
haar_y2
-3.009161e-001 0 -1
1.642996e-001 -1.871997e-002 
1
2
2 0 1 2 0 -1
2 0 1 1 0 2
tilted_haar_y2
1.622535e-001 0 -1
1.280544e-002 -2.408643e-001 
1
2
0 1 4 4 0 -1
2 1 2 4 0 2
haar_x2
3.592855e-001 0 -1
-6.889592e-003 4.828061e-001 
1
2
0 1 6 2 0 -1
2 1 2 2 0 3
haar_x3
4.032612e-001 0 -1
4.299440e-003 -8.148172e-001 
1
2
5 2 1 2 0 -1
5 3 1 1 0 2
haar_y2
8.161993e-002 0 -1
-2.848334e-002 1.162095e-001 
1
2
3 0 2 2 0 -1
4 0 1 2 0 2
haar_x2
8.188301e-002 0 -1
1.366133e-002 -2.310132e-001 
1
3
3 0 2 6 0 -1
3 0 1 3 0 2
4 3 1 3 0 2
haar_x2_y2
-2.034833e-001 0 -1
5.165634e-001 -6.900834e-003 
1
2
0 5 4 1 0 -1
2 5 2 1 0 2
haar_x2
1.301369e-001 0 -1
7.694242e-003 -4.159180e-001 
1
2
0 4 6 2 0 -1
2 4 2 2 0 3
haar_x3
2.114441e-001 0 -1
-1.368883e-002 2.471793e-001 
1
2
0 4 6 2 0 -1
2 4 2 2 0 3
haar_x3
-8.624437e-002 0 -1
6.135873e-002 -5.759227e-002 
1
2
3 4 2 2 0 -1
4 4 1 2 0 2
haar_x2
5.553313e-002 0 -1
3.068044e-002 -1.231144e-001 
1
2
1 4 4 2 0 -1
3 4 2 2 0 2
haar_x2
7.736032e-002 0 -1
-3.683048e-002 1.059937e-001 
1
3
2 4 2 2 0 -1
2 4 1 1 0 2
3 5 1 1 0 2
haar_x2_y2
-3.327875e-002 0 -1
-1.787598e-001 1.903059e-002 
1
2
2 1 4 1 0 -1
3 1 2 1 0 2
haar_x4
-2.091551e-002 0 -1
6.225402e-002 -4.979603e-002 
1
2
3 0 3 3 0 -1
4 1 1 3 0 3
tilted_haar_x3
-7.944252e-001 0 -1
-2.519502e-001 1.212432e-002 
1
2
0 2 4 1 0 -1
1 2 2 1 0 2
haar_x4
-1.715630e-003 0 -1
4.777811e-002 -7.820526e-002 
1
2
2 2 3 1 0 -1
3 2 1 1 0 3
haar_x3
-9.186575e-002 0 -1
1.183521e-001 -3.360081e-002 
1
3
0 2 2 2 0 -1
0 2 1 1 0 2
1 3 1 1 0 2
haar_x2_y2
-1.242954e-003 0 -1
7.471732e-002 -4.580585e-002 
1
3
0 2 2 2 0 -1
0 2 1 1 0 2
1 3 1 1 0 2
haar_x2_y2
1.930961e-002 0 -1
-5.372929e-002 6.484891e-002 
1
3
4 2 2 2 0 -1
4 2 1 1 0 2
5 3 1 1 0 2
haar_x2_y2
-6.015198e-002 0 -1
1.277199e-001 -2.373115e-002 
1
2
4 2 1 2 0 -1
4 3 1 1 0 2
haar_y2
1.408279e-001 0 -1
9.615510e-003 -3.855415e-001 
1
2
2 1 4 2 0 -1
3 1 2 2 0 2
haar_x4
-1.572425e-001 0 -1
-1.424224e-001 2.270828e-002 
1
2
3 2 3 1 0 -1
4 2 1 1 0 3
haar_x3
-6.877951e-002 0 -1
1.460880e-001 -2.216337e-002 
1
3
2 2 2 2 0 -1
2 2 1 1 0 2
3 3 1 1 0 2
haar_x2_y2
-1.758254e-001 0 -1
-6.989503e-001 4.262073e-003 
1
2
1 5 3 1 0 -1
2 5 1 1 0 3
haar_x3
-2.235990e-002 0 -1
-1.155635e-001 2.647149e-002 
1
3
0 0 2 6 0 -1
0 0 1 3 0 2
1 3 1 3 0 2
haar_x2_y2
6.824896e-002 0 -1
4.017853e-002 -9.176686e-002 
1
2
0 0 4 4 0 -1
2 0 2 4 0 2
haar_x2
-6.404583e-002 0 -1
3.138295e-002 -1.116603e-001 
1
2
0 1 3 1 0 -1
1 1 1 1 0 3
haar_x3
-1.729562e-003 0 -1
6.027404e-002 -6.822351e-002 
1
3
1 3 2 2 0 -1
1 3 1 1 0 2
2 4 1 1 0 2
haar_x2_y2
-1.318422e-002 0 -1
1.254586e-001 -2.685785e-002 
1
2
0 4 2 1 0 -1
1 4 1 1 0 2
haar_x2
1.416102e-003 0 -1
-5.121993e-002 6.753640e-002 
1
2
0 1 3 3 0 -1
0 2 3 1 0 3
haar_y3
-7.476130e-001 0 -1
6.183732e-001 -5.566927e-003 
1
2
0 3 6 1 0 -1
2 3 2 1 0 3
haar_x3
2.494145e-002 0 -1
1.750783e-002 -1.901466e-001 
1
2
0 3 3 3 0 -1
1 4 1 1 0 9
haar_point
3.785223e-002 0 -1
7.130270e-002 -5.007248e-002 
1
2
0 3 1 3 0 -1
0 4 1 1 0 3
haar_y3
-2.618966e-002 0 -1
-1.058558e-001 3.094615e-002 
1
2
0 4 2 1 0 -1
1 4 1 1 0 2
haar_x2
-4.242333e-002 0 -1
-1.329034e-001 2.468902e-002 
1
2
1 0 3 4 0 -1
2 0 1 4 0 3
haar_x3
-1.301760e-001 0 -1
7.019472e-002 -4.231911e-002 
1
2
1 0 4 6 0 -1
2 0 2 6 0 2
haar_x4
8.536886e-002 0 -1
-1.414959e-002 2.224561e-001 
1
2
1 5 2 1 0 -1
2 5 1 1 0 2
haar_x2
-1.691326e-003 0 -1
5.740309e-002 -5.688888e-002 
1
2
3 2 2 2 0 -1
4 2 1 2 0 2
haar_x2
4.861794e-003 0 -1
-1.307059e-001 2.390934e-002 
1
2
5 0 1 6 0 -1
5 2 1 2 0 3
haar_y3
-2.187014e-001 0 -1
7.209205e-002 -4.819882e-002 
1
2
1 0 1 2 0 -1
1 1 1 1 0 2
haar_y2
2.721183e-002 0 -1
-3.336879e-002 1.014800e-001 
1
2
0 0 1 2 0 -1
0 1 1 1 0 2
haar_y2
7.888518e-002 0 -1
1.635629e-002 -1.952115e-001 
1
2
4 0 2 2 0 -1
4 0 2 1 0 2
tilted_haar_y2
5.281333e-001 0 -1
4.558882e-003 -6.547072e-001 
1
2
3 2 3 3 0 -1
4 3 1 1 0 9
haar_point
9.892021e-001 0 -1
-7.597295e-003 4.357163e-001 
1
2
4 1 2 2 0 -1
5 1 1 2 0 2
haar_x2
-7.373948e-002 0 -1
-2.617910e-001 1.217632e-002 
1
3
4 1 2 4 0 -1
4 1 1 2 0 2
5 3 1 2 0 2
haar_x2_y2
-8.624761e-002 0 -1
-1.308990e-001 2.479038e-002 
1
2
2 3 4 2 0 -1
3 3 2 2 0 2
haar_x4
2.659461e-001 0 -1
-7.910284e-003 4.751744e-001 
1
2
0 1 4 1 0 -1
2 1 2 1 0 2
haar_x2
-6.056025e-002 0 -1
6.784278e-002 -4.341022e-002 
1
2
1 0 2 1 0 -1
2 0 1 1 0 2
haar_x2
1.537476e-003 0 -1
-6.402393e-002 7.175303e-002 
1
2
1 0 4 1 0 -1
3 0 2 1 0 2
haar_x2
-7.267748e-002 0 -1
1.067140e-001 -3.294349e-002 
1
2
0 1 6 1 0 -1
3 1 3 1 0 2
haar_x2
1.256610e-001 0 -1
-2.946971e-002 1.154918e-001 
1
2
1 0 2 3 0 -1
2 0 1 3 0 2
haar_x2
4.234710e-002 0 -1
2.066398e-002 -1.766955e-001 
1
2
3 0 3 3 0 -1
4 1 1 3 0 3
tilted_haar_x3
5.375402e-001 0 -1
-7.255149e-003 5.109045e-001 
1
2
1 0 2 4 0 -1
1 2 2 2 0 2
haar_y2
4.669948e-001 0 -1
3.441963e-003 -9.022439e-001 
1
2
2 1 1 3 0 -1
2 2 1 1 0 3
haar_y3
1.723603e-002 0 -1
-2.220551e-002 1.481896e-001 
1
2
1 1 2 3 0 -1
1 2 2 1 0 3
haar_y3
-3.369221e-002 0 -1
2.886543e-002 -1.123660e-001 
1
2
3 0 3 1 0 -1
4 0 1 1 0 3
haar_x3
-5.922430e-002 0 -1
-1.979493e-001 1.567589e-002 
1
2
4 2 2 1 0 -1
4 2 1 1 0 2
tilted_haar_x2
-3.075963e-001 0 -1
2.128183e-001 -1.643934e-002 
1
2
1 4 4 1 0 -1
2 4 2 1 0 2
haar_x4
-2.983980e-002 0 -1
-6.603315e-002 5.287966e-002 
1
2
2 2 3 4 0 -1
2 3 3 2 0 2
haar_y4
9.967646e-002 0 -1
3.555757e-002 -1.035646e-001 
1
2
5 3 1 2 0 -1
5 3 1 1 0 2
tilted_haar_y2
-1.011002e-001 0 -1
-8.729598e-002 4.048944e-002 
1
2
4 0 2 4 0 -1
4 0 2 2 0 2
tilted_haar_y2
-5.641961e-001 0 -1
6.871684e-002 -5.004492e-002 
1
2
0 1 6 3 0 -1
2 1 2 3 0 3
haar_x3
-4.256116e-001 0 -1
-5.852952e-002 7.059913e-002 
1
2
3 0 3 6 0 -1
4 2 1 2 0 9
haar_point
-2.012403e+000 0 -1
3.330835e-001 -1.136311e-002 
1
2
0 0 3 2 0 -1
0 1 3 1 0 2
haar_y2
4.001752e-001 0 -1
-6.546322e-003 4.709416e-001 
1
2
0 0 6 3 0 -1
0 1 6 1 0 3
haar_y3
1.395808e+000 0 -1
3.328172e-003 -1.000480e+000 
1
2
4 3 2 1 0 -1
4 3 1 1 0 2
tilted_haar_x2
-4.836572e-001 0 -1
-1.000000e+000 1.711007e-003 
1
2
0 3 1 2 0 -1
0 4 1 1 0 2
haar_y2
1.152734e-001 0 -1
1.271740e-002 -2.171298e-001 
1
2
2 2 4 1 0 -1
4 2 2 1 0 2
haar_x2
-1.260413e-001 0 -1
-3.221070e-001 9.569116e-003 
1
2
4 0 2 3 0 -1
4 1 2 1 0 3
haar_y3
-4.493632e-001 0 -1
-7.227320e-001 3.818585e-003 
1
2
1 2 3 1 0 -1
2 3 1 1 0 3
tilted_haar_x3
3.186942e-001 0 -1
6.530321e-003 -3.995655e-001 
1
2
1 0 3 6 0 -1
1 3 3 3 0 2
haar_y2
8.286580e-001 0 -1
2.211512e-002 -1.336157e-001 
1
2
3 1 3 2 0 -1
3 2 3 1 0 2
haar_y2
9.085909e-003 0 -1
-3.077376e-002 9.559484e-002 
1
3
0 0 6 6 0 -1
0 0 3 3 0 2
3 3 3 3 0 2
haar_x2_y2
6.542672e-001 0 -1
1.479423e-002 -1.993914e-001 
1
2
3 3 2 2 0 -1
3 4 2 1 0 2
haar_y2
-4.448463e-002 0 -1
-3.034833e-001 9.426977e-003 
1
3
3 3 2 2 0 -1
3 3 1 1 0 2
4 4 1 1 0 2
haar_x2_y2
5.478813e-002 0 -1
-1.381986e-002 2.419673e-001 
1
3
2 2 2 2 0 -1
2 2 1 1 0 2
3 3 1 1 0 2
haar_x2_y2
2.287222e-002 0 -1
-3.166241e-002 8.560685e-002 
1
2
1 2 3 3 0 -1
2 3 1 1 0 9
haar_point
-1.040199e+000 0 -1
-6.335025e-001 4.085972e-003 
1
3
3 2 2 2 0 -1
3 2 1 1 0 2
4 3 1 1 0 2
haar_x2_y2
1.853348e-002 0 -1
-4.846076e-002 5.721957e-002 
1
2
0 1 4 4 0 -1
0 3 4 2 0 2
haar_y2
9.249451e-001 0 -1
-7.734136e-003 4.154609e-001 
1
3
1 2 2 2 0 -1
1 2 1 1 0 2
2 3 1 1 0 2
haar_x2_y2
6.939982e-002 0 -1
-1.644365e-002 1.850115e-001 
1
2
0 1 1 2 0 -1
0 2 1 1 0 2
haar_y2
3.071558e-002 0 -1
2.474667e-002 -1.264486e-001 
1
2
0 0 3 6 0 -1
1 2 1 2 0 9
haar_point
1.277180e+000 0 -1
-9.472576e-003 3.102425e-001 
1
2
3 0 3 3 0 -1
2 1 3 1 0 3
tilted_haar_y3
-2.961588e-001 0 -1
3.623261e-002 -7.657864e-002 
1
2
3 4 2 1 0 -1
4 4 1 1 0 2
haar_x2
5.538178e-002 0 -1
2.277835e-002 -1.415973e-001 
1
2
0 2 6 4 0 -1
2 2 2 4 0 3
haar_x3
-1.671902e+000 0 -1
2.128607e-001 -1.313402e-002 
1
2
0 5 2 1 0 -1
1 5 1 1 0 2
haar_x2
1.972020e-003 0 -1
-4.931056e-002 6.498317e-002 
1
3
0 2 2 4 0 -1
0 2 1 2 0 2
1 4 1 2 0 2
haar_x2_y2
-1.592900e-003 0 -1
7.127733e-002 -4.566608e-002 
1
2
0 2 2 1 0 -1
1 2 1 1 0 2
haar_x2
-1.999086e-003 0 -1
4.023528e-002 -9.685249e-002 
1
2
0 5 4 1 0 -1
2 5 2 1 0 2
haar_x2
-6.297778e-001 0 -1
-8.178672e-001 3.623125e-003 
1
2
1 0 4 4 0 -1
1 1 4 2 0 2
haar_y4
-8.945810e-001 0 -1
-6.014634e-001 3.496671e-003 
1
2
1 1 4 1 0 -1
1 1 2 1 0 2
tilted_haar_x2
1.292392e-002 0 -1
3.373885e-002 -7.962134e-002 
1
2
2 1 1 4 0 -1
2 3 1 2 0 2
haar_y2
-1.369855e-001 0 -1
2.339995e-001 -1.416899e-002 
1
2
2 0 3 2 0 -1
2 0 3 1 0 2
tilted_haar_y2
-3.624873e-001 0 -1
1.042602e-001 -2.868136e-002 
1
2
2 1 3 3 0 -1
3 1 1 3 0 3
haar_x3
-5.247165e-001 0 -1
-1.000000e+000 2.019924e-003 
1
2
3 1 3 2 0 -1
3 1 3 1 0 2
tilted_haar_y2
-6.489873e-001 0 -1
-1.000000e+000 1.677698e-003 
1
2
1 3 2 2 0 -1
2 3 1 2 0 2
haar_x2
1.432661e-001 0 -1
2.056527e-003 -8.521634e-001 
1
2
3 1 2 2 0 -1
3 1 1 2 0 2
tilted_haar_x2
-4.297841e-001 0 -1
8.642383e-001 -3.705624e-003 
1
2
1 2 4 1 0 -1
2 2 2 1 0 2
haar_x4
-3.101798e-001 0 -1
-1.000000e+000 3.048163e-003 
1
2
2 0 2 6 0 -1
2 3 2 3 0 2
haar_y2
-5.383494e-001 0 -1
-8.593537e-001 1.743867e-003 
1
2
4 0 1 4 0 -1
4 1 1 2 0 2
haar_y4
-2.595609e-001 0 -1
4.854199e-001 -6.366756e-003 
1
2
4 0 2 2 0 -1
4 0 2 1 0 2
tilted_haar_y2
4.693605e-001 0 -1
-8.542779e-003 3.129063e-001 
1
2
3 0 1 3 0 -1
2 1 1 1 0 3
tilted_haar_y3
-1.953058e-001 0 -1
-1.005565e-001 2.783483e-002 
1
3
0 0 4 6 0 -1
0 0 2 3 0 2
2 3 2 3 0 2
haar_x2_y2
-6.374241e-001 0 -1
2.974752e-001 -1.000489e-002 
1
2
0 0 1 6 0 -1
0 3 1 3 0 2
haar_y2
3.941403e-001 0 -1
1.704387e-002 -2.342634e-001 
1
2
4 1 1 4 0 -1
4 1 1 2 0 2
tilted_haar_y2
-5.055450e-001 0 -1
8.118342e-002 -3.832712e-002 
1
2
1 0 3 1 0 -1
2 0 1 1 0 3
haar_x3
-3.947049e-002 0 -1
-1.687869e-001 1.789879e-002 
1
2
4 3 1 3 0 -1
4 4 1 1 0 3
haar_y3
8.957075e-002 0 -1
-2.394834e-002 1.143880e-001 
1
2
4 3 1 3 0 -1
4 4 1 1 0 3
haar_y3
9.577532e-003 0 -1
6.155672e-002 -4.612945e-002 
1
2
3 0 3 2 0 -1
4 1 1 2 0 3
tilted_haar_x3
1.333656e-001 0 -1
-1.084493e-002 2.537711e-001 
1
2
3 2 1 4 0 -1
3 4 1 2 0 2
haar_y2
7.993548e-002 0 -1
-1.989640e-001 1.494908e-002 
1
2
3 2 2 4 0 -1
3 4 2 2 0 2
haar_y2
-1.580697e-001 0 -1
5.868644e-001 -5.269300e-003 
1
2
0 2 1 4 0 -1
0 4 1 2 0 2
haar_y2
-2.339281e-001 0 -1
3.719822e-001 -6.807204e-003 
1
2
0 3 2 2 0 -1
0 4 2 1 0 2
haar_y2
-1.677047e-001 0 -1
-4.207128e-001 7.939779e-003 
1
2
0 0 4 3 0 -1
1 0 2 3 0 2
haar_x4
3.579479e-001 0 -1
-6.739419e-003 4.809831e-001 
1
2
2 2 2 2 0 -1
3 2 1 2 0 2
haar_x2
2.924280e-002 0 -1
-3.262322e-002 7.828708e-002 
1
2
5 1 1 3 0 -1
5 2 1 1 0 3
haar_y3
-1.728084e-003 0 -1
3.101509e-002 -9.387656e-002 
1
2
4 2 2 1 0 -1
5 2 1 1 0 2
haar_x2
6.418457e-003 0 -1
-7.344441e-002 3.542459e-002 
1
2
1 1 4 3 0 -1
1 2 4 1 0 3
haar_y3
2.318310e-001 0 -1
-9.595311e-003 2.981324e-001 
1
2
1 2 4 2 0 -1
1 3 4 1 0 2
haar_y2
-4.005205e-001 0 -1
-7.148598e-001 4.897195e-003 
1
2
0 2 4 1 0 -1
2 2 2 1 0 2
haar_x2
1.575434e-001 0 -1
3.394139e-003 -6.151183e-001 
1
2
1 0 5 4 0 -1
1 1 5 2 0 2
haar_y4
5.609034e-001 0 -1
-9.588166e-003 3.013473e-001 
1
2
5 0 1 4 0 -1
5 1 1 2 0 2
haar_y4
1.854854e-001 0 -1
6.532531e-003 -3.915617e-001 
1
3
3 2 2 2 0 -1
3 2 1 1 0 2
4 3 1 1 0 2
haar_x2_y2
-4.235418e-002 0 -1
1.369611e-001 -2.325760e-002 
1
2
2 0 3 1 0 -1
3 0 1 1 0 3
haar_x3
-2.166196e-002 0 -1
-1.020028e-001 2.499715e-002 
1
2
0 0 6 1 0 -1
2 0 2 1 0 3
haar_x3
-3.726672e-002 0 -1
6.855162e-002 -4.261432e-002 
1
2
0 0 2 1 0 -1
1 0 1 1 0 2
haar_x2
1.868830e-003 0 -1
-4.328637e-002 5.926064e-002 
1
3
2 1 4 4 0 -1
2 1 2 2 0 2
4 3 2 2 0 2
haar_x2_y2
-2.262135e-001 0 -1
-1.697222e-001 1.487981e-002 
1
2
5 1 1 4 0 -1
5 3 1 2 0 2
haar_y2
-3.222690e-001 0 -1
7.919520e-001 -4.050801e-003 
1
2
4 0 1 6 0 -1
4 3 1 3 0 2
haar_y2
-2.204929e-001 0 -1
-4.514649e-001 6.587804e-003 
1
3
2 1 2 4 0 -1
2 1 1 2 0 2
3 3 1 2 0 2
haar_x2_y2
6.815936e-002 0 -1
2.227815e-002 -1.195375e-001 
1
2
0 1 6 1 0 -1
3 1 3 1 0 2
haar_x2
-1.919727e-001 0 -1
1.052606e-001 -2.490188e-002 
1
2
3 0 2 3 0 -1
4 0 1 3 0 2
haar_x2
2.163073e-003 0 -1
-7.722489e-002 3.856066e-002 
1
2
1 0 4 5 0 -1
2 0 2 5 0 2
haar_x4
8.702875e-002 0 -1
-1.253883e-002 2.334151e-001 
1
3
1 2 2 2 0 -1
1 2 1 1 0 2
2 3 1 1 0 2
haar_x2_y2
-5.142530e-002 0 -1
9.630957e-002 -3.098171e-002 
1
2
1 3 2 1 0 -1
2 3 1 1 0 2
haar_x2
-6.925450e-002 0 -1
-7.945562e-002 4.518038e-002 
1
2
1 2 2 3 0 -1
2 2 1 3 0 2
haar_x2
-5.823175e-003 0 -1
2.554215e-002 -1.590608e-001 
1
2
4 4 2 1 0 -1
5 4 1 1 0 2
haar_x2
1.548472e-002 0 -1
3.755937e-002 -7.185152e-002 
1
2
0 5 4 1 0 -1
1 5 2 1 0 2
haar_x4
-1.933340e-003 0 -1
5.510994e-002 -5.186296e-002 
1
2
0 5 4 1 0 -1
1 5 2 1 0 2
haar_x4
9.335726e-003 0 -1
-4.070393e-002 7.295439e-002 
1
2
0 5 3 1 0 -1
1 5 1 1 0 3
haar_x3
1.461009e-002 0 -1
3.049072e-002 -8.742176e-002 
1
2
1 5 3 1 0 -1
2 5 1 1 0 3
haar_x3
4.336318e-002 0 -1
9.317070e-003 -2.860642e-001 
1
2
5 3 1 2 0 -1
5 4 1 1 0 2
haar_y2
2.362138e-001 0 -1
-4.065706e-003 7.933369e-001 
1
3
2 1 2 2 0 -1
2 1 1 1 0 2
3 2 1 1 0 2
haar_x2_y2
-2.761889e-002 0 -1
7.806680e-002 -3.170801e-002 
1
3
0 0 6 4 0 -1
0 0 3 2 0 2
3 2 3 2 0 2
haar_x2_y2
2.523381e-001 0 -1
-3.404893e-002 9.914742e-002 
1
3
2 3 4 2 0 -1
2 3 2 1 0 2
4 4 2 1 0 2
haar_x2_y2
-2.842064e-001 0 -1
-3.041150e-001 9.210023e-003 
1
2
0 1 3 3 0 -1
1 1 1 3 0 3
haar_x3
2.405382e-001 0 -1
-2.165055e-002 1.399699e-001 
1
2
1 0 2 2 0 -1
2 0 1 2 0 2
haar_x2
-1.076652e-001 0 -1
-2.409037e-001 1.572278e-002 
1
2
0 1 2 2 0 -1
1 1 1 2 0 2
haar_x2
6.519280e-002 0 -1
1.434596e-002 -2.171969e-001 
1
2
0 2 3 1 0 -1
1 2 1 1 0 3
haar_x3
2.027349e-001 0 -1
-9.741067e-003 3.426493e-001 
1
2
1 0 4 1 0 -1
1 0 2 1 0 2
tilted_haar_x2
4.471777e-001 0 -1
-1.935584e-002 1.419843e-001 
1
2
2 2 3 1 0 -1
3 3 1 1 0 3
tilted_haar_x3
-4.103188e-001 0 -1
-6.434723e-001 4.088482e-003 
1
2
1 0 3 6 0 -1
1 3 3 3 0 2
haar_y2
1.079726e+000 0 -1
-1.151488e-002 2.635572e-001 
1
2
0 2 1 4 0 -1
0 4 1 2 0 2
haar_y2
1.990350e-001 0 -1
3.055876e-002 -8.641931e-002 
1
2
0 2 4 1 0 -1
2 2 2 1 0 2
haar_x2
-1.969444e-001 0 -1
-1.019635e-001 2.953916e-002 
1
2
0 0 4 6 0 -1
2 0 2 6 0 2
haar_x2
-9.605389e-001 0 -1
1.714508e-001 -2.036790e-002 
1
2
0 1 4 2 0 -1
1 1 2 2 0 2
haar_x4
-1.619197e-001 0 -1
-1.498867e-001 2.010191e-002 
1
2
2 2 3 1 0 -1
3 2 1 1 0 3
haar_x3
7.539456e-002 0 -1
-1.561921e-002 2.499241e-001 
1
2
0 2 6 1 0 -1
2 2 2 1 0 3
haar_x3
-6.092718e-001 0 -1
3.183157e-001 -9.484306e-003 
1
2
3 0 1 2 0 -1
3 0 1 1 0 2
tilted_haar_y2
-1.178875e-001 0 -1
-1.980140e-001 1.382265e-002 
1
2
3 4 2 1 0 -1
4 4 1 1 0 2
haar_x2
-2.497961e-003 0 -1
7.589810e-002 -3.821567e-002 
1
2
4 3 2 1 0 -1
4 3 1 1 0 2
tilted_haar_x2
-1.676323e-001 0 -1
7.274692e-002 -4.499156e-002 
1
2
3 2 2 4 0 -1
3 3 2 2 0 2
haar_y4
-2.872451e-002 0 -1
-7.370774e-002 4.537414e-002 
1
2
3 5 3 1 0 -1
4 5 1 1 0 3
haar_x3
3.445278e-002 0 -1
1.721117e-002 -1.624177e-001 
1
2
1 4 2 2 0 -1
2 4 1 2 0 2
haar_x2
-2.909797e-001 0 -1
6.262764e-001 -4.678241e-003 
1
2
3 5 3 1 0 -1
4 5 1 1 0 3
haar_x3
-7.002242e-002 0 -1
-2.731902e-001 1.183364e-002 
1
2
2 1 4 1 0 -1
2 1 2 1 0 2
tilted_haar_x2
1.265483e-001 0 -1
-1.603344e-002 1.937313e-001 
1
2
2 1 4 3 0 -1
4 1 2 3 0 2
haar_x2
-3.434282e-001 0 -1
-4.309148e-001 6.068252e-003 
1
2
0 0 4 2 0 -1
2 0 2 2 0 2
haar_x2
4.825371e-002 0 -1
-3.406611e-002 7.732093e-002 
-6.941370e-001

16
-1
