17
1
2
0 0 5 4 0 -1
0 2 5 2 0 2
haar_y2
-5.531218e-002 0 -1
3.660820e-001 -4.711750e-001 
1
2
4 2 7 3 0 -1
4 3 7 1 0 3
haar_y3
-2.006418e-001 0 -1
6.476898e-001 -2.107561e-001 
1
2
3 3 4 2 0 -1
5 3 2 2 0 2
haar_x2
1.431669e-002 0 -1
-3.278889e-001 4.047023e-001 
1
2
10 2 2 6 0 -1
10 5 2 3 0 2
haar_y2
3.782364e-002 0 -1
-4.559510e-001 3.085604e-001 
1
2
7 0 6 2 0 -1
7 0 6 1 0 2
tilted_haar_y2
-4.857330e-002 0 -1
-5.658101e-001 1.652413e-001 
1
2
5 0 7 4 0 -1
5 2 7 2 0 2
haar_y2
1.350709e-001 0 -1
-1.288050e-001 6.361868e-001 
1
2
0 4 4 3 0 -1
0 5 4 1 0 3
haar_y3
-2.893741e-002 0 -1
-7.352823e-001 1.155960e-001 
1
2
6 4 3 2 0 -1
7 4 1 2 0 3
haar_x3
-1.378226e-002 0 -1
-7.034348e-001 1.138228e-001 
1
2
0 0 1 3 0 -1
0 1 1 1 0 3
haar_y3
1.424277e-002 0 -1
7.180627e-002 -7.998538e-001 
1
2
5 2 8 2 0 -1
5 3 8 1 0 2
haar_y2
1.100824e-001 0 -1
-1.133801e-001 5.315526e-001 
1
2
3 4 9 3 0 -1
6 5 3 1 0 9
haar_point
2.578003e-001 0 -1
-1.115153e-001 6.399900e-001 
1
2
5 4 5 4 0 -1
5 5 5 2 0 2
haar_y4
-2.988433e-002 0 -1
3.692176e-001 -2.318820e-001 
1
2
0 5 4 3 0 -1
0 6 4 1 0 3
haar_y3
-3.857545e-002 0 -1
-9.043962e-001 8.965918e-002 
1
3
9 3 6 4 0 -1
12 3 3 2 0 2
9 5 3 2 0 2
haar_x2_y2
2.245801e-002 0 -1
-1.937627e-001 2.046130e-001 
1
2
0 1 1 3 0 -1
0 2 1 1 0 3
haar_y3
1.670047e-002 0 -1
6.434792e-002 -9.450876e-001 
1
2
11 1 4 3 0 -1
11 1 2 3 0 2
haar_x2
-1.940500e-002 0 -1
1.776383e-001 -1.984816e-001 
1
2
2 1 4 3 0 -1
2 2 4 1 0 3
haar_y3
1.427152e-002 0 -1
-2.183334e-001 3.183759e-001 
-1.204201e+000

4
-1
