31
1
2
2 0 4 3 0 -1
2 1 4 1 0 3
haar_y3
1.155408e-001 0 -1
-2.039917e-001 5.547930e-001 
1
2
5 1 3 4 0 -1
6 2 1 4 0 3
tilted_haar_x3
-1.240731e-001 0 -1
2.581458e-001 -3.106095e-001 
1
2
0 2 3 6 0 -1
0 5 3 3 0 2
haar_y2
3.929231e-002 0 -1
-5.202845e-001 1.240690e-001 
1
2
2 2 1 3 0 -1
2 3 1 1 0 3
haar_y3
-3.564777e-002 0 -1
3.932059e-001 -1.402664e-001 
1
2
1 0 6 6 0 -1
3 0 2 6 0 3
haar_x3
-9.485345e-002 0 -1
1.550526e-001 -3.431626e-001 
1
2
5 7 3 1 0 -1
6 7 1 1 0 3
haar_x3
1.296476e-002 0 -1
9.803879e-002 -5.284193e-001 
1
2
4 7 2 1 0 -1
5 7 1 1 0 2
haar_x2
-1.343854e-002 0 -1
-7.191322e-001 8.775577e-002 
1
2
3 0 4 8 0 -1
3 4 4 4 0 2
haar_y2
7.747109e-001 0 -1
5.531685e-002 -7.083115e-001 
1
2
6 6 1 2 0 -1
6 7 1 1 0 2
haar_y2
4.823041e-004 0 -1
-3.245561e-001 1.609339e-001 
1
2
2 7 4 1 0 -1
3 7 2 1 0 2
haar_x4
-1.686103e-002 0 -1
-5.303593e-001 8.656631e-002 
1
2
5 2 3 1 0 -1
6 3 1 1 0 3
tilted_haar_x3
-9.550415e-002 0 -1
4.525546e-001 -1.083967e-001 
1
2
2 7 2 1 0 -1
3 7 1 1 0 2
haar_x2
9.854654e-003 0 -1
9.164535e-002 -5.648441e-001 
1
2
5 3 3 2 0 -1
6 3 1 2 0 3
haar_x3
-3.581374e-002 0 -1
4.507158e-001 -1.072582e-001 
1
2
3 0 3 2 0 -1
4 0 1 2 0 3
haar_x3
-2.821130e-002 0 -1
-5.997590e-001 7.343215e-002 
1
2
1 3 3 2 0 -1
2 3 1 2 0 3
haar_x3
6.523810e-002 0 -1
-9.391675e-002 5.187231e-001 
1
2
1 4 3 1 0 -1
2 4 1 1 0 3
haar_x3
-1.758121e-002 0 -1
4.157718e-001 -1.198906e-001 
1
2
3 0 3 1 0 -1
4 0 1 1 0 3
haar_x3
1.905177e-002 0 -1
7.972264e-002 -6.938733e-001 
1
2
6 4 2 1 0 -1
7 4 1 1 0 2
haar_x2
-6.569420e-004 0 -1
2.328141e-001 -1.810439e-001 
1
2
4 2 4 3 0 -1
6 2 2 3 0 2
haar_x2
4.976571e-003 0 -1
-3.714935e-001 1.114608e-001 
1
3
1 5 2 2 0 -1
1 5 1 1 0 2
2 6 1 1 0 2
haar_x2_y2
-5.284866e-004 0 -1
2.400992e-001 -1.633841e-001 
1
2
0 5 2 1 0 -1
1 5 1 1 0 2
haar_x2
4.572409e-004 0 -1
-1.797190e-001 2.246253e-001 
1
2
1 5 2 1 0 -1
1 5 1 1 0 2
tilted_haar_x2
-4.101112e-002 0 -1
-4.490957e-001 1.081897e-001 
1
2
3 0 3 3 0 -1
3 1 3 1 0 3
haar_y3
-5.615667e-002 0 -1
5.079039e-001 -8.982807e-002 
1
2
7 0 1 8 0 -1
7 4 1 4 0 2
haar_y2
-8.662131e-002 0 -1
-6.156284e-001 6.738772e-002 
1
2
0 6 1 2 0 -1
0 7 1 1 0 2
haar_y2
6.079726e-004 0 -1
-2.516963e-001 1.460456e-001 
1
2
1 1 3 6 0 -1
1 4 3 3 0 2
haar_y2
4.026009e-001 0 -1
5.432129e-002 -6.279301e-001 
1
2
6 6 2 2 0 -1
7 6 1 2 0 2
haar_x2
2.575235e-002 0 -1
8.062977e-002 -4.435814e-001 
1
2
0 3 3 2 0 -1
1 3 1 2 0 3
haar_x3
-4.407088e-002 0 -1
4.541285e-001 -8.262765e-002 
1
2
4 1 3 3 0 -1
3 2 3 1 0 3
tilted_haar_y3
-1.211827e-001 0 -1
1.882289e-001 -2.085228e-001 
1
2
5 0 3 2 0 -1
6 0 1 2 0 3
haar_x3
2.073547e-002 0 -1
7.830232e-002 -5.051845e-001 
1
2
2 1 4 3 0 -1
2 2 4 1 0 3
haar_y3
-1.681042e-001 0 -1
5.293772e-001 -7.604297e-002 
-1.202803e+000

5
-1
