12
1
2
2 2 2 4 0 -1
2 4 2 2 0 2
haar_y2
3.735038e-001 0 -1
-5.763193e-001 5.265867e-001 
1
2
0 1 1 2 0 -1
0 2 1 1 0 2
haar_y2
-8.235587e-002 0 -1
-7.971545e-001 2.037789e-001 
1
2
5 4 1 2 0 -1
5 5 1 1 0 2
haar_y2
1.137689e-002 0 -1
-4.312766e-001 2.562823e-001 
1
2
0 2 2 3 0 -1
0 3 2 1 0 3
haar_y3
-1.643187e-001 0 -1
-7.052698e-001 1.388678e-001 
1
2
1 0 3 2 0 -1
2 0 1 2 0 3
haar_x3
3.733376e-002 0 -1
1.102974e-001 -5.800728e-001 
1
3
0 3 2 2 0 -1
0 3 1 1 0 2
1 4 1 1 0 2
haar_x2_y2
-2.196123e-002 0 -1
3.647372e-001 -1.832404e-001 
1
2
4 3 2 3 0 -1
4 4 2 1 0 3
haar_y3
-9.988166e-002 0 -1
-5.877356e-001 1.072332e-001 
1
2
0 0 3 2 0 -1
1 0 1 2 0 3
haar_x3
1.632489e-002 0 -1
1.351120e-001 -4.015609e-001 
1
2
1 4 3 2 0 -1
2 4 1 2 0 3
haar_x3
4.839227e-002 0 -1
9.479482e-002 -5.325360e-001 
1
2
2 2 3 4 0 -1
3 2 1 4 0 3
haar_x3
-8.156504e-002 0 -1
2.254702e-001 -2.998081e-001 
1
2
1 5 3 1 0 -1
2 5 1 1 0 3
haar_x3
-4.768219e-002 0 -1
-5.595933e-001 8.298251e-002 
1
2
1 3 3 3 0 -1
2 3 1 3 0 3
haar_x3
-3.454476e-002 0 -1
1.975136e-001 -2.358968e-001 
-1.270111e+000

8
-1
