12
1
2
3 0 8 6 0 -1
3 2 8 2 0 3
haar_y3
-1.527404e-001 0 -1
7.867643e-001 -5.315639e-001 
1
2
13 0 2 2 0 -1
13 0 2 1 0 2
tilted_haar_x2
3.775700e-004 0 -1
-3.722673e-001 3.066196e-001 
1
2
4 2 7 3 0 -1
4 3 7 1 0 3
haar_y3
-1.307073e-001 0 -1
7.696477e-001 -1.734833e-001 
1
2
6 6 3 1 0 -1
7 6 1 1 0 3
haar_x3
7.520128e-003 0 -1
1.688249e-001 -8.314522e-001 
1
2
5 6 3 1 0 -1
6 6 1 1 0 3
haar_x3
8.884402e-003 0 -1
1.669566e-001 -8.013646e-001 
1
2
11 0 4 2 0 -1
11 1 4 1 0 2
haar_y2
-4.834724e-004 0 -1
2.431134e-001 -4.146641e-001 
1
2
4 6 3 2 0 -1
5 6 1 2 0 3
haar_x3
1.218852e-002 0 -1
1.462263e-001 -7.466980e-001 
1
2
5 2 6 2 0 -1
5 3 6 1 0 2
haar_y2
6.023312e-002 0 -1
-1.629911e-001 7.214192e-001 
1
2
3 1 9 3 0 -1
6 2 3 1 0 9
haar_point
2.117785e-001 0 -1
-1.393319e-001 6.399237e-001 
1
2
0 5 15 1 0 -1
5 5 5 1 0 3
haar_x3
-9.415489e-002 0 -1
5.736811e-001 -1.503925e-001 
1
2
5 3 3 1 0 -1
6 3 1 1 0 3
haar_x3
-6.053134e-003 0 -1
-6.504033e-001 1.480295e-001 
1
2
0 4 15 3 0 -1
5 5 5 1 0 9
haar_point
5.110667e-001 0 -1
-1.269748e-001 8.144032e-001 
-1.123580e+000

-1
-1
