39
1
2
3 3 2 4 0 -1
3 5 2 2 0 2
haar_y2
1.492984e-001 0 -1
-3.638848e-001 3.078158e-001 
1
2
2 0 4 3 0 -1
2 1 4 1 0 3
haar_y3
8.292227e-002 0 -1
-2.141776e-001 3.760047e-001 
1
2
3 1 2 1 0 -1
4 1 1 1 0 2
haar_x2
6.703691e-004 0 -1
-3.020035e-001 2.333644e-001 
1
2
5 4 1 3 0 -1
4 5 1 1 0 3
tilted_haar_x3
1.265316e-001 0 -1
1.046145e-002 -6.189777e-001 
1
2
2 0 3 2 0 -1
3 0 1 2 0 3
haar_x3
-2.710479e-002 0 -1
-6.740188e-001 9.462767e-002 
1
2
1 0 6 7 0 -1
3 0 2 7 0 3
haar_x3
-1.435240e-001 0 -1
2.350792e-001 -3.616385e-001 
1
2
2 6 3 2 0 -1
3 6 1 2 0 3
haar_x3
-2.930408e-002 0 -1
-6.690789e-001 1.113670e-001 
1
2
3 6 3 2 0 -1
4 6 1 2 0 3
haar_x3
-2.019956e-002 0 -1
-4.658484e-001 8.784754e-002 
1
2
0 3 3 2 0 -1
1 3 1 2 0 3
haar_x3
-2.853439e-002 0 -1
4.728475e-001 -1.526814e-001 
1
2
5 4 3 1 0 -1
6 4 1 1 0 3
haar_x3
3.165691e-002 0 -1
-6.664956e-002 3.698007e-001 
1
2
2 6 4 2 0 -1
3 6 2 2 0 2
haar_x4
1.515788e-002 0 -1
1.335919e-001 -5.230835e-001 
1
2
5 4 3 1 0 -1
6 4 1 1 0 3
haar_x3
-2.138895e-002 0 -1
4.339399e-001 -1.086314e-001 
1
2
0 4 2 1 0 -1
1 4 1 1 0 2
haar_x2
8.432807e-004 0 -1
-1.937372e-001 3.050807e-001 
1
2
3 0 3 1 0 -1
4 0 1 1 0 3
haar_x3
-1.515593e-002 0 -1
-5.915575e-001 7.219285e-002 
1
2
2 1 4 3 0 -1
2 2 4 1 0 3
haar_y3
1.170563e-001 0 -1
-9.636835e-002 5.606768e-001 
1
2
5 0 3 1 0 -1
6 1 1 1 0 3
tilted_haar_y3
1.382181e-001 0 -1
1.412359e-002 -8.364993e-001 
1
2
3 0 1 3 0 -1
2 1 1 1 0 3
tilted_haar_y3
2.106153e-002 0 -1
1.103944e-001 -5.132426e-001 
1
2
2 2 6 5 0 -1
2 2 3 5 0 2
haar_x2
-3.098441e-001 0 -1
-2.458757e-001 5.684334e-002 
1
2
1 3 3 2 0 -1
2 3 1 2 0 3
haar_x3
-5.386231e-002 0 -1
5.859018e-001 -8.501545e-002 
1
2
5 6 2 2 0 -1
5 6 1 2 0 2
haar_x2
2.697778e-002 0 -1
7.444616e-002 -7.610362e-001 
1
2
1 0 6 1 0 -1
1 0 3 1 0 2
tilted_haar_x2
-2.002330e-001 0 -1
-5.474139e-001 8.008023e-002 
1
2
7 2 1 6 0 -1
7 5 1 3 0 2
haar_y2
7.709162e-004 0 -1
-5.660345e-001 9.232721e-002 
1
2
2 0 1 2 0 -1
2 0 1 1 0 2
tilted_haar_y2
4.468687e-002 0 -1
6.504139e-002 -6.792480e-001 
1
2
7 0 1 4 0 -1
7 2 1 2 0 2
haar_y2
6.011103e-003 0 -1
1.018984e-001 -2.749143e-001 
1
2
4 5 2 1 0 -1
4 5 1 1 0 2
tilted_haar_x2
-6.132054e-004 0 -1
1.277149e-001 -3.754181e-001 
1
2
7 5 1 2 0 -1
7 5 1 1 0 2
tilted_haar_x2
-5.084635e-002 0 -1
-3.529893e-001 4.992027e-002 
1
2
1 5 2 1 0 -1
1 5 1 1 0 2
tilted_haar_x2
-3.837094e-002 0 -1
-5.430474e-001 8.915247e-002 
1
2
2 2 6 5 0 -1
4 2 2 5 0 3
haar_x3
-2.102426e-001 0 -1
2.134630e-001 -1.404385e-001 
1
2
0 0 1 4 0 -1
0 2 1 2 0 2
haar_y2
3.298648e-002 0 -1
1.144845e-001 -4.165100e-001 
1
2
5 0 3 2 0 -1
6 0 1 2 0 3
haar_x3
-1.204913e-002 0 -1
-2.736233e-001 8.535552e-002 
1
2
0 0 3 2 0 -1
1 0 1 2 0 3
haar_x3
-3.470388e-002 0 -1
-5.930761e-001 7.074828e-002 
1
2
7 6 1 2 0 -1
7 7 1 1 0 2
haar_y2
5.582949e-004 0 -1
-3.314264e-001 1.524407e-001 
1
2
2 3 3 5 0 -1
3 3 1 5 0 3
haar_x3
-2.699083e-002 0 -1
1.953108e-001 -2.124449e-001 
1
2
3 7 2 1 0 -1
3 7 1 1 0 2
haar_x2
-1.518591e-002 0 -1
-8.235134e-001 5.412503e-002 
1
2
1 4 4 1 0 -1
2 4 2 1 0 2
haar_x4
1.792568e-002 0 -1
-1.349774e-001 3.779015e-001 
1
2
4 4 3 1 0 -1
5 4 1 1 0 3
haar_x3
-1.484514e-002 0 -1
2.349629e-001 -7.654841e-002 
1
2
1 4 3 1 0 -1
2 4 1 1 0 3
haar_x3
-6.109874e-004 0 -1
2.335033e-001 -1.794437e-001 
1
2
7 6 1 2 0 -1
7 7 1 1 0 2
haar_y2
2.718884e-002 0 -1
5.720487e-002 -4.338698e-001 
1
2
0 6 1 2 0 -1
0 7 1 1 0 2
haar_y2
-8.808179e-003 0 -1
-4.793374e-001 7.942707e-002 
-1.476510e+000

5
-1
