71
1
2
0 4 1 4 0 -1
0 6 1 2 0 2
haar_y2
1.399917e-002 0 -1
-4.216278e-001 1.518002e-001 
1
2
4 2 1 4 0 -1
4 2 1 2 0 2
tilted_haar_x2
8.518264e-003 0 -1
2.049701e-002 -5.924473e-001 
1
2
2 3 4 5 0 -1
3 3 2 5 0 2
haar_x4
-5.691314e-002 0 -1
1.999604e-001 -2.838753e-001 
1
3
0 2 8 6 0 -1
4 2 4 3 0 2
0 5 4 3 0 2
haar_x2_y2
2.489293e-001 0 -1
7.944972e-002 -4.971466e-001 
1
2
0 0 6 3 0 -1
0 1 6 1 0 3
haar_y3
9.275304e-002 0 -1
-1.458819e-001 2.497605e-001 
1
2
0 2 8 6 0 -1
0 5 8 3 0 2
haar_y2
7.233684e-001 0 -1
-2.451820e-001 1.474198e-001 
1
2
1 3 3 2 0 -1
2 3 1 2 0 3
haar_x3
-2.114966e-002 0 -1
2.623166e-001 -1.207982e-001 
1
2
5 5 1 3 0 -1
5 6 1 1 0 3
haar_y3
-4.010727e-003 0 -1
2.023317e-001 -1.212397e-001 
1
2
2 0 3 2 0 -1
3 0 1 2 0 3
haar_x3
2.523300e-002 0 -1
5.488338e-002 -5.665271e-001 
1
2
3 0 3 1 0 -1
4 0 1 1 0 3
haar_x3
1.906715e-002 0 -1
3.553414e-002 -6.901884e-001 
1
2
1 0 3 2 0 -1
2 0 1 2 0 3
haar_x3
3.368095e-002 0 -1
3.063856e-002 -7.565631e-001 
1
2
4 4 4 1 0 -1
5 4 2 1 0 2
haar_x4
1.729446e-002 0 -1
-1.428258e-001 1.420724e-001 
1
2
1 1 4 3 0 -1
1 2 4 1 0 3
haar_y3
-1.085818e-001 0 -1
2.766567e-001 -1.003800e-001 
1
2
2 1 5 3 0 -1
2 2 5 1 0 3
haar_y3
1.222455e-001 0 -1
-7.530099e-002 4.384196e-001 
1
2
0 0 3 2 0 -1
1 0 1 2 0 3
haar_x3
2.576408e-002 0 -1
5.432068e-002 -5.408708e-001 
1
2
2 0 4 2 0 -1
2 0 2 2 0 2
haar_x2
1.650487e-002 0 -1
-1.553789e-001 1.842912e-001 
1
2
2 6 4 2 0 -1
3 6 2 2 0 2
haar_x4
-2.916861e-002 0 -1
-4.505490e-001 5.962504e-002 
1
2
4 4 4 1 0 -1
5 4 2 1 0 2
haar_x4
-2.471100e-002 0 -1
2.818640e-001 -3.553548e-002 
1
2
0 4 4 1 0 -1
1 4 2 1 0 2
haar_x4
1.616096e-002 0 -1
-1.419030e-001 1.838104e-001 
1
2
5 3 3 2 0 -1
6 3 1 2 0 3
haar_x3
1.042744e-001 0 -1
-4.155986e-002 3.831137e-001 
1
2
0 3 3 2 0 -1
1 3 1 2 0 3
haar_x3
-2.239298e-002 0 -1
2.591905e-001 -9.240032e-002 
1
2
7 6 1 2 0 -1
7 7 1 1 0 2
haar_y2
6.051034e-004 0 -1
-2.603371e-001 1.132784e-001 
1
2
1 6 3 2 0 -1
2 6 1 2 0 3
haar_x3
-3.325211e-002 0 -1
-5.726078e-001 4.006295e-002 
1
2
6 7 2 1 0 -1
6 7 1 1 0 2
haar_x2
1.449254e-002 0 -1
4.187207e-002 -5.689726e-001 
1
2
1 5 3 3 0 -1
2 6 1 1 0 9
haar_point
-2.995311e-002 0 -1
2.087508e-001 -9.932336e-002 
1
2
2 1 6 6 0 -1
4 3 2 2 0 9
haar_point
-8.538884e-001 0 -1
1.550106e-001 -8.790611e-002 
1
2
0 7 2 1 0 -1
1 7 1 1 0 2
haar_x2
1.967656e-002 0 -1
2.598988e-002 -7.596173e-001 
1
2
6 6 2 1 0 -1
6 6 1 1 0 2
haar_x2
9.618191e-003 0 -1
5.223966e-002 -3.348396e-001 
1
2
0 6 2 1 0 -1
1 6 1 1 0 2
haar_x2
8.939059e-004 0 -1
-1.236717e-001 1.746719e-001 
1
2
2 1 6 7 0 -1
4 1 2 7 0 3
haar_x3
1.869343e-001 0 -1
-2.329737e-002 2.363882e-001 
1
2
2 4 3 4 0 -1
3 4 1 4 0 3
haar_x3
-7.458525e-004 0 -1
9.150609e-002 -2.169297e-001 
1
2
0 1 8 4 0 -1
0 2 8 2 0 2
haar_y4
-1.699597e-001 0 -1
1.204923e-001 -1.775242e-001 
1
2
1 6 1 2 0 -1
1 7 1 1 0 2
haar_y2
1.363013e-003 0 -1
-1.923069e-001 1.050813e-001 
1
2
2 5 4 3 0 -1
2 6 4 1 0 3
haar_y3
1.146196e-001 0 -1
-5.512798e-002 4.063776e-001 
1
2
0 4 8 3 0 -1
2 4 4 3 0 2
haar_x4
-5.825797e-001 0 -1
8.079337e-001 -2.559512e-002 
1
2
5 0 3 3 0 -1
6 0 1 3 0 3
haar_x3
3.314217e-002 0 -1
7.195164e-002 -4.833180e-001 
1
2
1 0 5 3 0 -1
1 1 5 1 0 3
haar_y3
-1.444055e-001 0 -1
4.917500e-001 -4.598487e-002 
1
2
7 6 1 2 0 -1
7 7 1 1 0 2
haar_y2
3.406332e-002 0 -1
3.864158e-002 -6.045336e-001 
1
2
1 2 6 3 0 -1
3 3 2 1 0 9
haar_point
-3.453858e-001 0 -1
1.443858e-001 -1.386056e-001 
1
2
7 4 1 4 0 -1
7 5 1 2 0 2
haar_y4
5.948853e-002 0 -1
1.952559e-002 -6.996964e-001 
1
2
0 4 1 4 0 -1
0 5 1 2 0 2
haar_y4
-2.163590e-002 0 -1
-3.583521e-001 4.986178e-002 
1
2
6 1 2 1 0 -1
6 1 1 1 0 2
tilted_haar_y2
8.251220e-002 0 -1
1.045644e-002 -7.422676e-001 
1
2
2 1 1 2 0 -1
2 1 1 1 0 2
tilted_haar_y2
6.780214e-002 0 -1
2.641871e-002 -6.335348e-001 
1
2
6 1 2 1 0 -1
6 1 1 1 0 2
haar_x2
-3.141322e-002 0 -1
-7.048200e-001 2.130058e-002 
1
3
0 3 2 2 0 -1
0 3 1 1 0 2
1 4 1 1 0 2
haar_x2_y2
-1.760818e-002 0 -1
3.654610e-001 -5.853624e-002 
1
2
5 0 1 2 0 -1
5 1 1 1 0 2
haar_y2
6.582800e-003 0 -1
-6.800010e-002 1.560305e-001 
1
3
3 0 2 2 0 -1
3 0 1 1 0 2
4 1 1 1 0 2
haar_x2_y2
2.029449e-002 0 -1
3.668174e-002 -5.984559e-001 
1
2
5 0 3 3 0 -1
6 0 1 3 0 3
haar_x3
-3.811761e-002 0 -1
-4.118496e-001 4.097113e-002 
1
2
0 5 1 3 0 -1
0 6 1 1 0 3
haar_y3
4.647463e-002 0 -1
2.207444e-002 -6.860473e-001 
1
2
4 4 3 1 0 -1
5 4 1 1 0 3
haar_x3
-2.226701e-002 0 -1
2.644064e-001 -6.116784e-002 
1
2
0 3 8 2 0 -1
2 3 4 2 0 2
haar_x4
-2.342691e-001 0 -1
-2.476160e-001 6.841437e-002 
1
2
4 4 3 1 0 -1
5 4 1 1 0 3
haar_x3
4.043717e-002 0 -1
-5.679430e-002 3.040830e-001 
1
2
1 4 3 1 0 -1
2 4 1 1 0 3
haar_x3
-2.186703e-002 0 -1
2.897357e-001 -6.798592e-002 
1
2
5 1 2 2 0 -1
5 1 1 2 0 2
haar_x2
-9.117216e-004 0 -1
9.874204e-002 -1.291240e-001 
1
2
3 5 2 2 0 -1
4 5 1 2 0 2
haar_x2
2.458291e-002 0 -1
4.114464e-002 -4.276004e-001 
1
2
5 1 2 2 0 -1
5 1 1 2 0 2
haar_x2
-2.802740e-002 0 -1
-2.645728e-001 4.214941e-002 
1
2
1 1 2 2 0 -1
2 1 1 2 0 2
haar_x2
2.447920e-002 0 -1
3.435180e-002 -5.050418e-001 
1
2
0 0 8 6 0 -1
0 3 8 3 0 2
haar_y2
4.379726e-001 0 -1
7.036734e-002 -2.564810e-001 
1
2
0 2 7 4 0 -1
0 3 7 2 0 2
haar_y4
9.780020e-003 0 -1
-7.419287e-002 2.709624e-001 
1
2
2 2 4 4 0 -1
3 2 2 4 0 2
haar_x4
-2.584686e-001 0 -1
-8.838241e-001 1.980269e-002 
1
2
2 0 4 6 0 -1
2 3 4 3 0 2
haar_y2
5.065557e-001 0 -1
1.054213e-002 -9.892068e-001 
1
2
5 0 1 2 0 -1
5 1 1 1 0 2
haar_y2
-5.465621e-002 0 -1
-4.031899e-001 4.215192e-003 
1
2
1 1 3 2 0 -1
2 1 1 2 0 3
haar_x3
-3.490276e-002 0 -1
-3.930669e-001 4.069084e-002 
1
2
0 0 8 1 0 -1
2 0 4 1 0 2
haar_x4
-1.695747e-002 0 -1
1.594963e-001 -1.093112e-001 
1
2
0 0 8 1 0 -1
2 0 4 1 0 2
haar_x4
1.549744e-002 0 -1
-1.158904e-001 2.187188e-001 
1
2
3 5 2 3 0 -1
3 6 2 1 0 3
haar_y3
-3.985323e-002 0 -1
2.934395e-001 -5.044845e-002 
1
2
0 3 4 4 0 -1
0 4 4 2 0 2
haar_y4
1.523898e-001 0 -1
4.054466e-002 -3.651337e-001 
1
2
7 3 1 3 0 -1
6 4 1 1 0 3
tilted_haar_x3
-1.363735e-001 0 -1
-4.332774e-001 5.431307e-003 
1
2
1 3 3 1 0 -1
2 4 1 1 0 3
tilted_haar_x3
2.266357e-002 0 -1
-1.026389e-001 1.703691e-001 
1
3
2 1 6 6 0 -1
5 1 3 3 0 2
2 4 3 3 0 2
haar_x2_y2
5.845016e-001 0 -1
-3.540731e-003 9.069699e-001 
1
2
1 0 2 1 0 -1
2 0 1 1 0 2
haar_x2
-8.849703e-004 0 -1
1.204104e-001 -1.216050e-001 
-1.166947e+000

10
-1
