6
1
2
4 1 6 4 0 -1
4 2 6 2 0 2
haar_y4
-1.367163e-001 0 -1
8.499853e-001 -3.668501e-001 
1
2
7 6 3 1 0 -1
8 6 1 1 0 3
haar_x3
7.321040e-003 0 -1
2.774552e-001 -9.398052e-001 
1
2
2 0 2 8 0 -1
2 2 2 4 0 2
haar_y4
-4.388800e-002 0 -1
4.315997e-001 -4.882663e-001 
1
2
7 6 3 1 0 -1
8 6 1 1 0 3
haar_x3
-7.673986e-003 0 -1
-7.739261e-001 1.265185e-001 
1
2
5 6 3 1 0 -1
6 6 1 1 0 3
haar_x3
7.431576e-003 0 -1
1.959811e-001 -8.210191e-001 
1
2
4 0 7 4 0 -1
4 1 7 2 0 2
haar_y4
1.200013e-001 0 -1
-2.258588e-001 9.019737e-001 
-1.381465e+000

2
-1
