43
1
2
4 0 7 3 0 -1
4 1 7 1 0 3
haar_y3
5.560625e-002 0 -1
-3.079819e-001 5.087400e-001 
1
3
7 3 6 4 0 -1
10 3 3 2 0 2
7 5 3 2 0 2
haar_x2_y2
-4.506488e-002 0 -1
4.695069e-001 -1.897819e-001 
1
2
4 2 7 3 0 -1
4 3 7 1 0 3
haar_y3
-1.993477e-001 0 -1
6.583753e-001 -1.311577e-001 
1
2
12 0 1 2 0 -1
12 1 1 1 0 2
haar_y2
-1.719995e-004 0 -1
1.827670e-001 -2.649176e-001 
1
2
0 2 8 2 0 -1
2 2 4 2 0 2
haar_x4
-2.648952e-002 0 -1
2.292874e-001 -2.205799e-001 
1
2
7 4 2 4 0 -1
7 5 2 2 0 2
haar_y4
4.230767e-002 0 -1
-3.779083e-002 4.710888e-001 
1
2
0 0 5 2 0 -1
0 1 5 1 0 2
haar_y2
2.166107e-002 0 -1
6.594022e-002 -5.945004e-001 
1
3
6 4 8 2 0 -1
10 4 4 1 0 2
6 5 4 1 0 2
haar_x2_y2
2.666048e-002 0 -1
-4.124137e-002 2.237551e-001 
1
3
1 4 8 2 0 -1
1 4 4 1 0 2
5 5 4 1 0 2
haar_x2_y2
-3.155585e-002 0 -1
3.733127e-001 -1.197536e-001 
1
2
12 5 1 2 0 -1
12 5 1 1 0 2
tilted_haar_x2
-2.180534e-002 0 -1
-5.890531e-001 3.621068e-002 
1
2
7 0 6 2 0 -1
7 0 6 1 0 2
tilted_haar_y2
7.385491e-002 0 -1
4.936381e-002 -7.031992e-001 
1
2
12 5 1 2 0 -1
12 5 1 1 0 2
tilted_haar_x2
1.558482e-002 0 -1
4.411943e-002 -2.908985e-001 
1
2
0 6 15 2 0 -1
5 6 5 2 0 3
haar_x3
-1.199212e-001 0 -1
2.605683e-001 -1.377527e-001 
1
2
7 4 4 4 0 -1
8 4 2 4 0 2
haar_x4
-2.230714e-002 0 -1
-4.590721e-001 5.074267e-002 
1
2
4 4 4 4 0 -1
5 4 2 4 0 2
haar_x4
5.590309e-004 0 -1
-2.367609e-001 1.997222e-001 
1
2
6 1 6 7 0 -1
8 1 2 7 0 3
haar_x3
1.375987e-001 0 -1
1.768002e-002 -3.874649e-001 
1
2
3 1 6 7 0 -1
5 1 2 7 0 3
haar_x3
1.185161e-001 0 -1
6.426987e-002 -6.283751e-001 
1
2
0 7 15 1 0 -1
5 7 5 1 0 3
haar_x3
9.781658e-002 0 -1
-1.053392e-001 4.024395e-001 
1
3
1 0 12 8 0 -1
1 0 6 4 0 2
7 4 6 4 0 2
haar_x2_y2
3.036286e-001 0 -1
4.830557e-002 -6.974390e-001 
1
2
6 1 5 3 0 -1
6 2 5 1 0 3
haar_y3
-1.126414e-001 0 -1
3.967320e-001 -8.394438e-002 
1
2
4 1 5 3 0 -1
4 2 5 1 0 3
haar_y3
2.249172e-002 0 -1
-1.283239e-001 3.573983e-001 
1
2
11 5 1 2 0 -1
11 5 1 1 0 2
tilted_haar_x2
-2.349590e-002 0 -1
-5.673826e-001 3.129633e-002 
1
2
0 4 15 1 0 -1
5 4 5 1 0 3
haar_x3
-7.459590e-002 0 -1
2.783820e-001 -1.170092e-001 
1
2
8 1 5 2 0 -1
8 1 5 1 0 2
tilted_haar_x2
7.825027e-002 0 -1
1.263132e-002 -8.750925e-001 
1
2
7 1 2 5 0 -1
7 1 1 5 0 2
tilted_haar_x2
2.160909e-002 0 -1
8.456144e-002 -4.154662e-001 
1
2
11 5 1 2 0 -1
11 5 1 1 0 2
tilted_haar_x2
2.198487e-003 0 -1
-5.413510e-002 5.315499e-002 
1
2
4 5 2 1 0 -1
4 5 1 1 0 2
tilted_haar_x2
-1.812151e-002 0 -1
-5.138501e-001 5.518646e-002 
1
2
14 0 1 6 0 -1
14 3 1 3 0 2
haar_y2
6.323782e-003 0 -1
1.164193e-001 -2.574893e-001 
1
3
3 2 2 2 0 -1
3 2 1 1 0 2
4 3 1 1 0 2
haar_x2_y2
3.504154e-003 0 -1
-1.036400e-001 2.916591e-001 
1
2
11 5 4 3 0 -1
11 6 4 1 0 3
haar_y3
2.106050e-002 0 -1
9.715784e-002 -5.107146e-001 
1
3
2 3 4 2 0 -1
2 3 2 1 0 2
4 4 2 1 0 2
haar_x2_y2
1.161847e-002 0 -1
-1.209089e-001 2.465204e-001 
1
3
9 3 4 2 0 -1
11 3 2 1 0 2
9 4 2 1 0 2
haar_x2_y2
-1.576387e-002 0 -1
3.101587e-001 -4.933944e-002 
1
3
4 0 6 6 0 -1
4 0 3 3 0 2
7 3 3 3 0 2
haar_x2_y2
-1.201647e-001 0 -1
-8.425872e-001 3.826900e-002 
1
2
11 3 3 3 0 -1
11 4 3 1 0 3
haar_y3
8.922526e-005 0 -1
-1.486670e-001 8.968166e-002 
1
2
0 0 2 3 0 -1
0 1 2 1 0 3
haar_y3
-2.909179e-002 0 -1
-6.282761e-001 4.790172e-002 
1
2
12 0 1 2 0 -1
12 1 1 1 0 2
haar_y2
1.377311e-002 0 -1
6.939881e-003 -5.613824e-001 
1
2
2 0 1 2 0 -1
2 1 1 1 0 2
haar_y2
-2.500440e-004 0 -1
1.387150e-001 -2.319234e-001 
1
2
14 1 1 3 0 -1
14 2 1 1 0 3
haar_y3
1.493062e-002 0 -1
3.799649e-002 -5.536942e-001 
1
2
4 0 7 4 0 -1
4 1 7 2 0 2
haar_y4
1.434512e-001 0 -1
-7.291260e-002 4.831606e-001 
1
3
8 3 4 2 0 -1
10 3 2 1 0 2
8 4 2 1 0 2
haar_x2_y2
-1.452628e-002 0 -1
1.977160e-001 -3.800797e-002 
1
2
3 1 8 6 0 -1
3 4 8 3 0 2
haar_y2
1.108709e-002 0 -1
-2.896731e-001 1.133904e-001 
1
2
14 1 1 3 0 -1
14 2 1 1 0 3
haar_y3
-5.376535e-003 0 -1
-3.023314e-001 1.019306e-001 
1
2
4 3 4 2 0 -1
4 4 4 1 0 2
haar_y2
-2.821916e-002 0 -1
5.040692e-001 -6.722532e-002 
-1.205582e+000

4
-1
