17
1
2
3 1 8 4 0 -1
3 2 8 2 0 2
haar_y4
-1.042394e-001 0 -1
7.140244e-001 -4.158910e-001 
1
2
12 0 3 2 0 -1
12 0 3 1 0 2
tilted_haar_x2
2.488517e-002 0 -1
-1.062295e-001 2.241933e-001 
1
2
4 2 7 3 0 -1
4 3 7 1 0 3
haar_y3
-1.587108e-001 0 -1
7.620918e-001 -1.506856e-001 
1
2
12 0 1 2 0 -1
12 0 1 1 0 2
tilted_haar_x2
7.641013e-005 0 -1
-2.295006e-001 1.673027e-001 
1
2
0 0 4 2 0 -1
0 1 4 1 0 2
haar_y2
-3.559464e-004 0 -1
2.500325e-001 -3.890992e-001 
1
2
9 1 3 7 0 -1
10 1 1 7 0 3
haar_x3
3.343179e-002 0 -1
1.408118e-001 -6.526073e-001 
1
2
3 1 3 7 0 -1
4 1 1 7 0 3
haar_x3
3.280710e-002 0 -1
8.951447e-002 -7.376202e-001 
1
2
11 0 4 5 0 -1
11 0 2 5 0 2
haar_x2
-3.293135e-001 0 -1
7.543694e-001 -1.635337e-002 
1
2
0 0 4 5 0 -1
2 0 2 5 0 2
haar_x2
-4.086542e-002 0 -1
4.171055e-001 -2.170406e-001 
1
2
7 7 3 1 0 -1
8 7 1 1 0 3
haar_x3
1.335993e-002 0 -1
7.138272e-002 -8.970544e-001 
1
2
6 2 3 3 0 -1
6 3 3 1 0 3
haar_y3
6.323786e-002 0 -1
-1.236000e-001 7.389961e-001 
1
2
7 7 3 1 0 -1
8 7 1 1 0 3
haar_x3
-6.785379e-003 0 -1
-6.566069e-001 1.310422e-001 
1
2
5 1 4 3 0 -1
5 2 4 1 0 3
haar_y3
6.227448e-002 0 -1
-1.225211e-001 6.264149e-001 
1
2
8 2 2 4 0 -1
8 4 2 2 0 2
haar_y2
7.058289e-004 0 -1
-3.299095e-001 1.848239e-001 
1
3
5 0 4 8 0 -1
5 0 2 4 0 2
7 4 2 4 0 2
haar_x2_y2
4.746246e-002 0 -1
1.006768e-001 -6.635704e-001 
1
2
7 7 3 1 0 -1
8 7 1 1 0 3
haar_x3
9.122798e-005 0 -1
-1.173040e-001 1.096860e-001 
1
2
5 7 3 1 0 -1
6 7 1 1 0 3
haar_x3
9.172852e-003 0 -1
8.569612e-002 -8.093212e-001 
-1.302843e+000

0
-1
