36
1
2
3 4 2 2 0 -1
3 5 2 1 0 2
haar_y2
7.138318e-002 0 -1
-2.404978e-001 5.717979e-001 
1
2
2 0 4 3 0 -1
2 1 4 1 0 3
haar_y3
1.475095e-001 0 -1
-1.285185e-001 5.953963e-001 
1
2
1 2 6 6 0 -1
3 2 2 6 0 3
haar_x3
-1.171071e-001 0 -1
1.882497e-001 -3.934984e-001 
1
2
4 3 2 2 0 -1
4 3 2 1 0 2
tilted_haar_x2
-7.508572e-002 0 -1
7.271761e-002 -1.528455e-001 
1
2
3 6 2 2 0 -1
4 6 1 2 0 2
haar_x2
-2.161045e-002 0 -1
-6.884661e-001 1.592826e-001 
1
2
3 6 3 2 0 -1
4 6 1 2 0 3
haar_x3
1.981002e-002 0 -1
2.503545e-002 -5.762706e-001 
1
2
2 6 3 2 0 -1
3 6 1 2 0 3
haar_x3
-2.994260e-002 0 -1
-7.220532e-001 9.985191e-002 
1
2
3 0 3 2 0 -1
4 0 1 2 0 3
haar_x3
-2.322123e-002 0 -1
-6.123383e-001 5.650535e-002 
1
2
2 0 3 2 0 -1
3 0 1 2 0 3
haar_x3
-3.282208e-002 0 -1
-8.245861e-001 8.194681e-002 
1
2
5 2 3 3 0 -1
6 3 1 1 0 9
haar_point
-5.870141e-002 0 -1
2.392573e-001 -1.986083e-001 
1
2
0 2 3 3 0 -1
1 3 1 1 0 9
haar_point
-8.673760e-002 0 -1
3.183424e-001 -1.736095e-001 
1
2
5 3 3 3 0 -1
6 3 1 3 0 3
haar_x3
5.171284e-002 0 -1
-1.397472e-001 3.797815e-001 
1
2
1 7 2 1 0 -1
2 7 1 1 0 2
haar_x2
1.149462e-002 0 -1
8.013524e-002 -6.797875e-001 
1
2
4 7 3 1 0 -1
5 7 1 1 0 3
haar_x3
1.442894e-002 0 -1
7.585059e-002 -7.113712e-001 
1
2
0 3 3 3 0 -1
1 3 1 3 0 3
haar_x3
6.150931e-002 0 -1
-1.324520e-001 4.498374e-001 
1
2
4 7 3 1 0 -1
5 7 1 1 0 3
haar_x3
-1.854245e-002 0 -1
-6.965517e-001 5.920159e-002 
1
2
1 7 3 1 0 -1
2 7 1 1 0 3
haar_x3
-1.354823e-002 0 -1
-5.751967e-001 7.929324e-002 
1
2
1 1 6 3 0 -1
1 2 6 1 0 3
haar_y3
-1.029543e-001 0 -1
3.067707e-001 -1.733081e-001 
1
2
3 1 1 3 0 -1
3 2 1 1 0 3
haar_y3
3.232073e-002 0 -1
-9.796625e-002 5.093226e-001 
1
2
2 0 4 6 0 -1
3 0 2 6 0 2
haar_x4
-7.290196e-002 0 -1
2.609284e-001 -1.929597e-001 
1
2
0 3 3 2 0 -1
1 3 1 2 0 3
haar_x3
-2.853921e-002 0 -1
4.165971e-001 -1.296575e-001 
1
2
5 5 1 2 0 -1
5 5 1 1 0 2
tilted_haar_x2
3.268231e-002 0 -1
4.078329e-002 -7.567813e-001 
1
2
1 4 3 1 0 -1
2 4 1 1 0 3
haar_x3
-2.271625e-002 0 -1
4.454298e-001 -1.155049e-001 
1
2
7 3 1 4 0 -1
7 5 1 2 0 2
haar_y2
5.269273e-004 0 -1
-2.960425e-001 8.483455e-002 
1
2
2 3 4 3 0 -1
2 4 4 1 0 3
haar_y3
4.514702e-002 0 -1
-1.339176e-001 3.257361e-001 
1
2
7 4 1 4 0 -1
7 6 1 2 0 2
haar_y2
-1.426299e-002 0 -1
-3.341277e-001 5.736136e-002 
1
2
2 0 1 2 0 -1
2 0 1 1 0 2
tilted_haar_y2
5.469462e-002 0 -1
6.572119e-002 -5.886877e-001 
1
2
7 0 1 6 0 -1
7 3 1 3 0 2
haar_y2
-1.067128e-001 0 -1
-5.142307e-001 3.964638e-002 
1
2
0 0 1 6 0 -1
0 3 1 3 0 2
haar_y2
1.002615e-001 0 -1
8.800156e-002 -4.803978e-001 
1
2
7 3 1 4 0 -1
7 5 1 2 0 2
haar_y2
1.023168e-001 0 -1
4.347664e-002 -3.554287e-001 
1
2
0 3 1 4 0 -1
0 5 1 2 0 2
haar_y2
2.322063e-004 0 -1
-4.724898e-001 9.840713e-002 
1
2
3 0 3 2 0 -1
4 0 1 2 0 3
haar_x3
3.453617e-002 0 -1
4.222817e-002 -7.827415e-001 
1
2
2 3 3 3 0 -1
3 3 1 3 0 3
haar_x3
-3.459240e-002 0 -1
2.083268e-001 -1.806303e-001 
1
3
3 5 2 2 0 -1
4 5 1 1 0 2
3 6 1 1 0 2
haar_x2_y2
-1.787708e-004 0 -1
2.081642e-001 -1.696122e-001 
1
2
3 5 2 1 0 -1
3 5 1 1 0 2
tilted_haar_x2
-3.309703e-004 0 -1
1.375890e-001 -2.547234e-001 
1
2
7 3 1 4 0 -1
7 3 1 2 0 2
tilted_haar_x2
-1.831873e-001 0 -1
-3.844800e-001 4.767688e-002 
-1.344227e+000

4
-1
