27
1
2
0 1 6 3 0 -1
0 2 6 1 0 3
haar_y3
-3.243653e-001 0 -1
4.399509e-001 -4.585856e-001 
1
2
1 2 4 2 0 -1
2 2 2 2 0 2
haar_x4
-1.512817e-001 0 -1
4.433549e-001 -3.478072e-001 
1
2
0 4 6 2 0 -1
3 4 3 2 0 2
haar_x2
3.350404e-001 0 -1
1.193287e-001 -7.657393e-001 
1
2
0 5 6 1 0 -1
3 5 3 1 0 2
haar_x2
-1.700273e-001 0 -1
-6.498061e-001 1.492868e-001 
1
2
3 0 3 6 0 -1
3 3 3 3 0 2
haar_y2
1.119349e+000 0 -1
7.894145e-002 -6.091196e-001 
1
2
4 0 2 2 0 -1
5 0 1 2 0 2
haar_x2
1.006427e-001 0 -1
8.444680e-002 -6.426951e-001 
1
2
2 0 3 1 0 -1
3 0 1 1 0 3
haar_x3
4.918617e-002 0 -1
6.801247e-002 -7.029981e-001 
1
2
2 2 4 3 0 -1
4 2 2 3 0 2
haar_x2
2.151591e-003 0 -1
-4.064074e-001 1.127602e-001 
1
2
1 0 4 2 0 -1
2 0 2 2 0 2
haar_x4
-1.247049e-001 0 -1
-5.046275e-001 1.093345e-001 
1
2
1 5 2 1 0 -1
2 5 1 1 0 2
haar_x2
2.965138e-002 0 -1
5.980695e-002 -6.344060e-001 
1
2
2 0 1 2 0 -1
2 0 1 1 0 2
tilted_haar_y2
1.716971e-001 0 -1
5.921578e-002 -7.245903e-001 
1
2
0 0 6 4 0 -1
0 2 6 2 0 2
haar_y2
4.807311e-001 0 -1
7.807027e-002 -4.467903e-001 
1
2
1 5 3 1 0 -1
2 5 1 1 0 3
haar_x3
-4.667005e-002 0 -1
-5.037651e-001 1.008839e-001 
1
2
2 0 4 6 0 -1
2 3 4 3 0 2
haar_y2
-6.224849e-001 0 -1
-9.653280e-001 3.128322e-002 
1
2
1 1 4 1 0 -1
1 1 2 1 0 2
tilted_haar_x2
-4.384855e-001 0 -1
-6.316336e-001 5.582714e-002 
1
2
1 2 3 2 0 -1
2 2 1 2 0 3
haar_x3
9.392379e-002 0 -1
-8.125176e-002 5.891385e-001 
1
2
2 2 3 2 0 -1
3 2 1 2 0 3
haar_x3
1.361607e-001 0 -1
-5.496931e-002 7.185432e-001 
1
2
2 5 3 1 0 -1
3 5 1 1 0 3
haar_x3
-5.171813e-002 0 -1
-5.512301e-001 8.531153e-002 
1
2
3 0 2 6 0 -1
4 0 1 6 0 2
haar_x2
2.173136e-003 0 -1
-3.086526e-001 1.203545e-001 
1
2
5 4 1 2 0 -1
5 5 1 1 0 2
haar_y2
-3.019772e-002 0 -1
-6.329134e-001 5.928048e-002 
1
3
0 3 2 2 0 -1
0 3 1 1 0 2
1 4 1 1 0 2
haar_x2_y2
-1.877717e-003 0 -1
2.086042e-001 -1.599986e-001 
1
2
0 2 3 3 0 -1
1 3 1 1 0 9
haar_point
-4.390123e-001 0 -1
4.602323e-001 -6.685100e-002 
1
3
1 0 4 6 0 -1
1 0 2 3 0 2
3 3 2 3 0 2
haar_x2_y2
4.403412e-001 0 -1
6.212257e-002 -5.975112e-001 
1
2
3 0 3 2 0 -1
4 0 1 2 0 3
haar_x3
6.162784e-002 0 -1
6.684166e-002 -4.970044e-001 
1
3
4 3 2 2 0 -1
4 3 1 1 0 2
5 4 1 1 0 2
haar_x2_y2
1.774563e-003 0 -1
-1.621910e-001 1.867670e-001 
1
2
3 5 3 1 0 -1
4 5 1 1 0 3
haar_x3
-4.081171e-002 0 -1
-4.698917e-001 7.448930e-002 
1
2
3 0 3 3 0 -1
4 1 1 3 0 3
tilted_haar_x3
-2.013589e-001 0 -1
1.311069e-001 -2.217013e-001 
-1.384767e+000

3
-1
