47
1
2
2 1 6 6 0 -1
4 3 2 2 0 9
haar_point
4.819377e-001 0 -1
-2.893775e-001 4.455920e-001 
1
2
3 4 5 4 0 -1
3 6 5 2 0 2
haar_y2
-2.193471e-001 0 -1
3.120110e-001 -2.390195e-001 
1
3
0 6 4 4 0 -1
0 6 2 2 0 2
2 8 2 2 0 2
haar_x2_y2
3.215238e-002 0 -1
-1.931124e-001 3.130226e-001 
1
2
2 0 6 1 0 -1
4 0 2 1 0 3
haar_x3
2.447516e-002 0 -1
-3.062318e-001 1.797133e-001 
1
2
0 2 3 6 0 -1
0 5 3 3 0 2
haar_y2
-3.488573e-002 0 -1
1.762938e-001 -3.246398e-001 
1
2
8 3 2 6 0 -1
8 6 2 3 0 2
haar_y2
-1.358854e-001 0 -1
-6.372899e-001 7.694521e-002 
1
2
3 1 1 3 0 -1
2 2 1 1 0 3
tilted_haar_y3
1.792406e-002 0 -1
6.391474e-002 -4.896587e-001 
1
2
8 0 2 4 0 -1
8 1 2 2 0 2
haar_y4
1.135702e-003 0 -1
-2.710939e-001 1.877367e-001 
1
2
0 0 1 4 0 -1
0 1 1 2 0 2
haar_y4
2.513359e-004 0 -1
-2.728081e-001 1.407001e-001 
1
2
6 0 3 1 0 -1
7 1 1 1 0 3
tilted_haar_y3
1.270334e-002 0 -1
5.051435e-002 -3.045773e-001 
1
2
1 8 2 2 0 -1
2 8 1 2 0 2
haar_x2
1.442417e-002 0 -1
6.356678e-002 -5.818962e-001 
1
2
6 0 3 1 0 -1
7 1 1 1 0 3
tilted_haar_y3
-4.289012e-002 0 -1
-4.114012e-001 1.719879e-002 
1
2
3 1 2 1 0 -1
4 1 1 1 0 2
haar_x2
3.668072e-004 0 -1
-3.119643e-001 1.143159e-001 
1
2
5 0 1 3 0 -1
5 1 1 1 0 3
haar_y3
7.381701e-003 0 -1
5.264693e-002 -4.728385e-001 
1
3
0 1 2 4 0 -1
0 1 1 2 0 2
1 3 1 2 0 2
haar_x2_y2
-4.777625e-003 0 -1
2.244287e-001 -1.509911e-001 
1
2
2 4 8 3 0 -1
2 5 8 1 0 3
haar_y3
3.145424e-002 0 -1
-1.783006e-001 1.587024e-001 
1
2
0 4 1 4 0 -1
0 6 1 2 0 2
haar_y2
-3.668634e-002 0 -1
-4.791881e-001 7.592473e-002 
1
2
5 0 4 3 0 -1
5 1 4 1 0 3
haar_y3
-1.372636e-002 0 -1
-3.587021e-001 4.872656e-002 
1
2
5 1 1 3 0 -1
4 2 1 1 0 3
tilted_haar_y3
-4.157896e-002 0 -1
-7.126236e-001 4.228479e-002 
1
2
8 1 2 6 0 -1
8 1 1 6 0 2
tilted_haar_y2
1.369984e-001 0 -1
3.398381e-002 -4.785234e-001 
1
2
1 5 8 2 0 -1
5 5 4 2 0 2
haar_x2
9.809132e-002 0 -1
6.751592e-002 -4.711967e-001 
1
2
6 0 3 1 0 -1
7 1 1 1 0 3
tilted_haar_y3
4.878453e-002 0 -1
-1.261083e-003 -6.734793e-001 
1
2
1 0 4 3 0 -1
1 1 4 1 0 3
haar_y3
3.913735e-002 0 -1
4.223898e-002 -7.239999e-001 
1
2
8 0 2 3 0 -1
7 1 2 1 0 3
tilted_haar_x3
6.642100e-002 0 -1
-4.548390e-002 5.277440e-001 
1
2
2 9 3 1 0 -1
3 9 1 1 0 3
haar_x3
2.059935e-002 0 -1
4.237018e-002 -7.721874e-001 
1
2
5 2 2 2 0 -1
5 3 2 1 0 2
haar_y2
2.815329e-004 0 -1
-1.605639e-001 1.117039e-001 
1
2
2 0 3 2 0 -1
3 1 1 2 0 3
tilted_haar_x3
4.304821e-002 0 -1
-7.870335e-002 4.000277e-001 
1
2
4 0 2 2 0 -1
4 1 2 1 0 2
haar_y2
-1.335801e-002 0 -1
-8.381402e-001 4.424919e-002 
1
2
0 1 4 3 0 -1
1 1 2 3 0 2
haar_x4
-1.104648e-002 0 -1
1.461902e-001 -2.024265e-001 
1
2
3 0 6 5 0 -1
5 0 2 5 0 3
haar_x3
-1.156211e-001 0 -1
4.034754e-001 -4.758520e-002 
1
2
1 0 6 5 0 -1
3 0 2 5 0 3
haar_x3
-7.493328e-002 0 -1
4.209140e-001 -8.689405e-002 
1
3
5 0 2 2 0 -1
6 0 1 1 0 2
5 1 1 1 0 2
haar_x2_y2
-3.705858e-004 0 -1
1.059401e-001 -1.155691e-001 
1
2
4 1 1 3 0 -1
3 2 1 1 0 3
tilted_haar_y3
-2.980477e-002 0 -1
-5.309198e-001 6.094002e-002 
1
2
6 0 3 1 0 -1
7 1 1 1 0 3
tilted_haar_y3
-6.958927e-002 0 -1
-6.149143e-001 -7.237367e-004 
1
2
4 0 1 3 0 -1
3 1 1 1 0 3
tilted_haar_y3
1.318253e-002 0 -1
6.897350e-002 -4.936973e-001 
1
2
1 4 8 4 0 -1
1 5 8 2 0 2
haar_y4
-1.642791e-001 0 -1
3.021074e-001 -1.015283e-001 
1
2
1 4 7 4 0 -1
1 5 7 2 0 2
haar_y4
5.707947e-002 0 -1
-1.020517e-001 3.398422e-001 
1
2
5 0 1 4 0 -1
5 0 1 2 0 2
tilted_haar_x2
1.158155e-001 0 -1
1.394831e-002 -9.457109e-001 
1
2
5 0 4 1 0 -1
5 0 2 1 0 2
tilted_haar_x2
1.010505e-002 0 -1
-2.199392e-001 1.458984e-001 
1
2
3 3 5 2 0 -1
3 4 5 1 0 2
haar_y2
4.246035e-003 0 -1
-1.286990e-001 1.742547e-001 
1
3
1 0 6 10 0 -1
1 0 3 5 0 2
4 5 3 5 0 2
haar_x2_y2
-5.420319e-002 0 -1
1.327852e-001 -2.520226e-001 
1
2
4 0 6 1 0 -1
4 0 3 1 0 2
haar_x2
-1.119777e-001 0 -1
8.009968e-001 -1.905475e-002 
1
2
0 0 6 1 0 -1
3 0 3 1 0 2
haar_x2
-1.009292e-001 0 -1
7.888198e-001 -3.811562e-002 
1
2
7 4 2 3 0 -1
7 4 1 3 0 2
tilted_haar_y2
-9.075454e-003 0 -1
1.544417e-001 -2.857606e-002 
1
2
3 4 3 2 0 -1
3 4 3 1 0 2
tilted_haar_y2
8.310717e-002 0 -1
-6.049190e-002 5.113904e-001 
1
2
6 0 2 3 0 -1
6 1 2 1 0 3
haar_y3
2.321121e-002 0 -1
4.427480e-002 -6.708581e-001 
1
2
0 3 8 3 0 -1
0 4 8 1 0 3
haar_y3
3.413193e-002 0 -1
-1.998908e-001 1.528287e-001 
-1.146315e+000

7
-1
