57
1
2
0 5 10 3 0 -1
0 6 10 1 0 3
haar_y3
-8.914587e-002 0 -1
2.930335e-001 -3.160742e-001 
1
2
2 0 6 4 0 -1
4 0 2 4 0 3
haar_x3
9.165730e-002 0 -1
-3.913978e-001 2.203141e-001 
1
2
0 1 8 8 0 -1
0 5 8 4 0 2
haar_y2
-4.893076e-001 0 -1
2.233863e-001 -2.694604e-001 
1
2
5 5 4 2 0 -1
6 5 2 2 0 2
haar_x4
-2.323350e-002 0 -1
3.274193e-001 -1.221386e-001 
1
2
1 6 8 3 0 -1
1 7 8 1 0 3
haar_y3
-1.244182e-001 0 -1
4.470195e-001 -1.125866e-001 
1
2
8 0 2 1 0 -1
8 0 1 1 0 2
tilted_haar_y2
1.369154e-002 0 -1
7.719077e-002 -6.250640e-001 
1
2
1 6 2 2 0 -1
2 6 1 2 0 2
haar_x2
-1.084464e-002 0 -1
2.122034e-001 -1.960159e-001 
1
2
6 2 4 7 0 -1
7 2 2 7 0 2
haar_x4
-2.623245e-002 0 -1
1.926340e-001 -1.733806e-001 
1
2
4 2 6 2 0 -1
4 2 6 1 0 2
tilted_haar_y2
2.911478e-002 0 -1
-3.061479e-001 1.274871e-001 
1
3
4 0 6 2 0 -1
7 0 3 1 0 2
4 1 3 1 0 2
haar_x2_y2
-5.454448e-003 0 -1
1.842796e-001 -1.634317e-001 
1
2
2 0 1 2 0 -1
2 0 1 1 0 2
tilted_haar_y2
4.146246e-003 0 -1
6.756408e-002 -4.549396e-001 
1
3
8 0 2 4 0 -1
9 0 1 2 0 2
8 2 1 2 0 2
haar_x2_y2
-1.066984e-002 0 -1
2.484527e-001 -1.005435e-001 
1
2
1 0 5 3 0 -1
1 1 5 1 0 3
haar_y3
-2.006689e-002 0 -1
-5.180914e-001 5.988041e-002 
1
2
5 0 1 3 0 -1
5 1 1 1 0 3
haar_y3
6.090304e-003 0 -1
4.712258e-002 -3.984943e-001 
1
3
0 0 10 10 0 -1
0 0 5 5 0 2
5 5 5 5 0 2
haar_x2_y2
-4.088643e-001 0 -1
-7.692345e-001 3.070158e-002 
1
2
9 5 1 2 0 -1
9 6 1 1 0 2
haar_y2
-2.263357e-002 0 -1
-6.294965e-001 1.880845e-002 
1
2
0 4 9 3 0 -1
0 5 9 1 0 3
haar_y3
6.046103e-002 0 -1
-1.553328e-001 1.903064e-001 
1
2
9 5 1 2 0 -1
9 6 1 1 0 2
haar_y2
-1.480107e-002 0 -1
-2.046205e-001 2.442358e-002 
1
2
1 3 4 2 0 -1
3 3 2 2 0 2
haar_x2
2.281147e-002 0 -1
-1.788108e-001 1.578993e-001 
1
2
6 0 3 5 0 -1
7 1 1 5 0 3
tilted_haar_y3
9.273389e-002 0 -1
5.069258e-002 -2.154405e-001 
1
3
0 0 2 4 0 -1
0 0 1 2 0 2
1 2 1 2 0 2
haar_x2_y2
-1.201257e-002 0 -1
2.688309e-001 -1.044133e-001 
1
2
7 1 3 2 0 -1
8 2 1 2 0 3
tilted_haar_y3
-2.781421e-002 0 -1
-4.661623e-001 9.505908e-002 
1
2
3 0 2 3 0 -1
3 1 2 1 0 3
haar_y3
1.700121e-002 0 -1
3.705743e-002 -6.199136e-001 
1
2
9 5 1 2 0 -1
9 6 1 1 0 2
haar_y2
-3.934196e-004 0 -1
7.015517e-002 -1.213671e-001 
1
2
2 6 6 2 0 -1
2 7 6 1 0 2
haar_y2
3.193063e-002 0 -1
-1.263930e-001 2.342178e-001 
1
2
9 5 1 2 0 -1
9 6 1 1 0 2
haar_y2
-5.664640e-003 0 -1
-9.710454e-002 5.381462e-002 
1
2
0 5 1 2 0 -1
0 6 1 1 0 2
haar_y2
-1.903743e-002 0 -1
-6.049000e-001 5.005903e-002 
1
3
5 0 2 2 0 -1
6 0 1 1 0 2
5 1 1 1 0 2
haar_x2_y2
-3.687340e-004 0 -1
7.237679e-002 -1.068083e-001 
1
2
3 0 3 2 0 -1
3 1 3 1 0 2
haar_y2
-9.192349e-003 0 -1
-4.894949e-001 6.110965e-002 
1
2
6 3 1 2 0 -1
6 4 1 1 0 2
haar_y2
4.199161e-004 0 -1
-1.252670e-001 1.264572e-001 
1
2
4 0 5 3 0 -1
3 1 5 1 0 3
tilted_haar_y3
1.058443e-001 0 -1
5.632990e-002 -4.500567e-001 
1
2
2 6 6 4 0 -1
4 6 2 4 0 3
haar_x3
2.167291e-001 0 -1
2.279294e-002 -8.981518e-001 
1
3
0 2 2 4 0 -1
0 2 1 2 0 2
1 4 1 2 0 2
haar_x2_y2
-1.049674e-002 0 -1
2.630501e-001 -1.018731e-001 
1
2
5 2 2 2 0 -1
5 3 2 1 0 2
haar_y2
3.080425e-002 0 -1
1.963321e-002 -7.341097e-001 
1
2
3 2 2 2 0 -1
3 3 2 1 0 2
haar_y2
7.740442e-004 0 -1
-1.867177e-001 1.498242e-001 
1
2
7 1 3 1 0 -1
8 2 1 1 0 3
tilted_haar_y3
1.824943e-002 0 -1
5.641991e-002 -4.568045e-001 
1
2
3 1 1 3 0 -1
2 2 1 1 0 3
tilted_haar_y3
3.798557e-002 0 -1
2.584062e-002 -7.739601e-001 
1
3
6 3 4 2 0 -1
8 3 2 1 0 2
6 4 2 1 0 2
haar_x2_y2
8.400533e-003 0 -1
-7.194828e-002 1.277592e-001 
1
2
0 3 10 3 0 -1
0 4 10 1 0 3
haar_y3
2.294654e-001 0 -1
2.940354e-002 -7.710984e-001 
1
2
1 0 8 10 0 -1
1 5 8 5 0 2
haar_y2
2.427820e-001 0 -1
2.222578e-002 -8.306195e-001 
1
2
2 5 2 2 0 -1
2 6 2 1 0 2
haar_y2
1.860803e-002 0 -1
-5.034438e-002 6.013962e-001 
1
2
5 3 1 2 0 -1
5 4 1 1 0 2
haar_y2
4.204999e-004 0 -1
-8.730368e-002 1.125009e-001 
1
2
0 4 1 6 0 -1
0 7 1 3 0 2
haar_y2
-7.197589e-002 0 -1
-5.261884e-001 4.771899e-002 
1
2
2 1 6 5 0 -1
4 1 2 5 0 3
haar_x3
-8.010026e-003 0 -1
3.197154e-001 -7.765041e-002 
1
2
3 0 2 1 0 -1
4 0 1 1 0 2
haar_x2
5.339432e-004 0 -1
-3.141658e-001 9.578596e-002 
1
3
3 2 4 2 0 -1
5 2 2 1 0 2
3 3 2 1 0 2
haar_x2_y2
1.718962e-002 0 -1
3.422027e-002 -6.093191e-001 
1
2
3 3 1 2 0 -1
3 4 1 1 0 2
haar_y2
4.438470e-004 0 -1
-1.519404e-001 1.542951e-001 
1
2
4 4 3 5 0 -1
5 4 1 5 0 3
haar_x3
-5.150685e-002 0 -1
-5.631678e-001 2.691749e-002 
1
2
3 4 3 5 0 -1
4 4 1 5 0 3
haar_x3
-5.384045e-002 0 -1
-6.810994e-001 2.926662e-002 
1
3
7 0 2 4 0 -1
8 0 1 2 0 2
7 2 1 2 0 2
haar_x2_y2
4.213247e-003 0 -1
-9.272858e-002 1.331910e-001 
1
2
3 2 4 3 0 -1
3 2 2 3 0 2
tilted_haar_x2
-9.331727e-002 0 -1
-5.961165e-001 3.630474e-002 
1
2
5 2 4 6 0 -1
6 2 2 6 0 2
haar_x4
9.271739e-002 0 -1
-2.421124e-002 4.525467e-001 
1
2
0 3 6 4 0 -1
2 3 2 4 0 3
haar_x3
1.131516e-001 0 -1
-3.910921e-002 5.053027e-001 
1
3
5 2 2 8 0 -1
6 2 1 4 0 2
5 6 1 4 0 2
haar_x2_y2
-8.258579e-003 0 -1
8.852676e-002 -1.200503e-001 
1
2
2 1 3 4 0 -1
3 1 1 4 0 3
haar_x3
-2.629173e-003 0 -1
1.500119e-001 -1.640970e-001 
1
2
5 1 3 1 0 -1
6 2 1 1 0 3
tilted_haar_y3
-2.279263e-002 0 -1
-5.005035e-001 2.195871e-002 
1
2
5 1 1 3 0 -1
4 2 1 1 0 3
tilted_haar_y3
-2.278424e-002 0 -1
-4.445383e-001 5.565334e-002 
-1.135937e+000

8
-1
