143
1
2
4 1 4 3 0 -1
3 2 4 1 0 3
tilted_haar_y3
-1.476937e-001 0 -1
1.535332e-001 -2.064931e-001 
1
2
0 4 2 1 0 -1
1 4 1 1 0 2
haar_x2
9.027981e-003 0 -1
-1.098935e-001 2.248721e-001 
1
2
5 2 1 6 0 -1
5 5 1 3 0 2
haar_y2
3.887203e-002 0 -1
-3.593308e-001 6.481497e-002 
1
2
3 2 3 3 0 -1
4 2 1 3 0 3
haar_x3
-4.844760e-002 0 -1
1.914919e-001 -1.112486e-001 
1
2
3 3 3 1 0 -1
4 3 1 1 0 3
haar_x3
2.590392e-002 0 -1
-2.892771e-002 4.361796e-001 
1
2
3 0 4 3 0 -1
3 1 4 1 0 3
haar_y3
1.158619e-001 0 -1
-9.594268e-002 1.836001e-001 
1
2
0 4 3 1 0 -1
1 4 1 1 0 3
haar_x3
-3.508548e-003 0 -1
1.594534e-001 -1.046330e-001 
1
2
2 1 3 2 0 -1
3 1 1 2 0 3
haar_x3
1.968522e-002 0 -1
8.116262e-002 -2.764023e-001 
1
3
1 3 2 2 0 -1
1 3 1 1 0 2
2 4 1 1 0 2
haar_x2_y2
-1.516286e-002 0 -1
2.426733e-001 -7.269527e-002 
1
2
0 6 3 2 0 -1
0 7 3 1 0 2
haar_y2
1.438589e-002 0 -1
-1.337477e-001 1.168166e-001 
1
2
2 5 2 1 0 -1
2 5 1 1 0 2
tilted_haar_x2
-5.358424e-002 0 -1
-4.243952e-001 2.173904e-002 
1
2
0 0 8 1 0 -1
2 0 4 1 0 2
haar_x4
1.944514e-002 0 -1
-6.656941e-002 1.803895e-001 
1
2
0 0 2 3 0 -1
1 0 1 3 0 2
haar_x2
3.186427e-002 0 -1
3.330642e-002 -4.203928e-001 
1
2
4 2 3 2 0 -1
5 3 1 2 0 3
tilted_haar_x3
-1.025642e-001 0 -1
9.873527e-002 -1.312529e-001 
1
2
2 3 1 2 0 -1
2 4 1 1 0 2
haar_y2
1.188165e-003 0 -1
-1.787977e-001 7.730410e-002 
1
2
2 1 4 3 0 -1
2 2 4 1 0 3
haar_y3
1.458919e-001 0 -1
-4.448374e-002 2.533971e-001 
1
2
0 0 8 4 0 -1
0 1 8 2 0 2
haar_y4
-1.597838e-001 0 -1
2.284311e-001 -5.659491e-002 
1
2
3 0 1 3 0 -1
2 1 1 1 0 3
tilted_haar_y3
-6.775584e-002 0 -1
-3.630372e-001 3.832101e-002 
1
2
4 3 4 1 0 -1
6 3 2 1 0 2
haar_x2
8.104877e-002 0 -1
4.509682e-002 -2.343334e-001 
1
2
4 4 3 1 0 -1
5 4 1 1 0 3
haar_x3
-2.064282e-002 0 -1
2.200442e-001 -6.938182e-002 
1
2
4 1 3 2 0 -1
5 2 1 2 0 3
tilted_haar_x3
-1.697341e-001 0 -1
1.780307e-001 -7.063229e-002 
1
2
0 0 4 5 0 -1
2 0 2 5 0 2
haar_x2
-5.671649e-001 0 -1
5.776935e-001 -2.027800e-002 
1
2
0 1 6 1 0 -1
3 1 3 1 0 2
haar_x2
3.395998e-002 0 -1
-6.620096e-002 2.027596e-001 
1
2
3 0 3 2 0 -1
4 0 1 2 0 3
haar_x3
1.260679e-002 0 -1
5.591733e-002 -2.452055e-001 
1
2
3 1 4 1 0 -1
5 1 2 1 0 2
haar_x2
-1.299232e-002 0 -1
1.475877e-001 -8.698453e-002 
1
2
2 0 6 2 0 -1
5 0 3 2 0 2
haar_x2
5.971227e-002 0 -1
-6.890026e-002 1.806282e-001 
1
2
1 0 3 1 0 -1
2 0 1 1 0 3
haar_x3
-1.905149e-002 0 -1
-4.228201e-001 3.209089e-002 
1
2
5 4 3 1 0 -1
6 4 1 1 0 3
haar_x3
-1.072023e-002 0 -1
1.754880e-001 -6.571717e-002 
1
2
6 4 2 1 0 -1
7 4 1 1 0 2
haar_x2
-9.004764e-004 0 -1
1.347030e-001 -1.133068e-001 
1
2
4 3 4 2 0 -1
6 3 2 2 0 2
haar_x2
1.618176e-003 0 -1
-2.570491e-001 4.983744e-002 
1
2
7 0 1 2 0 -1
7 1 1 1 0 2
haar_y2
-4.172203e-002 0 -1
-4.594021e-001 2.134074e-002 
1
2
1 1 4 3 0 -1
1 2 4 1 0 3
haar_y3
-1.117055e-001 0 -1
1.807416e-001 -5.783161e-002 
1
2
0 0 8 1 0 -1
2 0 4 1 0 2
haar_x4
-1.883714e-002 0 -1
1.315810e-001 -7.723686e-002 
1
2
4 7 3 1 0 -1
5 7 1 1 0 3
haar_x3
1.965269e-002 0 -1
1.718814e-002 -5.496072e-001 
1
2
4 7 3 1 0 -1
5 7 1 1 0 3
haar_x3
-1.933253e-002 0 -1
-4.148680e-001 2.045565e-002 
1
2
6 3 2 1 0 -1
6 3 1 1 0 2
tilted_haar_x2
-1.534706e-001 0 -1
5.744001e-001 -1.873244e-002 
1
3
5 5 2 2 0 -1
5 5 1 1 0 2
6 6 1 1 0 2
haar_x2_y2
7.937219e-004 0 -1
-7.436487e-002 1.269796e-001 
1
2
5 2 3 2 0 -1
6 3 1 2 0 3
tilted_haar_x3
-1.254331e-001 0 -1
1.452311e-001 -7.161272e-002 
1
2
1 3 3 2 0 -1
2 3 1 2 0 3
haar_x3
-2.245792e-002 0 -1
1.584882e-001 -6.629555e-002 
1
2
2 4 3 1 0 -1
3 5 1 1 0 3
tilted_haar_x3
-6.031580e-002 0 -1
-2.973603e-001 3.697629e-002 
1
2
6 6 2 2 0 -1
6 7 2 1 0 2
haar_y2
5.166573e-003 0 -1
-1.360107e-001 7.368362e-002 
1
2
0 1 4 3 0 -1
2 1 2 3 0 2
haar_x2
5.999432e-002 0 -1
2.663713e-002 -3.604424e-001 
1
3
1 4 2 2 0 -1
1 4 1 1 0 2
2 5 1 1 0 2
haar_x2_y2
-1.652768e-002 0 -1
2.192032e-001 -4.478745e-002 
1
2
7 0 1 3 0 -1
7 1 1 1 0 3
haar_y3
4.293498e-002 0 -1
3.032872e-002 -2.989829e-001 
1
2
5 2 2 3 0 -1
5 3 2 1 0 3
haar_y3
-1.843505e-001 0 -1
-7.381822e-001 1.040625e-002 
1
2
3 6 3 1 0 -1
4 6 1 1 0 3
haar_x3
-1.401071e-002 0 -1
-2.384550e-001 3.330127e-002 
1
3
5 4 2 2 0 -1
5 4 1 1 0 2
6 5 1 1 0 2
haar_x2_y2
7.261492e-004 0 -1
-7.999878e-002 1.252184e-001 
1
2
4 0 1 8 0 -1
4 4 1 4 0 2
haar_y2
8.577216e-002 0 -1
8.015292e-002 -1.282242e-001 
1
2
5 3 3 2 0 -1
5 4 3 1 0 2
haar_y2
2.866441e-002 0 -1
-1.232955e-001 1.033239e-001 
1
2
3 0 2 3 0 -1
3 1 2 1 0 3
haar_y3
-8.825268e-002 0 -1
3.799982e-001 -2.614354e-002 
1
2
0 4 8 4 0 -1
0 6 8 2 0 2
haar_y2
-2.495172e-001 0 -1
-1.000000e+000 1.004914e-002 
1
2
0 0 1 2 0 -1
0 1 1 1 0 2
haar_y2
-3.838106e-002 0 -1
-4.191803e-001 1.810256e-002 
1
3
2 2 2 2 0 -1
2 2 1 1 0 2
3 3 1 1 0 2
haar_x2_y2
-1.465154e-002 0 -1
1.330185e-001 -6.831866e-002 
1
2
6 0 2 1 0 -1
7 0 1 1 0 2
haar_x2
-1.992651e-002 0 -1
-5.032939e-001 1.864789e-002 
1
2
2 7 3 1 0 -1
3 7 1 1 0 3
haar_x3
-1.176530e-002 0 -1
-3.113170e-001 2.818787e-002 
1
2
3 1 1 3 0 -1
2 2 1 1 0 3
tilted_haar_y3
5.782815e-003 0 -1
6.150537e-002 -1.650479e-001 
1
2
0 3 3 3 0 -1
1 3 1 3 0 3
haar_x3
6.964576e-002 0 -1
-5.820443e-002 1.968432e-001 
1
3
1 5 2 2 0 -1
1 5 1 1 0 2
2 6 1 1 0 2
haar_x2_y2
-8.611537e-004 0 -1
1.281872e-001 -9.164725e-002 
1
2
2 2 3 3 0 -1
3 3 1 1 0 9
haar_point
-3.607329e-001 0 -1
-5.316699e-001 1.718683e-002 
1
2
4 4 4 3 0 -1
4 5 4 1 0 3
haar_y3
-1.428542e-001 0 -1
-5.394886e-001 1.509330e-002 
1
2
3 4 3 3 0 -1
3 5 3 1 0 3
haar_y3
-3.331731e-002 0 -1
1.650676e-001 -5.914457e-002 
1
2
3 4 3 1 0 -1
4 5 1 1 0 3
tilted_haar_x3
-7.024581e-002 0 -1
-3.649827e-001 3.426436e-002 
1
2
1 2 3 6 0 -1
2 2 1 6 0 3
haar_x3
7.203095e-002 0 -1
-5.367456e-002 1.908268e-001 
1
2
3 5 2 1 0 -1
4 5 1 1 0 2
haar_x2
-9.665266e-003 0 -1
-1.752999e-001 5.368959e-002 
1
2
2 7 2 1 0 -1
3 7 1 1 0 2
haar_x2
-9.889749e-004 0 -1
1.012434e-001 -9.160836e-002 
1
2
0 7 8 1 0 -1
2 7 4 1 0 2
haar_x4
2.112001e-002 0 -1
-5.801272e-002 2.111003e-001 
1
2
2 7 6 1 0 -1
5 7 3 1 0 2
haar_x2
1.314394e-002 0 -1
-7.745281e-002 1.267254e-001 
1
3
4 2 4 6 0 -1
4 2 2 3 0 2
6 5 2 3 0 2
haar_x2_y2
3.686368e-002 0 -1
4.505346e-002 -2.383093e-001 
1
3
4 5 2 2 0 -1
4 5 1 1 0 2
5 6 1 1 0 2
haar_x2_y2
7.175324e-004 0 -1
-7.383993e-002 1.374461e-001 
1
2
1 4 4 2 0 -1
3 4 2 2 0 2
haar_x2
-2.428443e-001 0 -1
5.119828e-001 -1.834263e-002 
1
2
0 7 4 1 0 -1
2 7 2 1 0 2
haar_x2
3.762690e-002 0 -1
2.383320e-002 -4.092618e-001 
1
2
1 2 2 4 0 -1
1 4 2 2 0 2
haar_y2
1.788318e-001 0 -1
2.423767e-002 -3.422383e-001 
1
2
5 1 2 1 0 -1
5 1 1 1 0 2
tilted_haar_x2
-8.446903e-002 0 -1
6.340906e-001 -1.476170e-002 
1
2
3 1 3 1 0 -1
4 1 1 1 0 3
haar_x3
-2.153934e-002 0 -1
-4.362034e-001 2.215971e-002 
1
2
2 3 3 1 0 -1
3 3 1 1 0 3
haar_x3
3.404307e-002 0 -1
-2.918831e-002 3.013470e-001 
1
2
4 1 3 3 0 -1
3 2 3 1 0 3
tilted_haar_y3
-6.913863e-002 0 -1
5.272495e-002 -1.789180e-001 
1
2
2 1 4 5 0 -1
3 1 2 5 0 2
haar_x4
-2.841910e-001 0 -1
-8.949299e-001 8.588951e-003 
1
2
0 0 2 3 0 -1
0 1 2 1 0 3
haar_y3
1.424281e-001 0 -1
1.007203e-002 -6.213757e-001 
1
2
3 3 3 3 0 -1
4 4 1 1 0 9
haar_point
2.013930e-001 0 -1
-1.885107e-002 5.027544e-001 
1
2
2 0 4 1 0 -1
2 0 2 1 0 2
tilted_haar_x2
-8.088627e-002 0 -1
-7.029675e-001 1.306237e-002 
1
2
7 2 1 6 0 -1
7 5 1 3 0 2
haar_y2
2.412576e-002 0 -1
-1.844105e-001 4.389105e-002 
1
2
7 0 1 4 0 -1
7 2 1 2 0 2
haar_y2
-6.803294e-002 0 -1
-2.119287e-001 4.402290e-002 
1
2
1 0 4 1 0 -1
3 0 2 1 0 2
haar_x2
1.333388e-002 0 -1
-6.592279e-002 1.469922e-001 
1
2
0 1 8 1 0 -1
2 1 4 1 0 2
haar_x4
-2.280749e-002 0 -1
1.249590e-001 -7.820144e-002 
1
2
0 1 8 7 0 -1
2 1 4 7 0 2
haar_x4
2.233525e-001 0 -1
-1.954384e-002 4.797163e-001 
1
2
3 0 4 8 0 -1
4 0 2 8 0 2
haar_x4
-2.271146e-001 0 -1
-3.760801e-001 2.476099e-002 
1
2
4 0 4 2 0 -1
5 1 2 2 0 2
tilted_haar_x4
-1.875550e-001 0 -1
1.215528e-001 -7.196718e-002 
1
2
2 3 4 1 0 -1
2 3 2 1 0 2
tilted_haar_x2
-2.135173e-001 0 -1
-5.525138e-001 1.611081e-002 
1
2
0 2 4 3 0 -1
2 2 2 3 0 2
haar_x2
-1.360693e-001 0 -1
-1.373344e-001 6.681761e-002 
1
2
5 1 2 6 0 -1
5 4 2 3 0 2
haar_y2
3.012724e-001 0 -1
1.860334e-002 -5.156839e-001 
1
2
4 1 2 1 0 -1
5 1 1 1 0 2
haar_x2
-2.484781e-002 0 -1
-5.523490e-001 1.433622e-002 
1
2
0 0 6 1 0 -1
3 0 3 1 0 2
haar_x2
-1.445819e-002 0 -1
1.119049e-001 -8.411795e-002 
1
3
0 2 2 2 0 -1
0 2 1 1 0 2
1 3 1 1 0 2
haar_x2_y2
-6.363869e-003 0 -1
1.118573e-001 -7.751264e-002 
1
2
1 3 1 4 0 -1
1 5 1 2 0 2
haar_y2
1.108397e-001 0 -1
2.738882e-002 -3.395432e-001 
1
2
1 2 3 3 0 -1
2 3 1 1 0 9
haar_point
-3.868611e-001 0 -1
-8.716251e-001 7.686519e-003 
1
3
4 2 2 2 0 -1
4 2 1 1 0 2
5 3 1 1 0 2
haar_x2_y2
-1.486603e-002 0 -1
2.414716e-001 -3.565108e-002 
1
2
3 0 3 3 0 -1
4 0 1 3 0 3
haar_x3
-2.304073e-002 0 -1
-1.860691e-001 4.819839e-002 
1
2
4 6 3 1 0 -1
5 6 1 1 0 3
haar_x3
1.030947e-002 0 -1
3.599647e-002 -2.321330e-001 
1
2
3 5 3 2 0 -1
4 5 1 2 0 3
haar_x3
7.891651e-003 0 -1
4.293045e-002 -1.881425e-001 
1
2
4 2 3 3 0 -1
5 3 1 1 0 9
haar_point
-2.797344e-001 0 -1
-3.973693e-001 1.907450e-002 
1
2
1 5 2 3 0 -1
1 6 2 1 0 3
haar_y3
-1.187192e-002 0 -1
1.299282e-001 -6.256437e-002 
1
2
0 6 8 2 0 -1
2 6 4 2 0 2
haar_x4
1.784598e-002 0 -1
-6.185846e-002 1.390104e-001 
1
2
4 2 2 3 0 -1
3 3 2 1 0 3
tilted_haar_y3
-9.615664e-002 0 -1
1.271375e-001 -7.093313e-002 
1
2
3 1 3 3 0 -1
4 1 1 3 0 3
haar_x3
-7.335108e-002 0 -1
2.849411e-001 -3.412265e-002 
1
2
3 3 3 2 0 -1
3 4 3 1 0 2
haar_y2
5.736451e-004 0 -1
-1.394638e-001 6.580298e-002 
1
3
1 6 2 2 0 -1
1 6 1 1 0 2
2 7 1 1 0 2
haar_x2_y2
-1.952485e-002 0 -1
-4.607835e-001 1.801048e-002 
1
2
2 6 1 2 0 -1
2 7 1 1 0 2
haar_y2
-8.141678e-003 0 -1
2.339597e-001 -4.410237e-002 
1
2
4 3 4 5 0 -1
6 3 2 5 0 2
haar_x2
7.391953e-001 0 -1
-1.694356e-002 5.434419e-001 
1
2
0 1 1 6 0 -1
0 3 1 2 0 3
haar_y3
-2.466333e-002 0 -1
7.879627e-002 -1.322224e-001 
1
3
0 3 2 2 0 -1
0 3 1 1 0 2
1 4 1 1 0 2
haar_x2_y2
-1.216654e-002 0 -1
1.886815e-001 -4.648487e-002 
1
2
5 1 3 1 0 -1
6 1 1 1 0 3
haar_x3
-3.182587e-002 0 -1
-4.575868e-001 1.905893e-002 
1
2
0 1 1 2 0 -1
0 2 1 1 0 2
haar_y2
-2.701426e-002 0 -1
-2.260497e-001 3.523375e-002 
1
2
2 3 3 5 0 -1
3 3 1 5 0 3
haar_x3
-1.989922e-001 0 -1
-9.552411e-001 6.866217e-003 
1
3
0 4 2 2 0 -1
0 4 1 1 0 2
1 5 1 1 0 2
haar_x2_y2
-8.025572e-003 0 -1
1.312039e-001 -5.945285e-002 
1
2
7 6 1 2 0 -1
7 7 1 1 0 2
haar_y2
3.747918e-002 0 -1
1.396805e-002 -5.510619e-001 
1
2
1 0 2 2 0 -1
2 0 1 2 0 2
haar_x2
3.176927e-002 0 -1
1.682449e-002 -4.367909e-001 
1
3
3 3 2 2 0 -1
3 3 1 1 0 2
4 4 1 1 0 2
haar_x2_y2
-1.720229e-002 0 -1
1.774696e-001 -4.422231e-002 
1
2
6 5 2 3 0 -1
6 6 2 1 0 3
haar_y3
4.369873e-002 0 -1
3.722524e-002 -2.097070e-001 
1
2
0 4 8 1 0 -1
2 4 4 1 0 2
haar_x4
2.398625e-002 0 -1
2.771050e-002 -2.834315e-001 
1
2
5 4 3 2 0 -1
6 4 1 2 0 3
haar_x3
-2.178244e-002 0 -1
1.731473e-001 -5.110196e-002 
1
3
6 3 2 2 0 -1
6 3 1 1 0 2
7 4 1 1 0 2
haar_x2_y2
-1.264723e-002 0 -1
1.475008e-001 -6.688677e-002 
1
2
5 7 3 1 0 -1
6 7 1 1 0 3
haar_x3
1.075666e-002 0 -1
3.440794e-002 -2.320941e-001 
1
2
5 7 3 1 0 -1
6 7 1 1 0 3
haar_x3
-1.501021e-002 0 -1
-3.016559e-001 2.994322e-002 
1
2
0 6 8 2 0 -1
2 6 4 2 0 2
haar_x4
-3.371943e-002 0 -1
1.130419e-001 -7.662735e-002 
1
2
0 5 2 1 0 -1
1 5 1 1 0 2
haar_x2
9.180749e-004 0 -1
-9.077028e-002 1.022904e-001 
1
2
0 2 3 4 0 -1
1 2 1 4 0 3
haar_x3
-9.719107e-003 0 -1
1.288724e-001 -8.536111e-002 
1
3
1 0 2 4 0 -1
1 0 1 2 0 2
2 2 1 2 0 2
haar_x2_y2
-8.796391e-004 0 -1
6.420726e-002 -1.269446e-001 
1
3
6 2 2 2 0 -1
6 2 1 1 0 2
7 3 1 1 0 2
haar_x2_y2
-9.503153e-003 0 -1
1.476454e-001 -5.907528e-002 
1
2
5 4 2 2 0 -1
5 5 2 1 0 2
haar_y2
7.615645e-003 0 -1
-1.710963e-001 4.979574e-002 
1
2
1 2 4 2 0 -1
3 2 2 2 0 2
haar_x2
-2.384691e-001 0 -1
5.841141e-001 -1.447964e-002 
1
2
2 0 6 1 0 -1
4 2 2 1 0 3
tilted_haar_x3
-4.525283e-001 0 -1
-4.404118e-001 1.899658e-002 
1
3
2 0 4 6 0 -1
2 0 2 3 0 2
4 3 2 3 0 2
haar_x2_y2
1.844940e-001 0 -1
-2.675324e-002 2.834905e-001 
1
2
3 4 1 4 0 -1
3 5 1 2 0 2
haar_y4
7.971517e-002 0 -1
1.011528e-002 -7.111836e-001 
1
2
3 3 2 2 0 -1
3 3 1 2 0 2
tilted_haar_x2
-1.516095e-001 0 -1
-6.308302e-001 9.157584e-003 
1
3
4 3 2 2 0 -1
4 3 1 1 0 2
5 4 1 1 0 2
haar_x2_y2
-7.951660e-003 0 -1
1.415520e-001 -5.506959e-002 
1
2
4 0 4 3 0 -1
3 1 4 1 0 3
tilted_haar_y3
-4.312370e-001 0 -1
-7.737707e-001 1.036454e-002 
1
2
6 1 2 1 0 -1
6 1 1 1 0 2
tilted_haar_x2
-2.906561e-002 0 -1
-1.983530e-001 3.607301e-002 
1
2
5 2 3 4 0 -1
6 2 1 4 0 3
haar_x3
6.671567e-002 0 -1
-5.843488e-002 1.822468e-001 
1
2
6 0 2 8 0 -1
7 0 1 8 0 2
haar_x2
-1.218229e-001 0 -1
-4.753515e-001 1.660805e-002 
1
2
3 2 4 3 0 -1
5 2 2 3 0 2
haar_x2
3.570262e-001 0 -1
-1.251756e-002 6.758736e-001 
1
2
2 1 4 2 0 -1
3 1 2 2 0 2
haar_x4
-3.311200e-002 0 -1
-1.909822e-001 4.095216e-002 
1
2
4 0 1 3 0 -1
4 1 1 1 0 3
haar_y3
-6.608291e-003 0 -1
1.516328e-001 -5.189216e-002 
1
2
2 2 3 1 0 -1
3 2 1 1 0 3
haar_x3
-6.524386e-004 0 -1
7.573502e-002 -1.022575e-001 
-9.229805e-001

15
-1
