22
1
2
0 6 15 1 0 -1
5 6 5 1 0 3
haar_x3
-5.105267e-002 0 -1
3.512693e-001 -2.708870e-001 
1
2
12 1 3 2 0 -1
12 2 3 1 0 2
haar_y2
-4.447877e-004 0 -1
2.166586e-001 -5.280753e-001 
1
2
6 0 1 8 0 -1
6 4 1 4 0 2
haar_y2
-4.603001e-002 0 -1
-7.974465e-001 8.459650e-002 
1
2
12 1 3 2 0 -1
12 2 3 1 0 2
haar_y2
-1.271409e-002 0 -1
1.447285e-001 -1.381582e-001 
1
2
3 0 9 5 0 -1
6 0 3 5 0 3
haar_x3
5.927822e-002 0 -1
-3.045250e-001 2.113180e-001 
1
2
4 2 8 3 0 -1
4 3 8 1 0 3
haar_y3
-3.039052e-001 0 -1
6.543687e-001 -7.687876e-002 
1
3
1 4 8 4 0 -1
1 4 4 2 0 2
5 6 4 2 0 2
haar_x2_y2
5.884992e-002 0 -1
-1.112045e-001 5.766590e-001 
1
2
12 6 1 2 0 -1
12 7 1 1 0 2
haar_y2
5.591435e-003 0 -1
1.463458e-001 -6.836659e-001 
1
2
0 1 9 6 0 -1
3 3 3 2 0 9
haar_point
-6.977263e-001 0 -1
5.569063e-001 -1.397882e-001 
1
2
10 1 1 3 0 -1
10 2 1 1 0 3
haar_y3
-4.218878e-002 0 -1
6.169066e-001 -3.518388e-002 
1
3
0 0 14 8 0 -1
0 0 7 4 0 2
7 4 7 4 0 2
haar_x2_y2
-2.346776e-001 0 -1
-7.162200e-001 9.088504e-002 
1
2
10 3 2 3 0 -1
10 4 2 1 0 3
haar_y3
1.655228e-002 0 -1
-1.848320e-001 2.118278e-001 
1
2
0 3 1 3 0 -1
0 4 1 1 0 3
haar_y3
1.763648e-002 0 -1
9.284025e-002 -7.161900e-001 
1
2
11 1 2 2 0 -1
11 1 2 1 0 2
tilted_haar_x2
-3.399428e-002 0 -1
2.307139e-001 -1.116596e-001 
1
2
0 2 1 3 0 -1
0 3 1 1 0 3
haar_y3
1.186651e-002 0 -1
8.312981e-002 -7.110983e-001 
1
2
14 1 1 3 0 -1
14 2 1 1 0 3
haar_y3
-1.069071e-002 0 -1
-4.132817e-001 1.084631e-001 
1
2
2 2 3 2 0 -1
2 3 3 1 0 2
haar_y2
4.819528e-002 0 -1
-9.407225e-002 7.203642e-001 
1
2
4 1 8 3 0 -1
4 2 8 1 0 3
haar_y3
4.010612e-002 0 -1
-2.134892e-001 3.740516e-001 
1
2
0 1 1 3 0 -1
0 2 1 1 0 3
haar_y3
1.304694e-002 0 -1
9.095225e-002 -8.350806e-001 
1
2
10 0 4 8 0 -1
10 2 4 4 0 2
haar_y4
-1.024344e-001 0 -1
1.284787e-001 -1.909529e-001 
1
2
1 2 5 4 0 -1
1 4 5 2 0 2
haar_y2
8.292629e-002 0 -1
-2.850770e-001 2.348133e-001 
1
2
3 4 9 3 0 -1
6 5 3 1 0 9
haar_point
2.606799e-001 0 -1
-1.142447e-001 4.826230e-001 
-9.984322e-001

8
-1
