89
1
2
1 2 6 5 0 -1
3 2 2 5 0 3
haar_x3
-1.246656e-001 0 -1
2.002028e-001 -4.548860e-001 
1
2
2 2 4 6 0 -1
2 5 4 3 0 2
haar_y2
4.983227e-001 0 -1
-2.476133e-001 1.831698e-001 
1
2
1 0 6 2 0 -1
4 0 3 2 0 2
haar_x2
-6.365071e-002 0 -1
2.336859e-001 -1.113199e-001 
1
2
2 0 6 2 0 -1
2 0 3 2 0 2
haar_x2
-7.849887e-002 0 -1
3.427897e-001 -3.957998e-002 
1
2
1 7 3 1 0 -1
2 7 1 1 0 3
haar_x3
1.446342e-002 0 -1
5.324066e-002 -5.985234e-001 
1
2
7 1 1 3 0 -1
7 2 1 1 0 3
haar_y3
-4.394492e-002 0 -1
-5.117125e-001 4.430238e-002 
1
2
1 1 6 2 0 -1
1 2 6 1 0 2
haar_y2
-4.447897e-002 0 -1
1.369728e-001 -2.273623e-001 
1
2
4 2 3 3 0 -1
3 3 3 1 0 3
tilted_haar_x3
-1.516346e-001 0 -1
1.862617e-001 -6.435725e-002 
1
2
1 4 3 1 0 -1
2 4 1 1 0 3
haar_x3
3.802423e-002 0 -1
-6.392398e-002 3.452577e-001 
1
3
4 6 2 2 0 -1
5 6 1 1 0 2
4 7 1 1 0 2
haar_x2_y2
1.488207e-002 0 -1
3.713885e-002 -3.929375e-001 
1
2
1 6 2 2 0 -1
1 7 2 1 0 2
haar_y2
1.098334e-002 0 -1
-1.686427e-001 1.308719e-001 
1
2
2 0 4 1 0 -1
3 0 2 1 0 2
haar_x4
-2.148311e-002 0 -1
-5.276552e-001 3.890648e-002 
1
2
0 1 1 3 0 -1
0 2 1 1 0 3
haar_y3
-4.417700e-002 0 -1
-4.479867e-001 4.980383e-002 
1
2
4 6 3 2 0 -1
5 6 1 2 0 3
haar_x3
-3.217692e-002 0 -1
-6.984837e-001 3.386013e-002 
1
2
0 6 8 2 0 -1
2 6 4 2 0 2
haar_x4
-3.508815e-002 0 -1
1.653209e-001 -1.162072e-001 
1
2
4 6 3 2 0 -1
5 6 1 2 0 3
haar_x3
2.045439e-002 0 -1
4.783329e-002 -5.106050e-001 
1
2
1 6 3 2 0 -1
2 6 1 2 0 3
haar_x3
-3.008229e-002 0 -1
-5.462248e-001 3.898202e-002 
1
2
4 3 3 2 0 -1
5 3 1 2 0 3
haar_x3
-2.556014e-002 0 -1
3.064693e-001 -1.043701e-001 
1
2
4 1 3 3 0 -1
3 2 3 1 0 3
tilted_haar_y3
-1.591330e-001 0 -1
1.813347e-001 -1.427739e-001 
1
2
5 3 3 2 0 -1
5 4 3 1 0 2
haar_y2
3.606578e-003 0 -1
-3.144221e-001 9.696131e-002 
1
3
0 2 2 2 0 -1
0 2 1 1 0 2
1 3 1 1 0 2
haar_x2_y2
-1.297776e-002 0 -1
2.537267e-001 -8.780039e-002 
1
2
5 3 3 2 0 -1
5 4 3 1 0 2
haar_y2
1.526904e-001 0 -1
1.904760e-002 -5.799979e-001 
1
2
0 0 3 3 0 -1
1 0 1 3 0 3
haar_x3
2.718047e-002 0 -1
5.186107e-002 -3.818895e-001 
1
2
5 1 3 1 0 -1
6 2 1 1 0 3
tilted_haar_y3
6.442355e-002 0 -1
-1.721184e-002 2.860545e-001 
1
2
3 1 1 3 0 -1
2 2 1 1 0 3
tilted_haar_y3
-6.800723e-002 0 -1
-2.873051e-001 6.926108e-002 
1
2
4 3 3 2 0 -1
5 3 1 2 0 3
haar_x3
7.209644e-002 0 -1
-6.057716e-002 3.268367e-001 
1
2
0 0 3 1 0 -1
1 0 1 1 0 3
haar_x3
-1.783368e-002 0 -1
-3.885323e-001 4.693541e-002 
1
2
5 2 3 3 0 -1
6 2 1 3 0 3
haar_x3
-4.441840e-002 0 -1
2.371339e-001 -4.564012e-002 
1
2
0 2 3 3 0 -1
1 2 1 3 0 3
haar_x3
-2.022478e-002 0 -1
2.116308e-001 -9.674510e-002 
1
2
4 3 3 2 0 -1
5 3 1 2 0 3
haar_x3
-7.264809e-002 0 -1
2.866731e-001 -2.365540e-002 
1
2
1 3 3 2 0 -1
2 3 1 2 0 3
haar_x3
-1.118654e-002 0 -1
1.823818e-001 -1.056581e-001 
1
3
6 4 2 2 0 -1
7 4 1 1 0 2
6 5 1 1 0 2
haar_x2_y2
-4.941882e-003 0 -1
1.904542e-001 -1.210657e-001 
1
3
0 4 2 2 0 -1
0 4 1 1 0 2
1 5 1 1 0 2
haar_x2_y2
-7.337949e-004 0 -1
1.455875e-001 -1.311176e-001 
1
2
5 4 3 4 0 -1
5 5 3 2 0 2
haar_y4
-9.167074e-002 0 -1
-4.177674e-001 3.622322e-002 
1
2
1 0 6 8 0 -1
1 4 6 4 0 2
haar_y2
-5.370438e-001 0 -1
-8.642797e-001 1.660150e-002 
1
2
6 3 2 4 0 -1
6 5 2 2 0 2
haar_y2
2.141599e-001 0 -1
2.942180e-002 -4.515280e-001 
1
2
2 2 3 6 0 -1
3 2 1 6 0 3
haar_x3
-2.049048e-001 0 -1
-9.686698e-001 1.588055e-002 
1
2
4 0 3 2 0 -1
5 0 1 2 0 3
haar_x3
-2.864823e-002 0 -1
-4.592889e-001 4.079679e-002 
1
2
1 3 2 2 0 -1
1 4 2 1 0 2
haar_y2
1.055113e-001 0 -1
2.139602e-002 -6.062101e-001 
1
2
6 3 2 4 0 -1
6 5 2 2 0 2
haar_y2
2.006109e-002 0 -1
-7.700026e-002 1.281846e-002 
1
2
0 3 2 4 0 -1
0 5 2 2 0 2
haar_y2
2.188072e-001 0 -1
3.237077e-002 -4.824337e-001 
1
2
7 5 1 2 0 -1
7 6 1 1 0 2
haar_y2
8.903649e-004 0 -1
-2.584610e-001 1.073938e-001 
1
2
1 0 1 6 0 -1
1 2 1 2 0 3
haar_y3
-2.801903e-002 0 -1
7.794968e-002 -1.954982e-001 
1
2
4 2 4 4 0 -1
4 4 4 2 0 2
haar_y2
3.673763e-001 0 -1
1.142896e-002 -1.615151e-001 
1
2
0 2 4 4 0 -1
0 4 4 2 0 2
haar_y2
-1.701219e-001 0 -1
4.625477e-001 -3.369331e-002 
1
2
7 5 1 2 0 -1
7 5 1 1 0 2
tilted_haar_x2
-6.936600e-002 0 -1
-6.175626e-001 1.626099e-002 
1
2
0 0 2 7 0 -1
1 0 1 7 0 2
haar_x2
-2.911797e-001 0 -1
7.045904e-001 -2.259800e-002 
1
2
5 0 3 1 0 -1
6 1 1 1 0 3
tilted_haar_y3
7.167813e-002 0 -1
2.513553e-002 -3.314974e-001 
1
2
3 0 1 3 0 -1
2 1 1 1 0 3
tilted_haar_y3
-6.755934e-002 0 -1
-4.372049e-001 4.803948e-002 
1
2
2 0 6 2 0 -1
2 0 3 2 0 2
haar_x2
6.369498e-002 0 -1
-6.019756e-002 1.307566e-001 
1
2
0 0 6 2 0 -1
3 0 3 2 0 2
haar_x2
6.847469e-002 0 -1
-7.129140e-002 2.845530e-001 
1
2
0 0 8 1 0 -1
2 0 4 1 0 2
haar_x4
-4.444434e-002 0 -1
2.589820e-001 -8.107633e-002 
1
2
1 0 3 1 0 -1
2 0 1 1 0 3
haar_x3
-1.928329e-002 0 -1
-4.835799e-001 3.495813e-002 
1
2
4 0 2 4 0 -1
3 1 2 2 0 2
tilted_haar_x4
-3.671180e-001 0 -1
5.709388e-001 -1.388859e-002 
1
2
4 0 4 2 0 -1
5 1 2 2 0 2
tilted_haar_x4
-1.889469e-001 0 -1
1.534199e-001 -9.604474e-002 
1
2
7 5 1 3 0 -1
7 6 1 1 0 3
haar_y3
2.274393e-002 0 -1
6.337168e-002 -3.564723e-001 
1
2
0 2 4 2 0 -1
2 2 2 2 0 2
haar_x2
-9.550347e-002 0 -1
-2.329466e-001 6.513983e-002 
1
2
3 0 3 1 0 -1
4 0 1 1 0 3
haar_x3
-1.139791e-002 0 -1
-3.182916e-001 4.337513e-002 
1
2
0 1 8 1 0 -1
2 1 4 1 0 2
haar_x4
-3.272089e-002 0 -1
1.836131e-001 -8.516355e-002 
1
2
2 1 4 2 0 -1
3 1 2 2 0 2
haar_x4
-3.513357e-002 0 -1
-3.038719e-001 5.420917e-002 
1
3
1 3 2 2 0 -1
1 3 1 1 0 2
2 4 1 1 0 2
haar_x2_y2
1.708740e-002 0 -1
-6.497712e-002 2.511563e-001 
1
2
7 5 1 2 0 -1
7 5 1 1 0 2
tilted_haar_x2
-1.000288e-002 0 -1
8.175096e-002 -9.058194e-002 
1
2
1 5 2 1 0 -1
1 5 1 1 0 2
tilted_haar_x2
-6.890220e-002 0 -1
-5.939484e-001 2.628828e-002 
1
2
3 0 3 1 0 -1
4 0 1 1 0 3
haar_x3
1.140358e-002 0 -1
2.567272e-002 -2.251081e-001 
1
3
0 1 2 2 0 -1
0 1 1 1 0 2
1 2 1 1 0 2
haar_x2_y2
-6.774685e-003 0 -1
1.381763e-001 -1.020252e-001 
1
2
5 6 3 1 0 -1
6 6 1 1 0 3
haar_x3
2.066379e-002 0 -1
3.475572e-002 -4.687545e-001 
1
2
2 3 4 5 0 -1
3 3 2 5 0 2
haar_x4
-7.308911e-002 0 -1
1.212234e-001 -1.176982e-001 
1
2
7 5 1 3 0 -1
7 6 1 1 0 3
haar_y3
5.842271e-002 0 -1
9.072114e-003 -5.819435e-001 
1
3
2 3 2 2 0 -1
2 3 1 1 0 2
3 4 1 1 0 2
haar_x2_y2
2.258857e-002 0 -1
-4.398675e-002 3.385770e-001 
1
2
4 0 3 1 0 -1
5 0 1 1 0 3
haar_x3
1.635510e-002 0 -1
4.096475e-002 -4.753810e-001 
1
2
0 0 8 6 0 -1
0 3 8 3 0 2
haar_y2
4.076698e-001 0 -1
6.001031e-002 -2.375287e-001 
1
2
7 5 1 3 0 -1
7 6 1 1 0 3
haar_y3
-6.639287e-002 0 -1
-4.998098e-001 4.295777e-003 
1
2
0 5 1 3 0 -1
0 6 1 1 0 3
haar_y3
3.104380e-002 0 -1
3.732333e-002 -4.056038e-001 
1
2
7 5 1 2 0 -1
7 6 1 1 0 2
haar_y2
-6.870433e-002 0 -1
8.391842e-001 -6.409563e-003 
1
2
0 5 1 2 0 -1
0 6 1 1 0 2
haar_y2
5.725580e-004 0 -1
-2.005101e-001 8.433729e-002 
1
2
5 4 3 3 0 -1
6 4 1 3 0 3
haar_x3
-2.420849e-002 0 -1
1.698063e-001 -4.349680e-002 
1
2
0 2 2 6 0 -1
0 4 2 2 0 3
haar_y3
1.675637e-002 0 -1
-1.103997e-001 1.317402e-001 
1
2
2 0 6 8 0 -1
2 0 3 8 0 2
haar_x2
-2.092426e-001 0 -1
5.704950e-002 -3.844080e-002 
1
2
1 0 3 1 0 -1
2 0 1 1 0 3
haar_x3
1.169281e-002 0 -1
3.875569e-002 -3.303529e-001 
1
2
3 3 3 1 0 -1
4 3 1 1 0 3
haar_x3
-1.804298e-002 0 -1
1.232302e-001 -7.757501e-002 
1
2
0 3 5 3 0 -1
0 4 5 1 0 3
haar_y3
-6.543099e-002 0 -1
1.355082e-001 -1.055842e-001 
1
3
6 3 2 2 0 -1
7 3 1 1 0 2
6 4 1 1 0 2
haar_x2_y2
-1.508542e-002 0 -1
2.444888e-001 -4.786070e-002 
1
2
4 2 3 3 0 -1
5 3 1 3 0 3
tilted_haar_x3
-2.940688e-001 0 -1
-5.566045e-001 2.512219e-002 
1
3
6 3 2 2 0 -1
7 3 1 1 0 2
6 4 1 1 0 2
haar_x2_y2
1.104392e-002 0 -1
-9.771372e-002 1.730209e-001 
1
3
0 3 2 2 0 -1
0 3 1 1 0 2
1 4 1 1 0 2
haar_x2_y2
1.488089e-002 0 -1
-7.699918e-002 1.707731e-001 
1
2
7 0 1 3 0 -1
7 1 1 1 0 3
haar_y3
-5.903629e-002 0 -1
-7.950029e-001 2.757225e-002 
1
2
4 0 3 4 0 -1
4 0 3 2 0 2
tilted_haar_y2
-4.360346e-001 0 -1
3.007463e-001 -4.615524e-002 
1
2
4 0 3 3 0 -1
5 1 1 3 0 3
tilted_haar_y3
-5.379232e-001 0 -1
1.000000e+000 -7.858772e-004 
1
2
4 0 3 3 0 -1
3 1 3 1 0 3
tilted_haar_y3
1.115562e-001 0 -1
-2.446328e-002 5.324770e-001 
-1.257802e+000

12
-1
