19
1
2
0 4 4 3 0 -1
0 5 4 1 0 3
haar_y3
3.105643e-003 0 -1
-4.465378e-001 3.036315e-001 
1
2
0 6 15 1 0 -1
5 6 5 1 0 3
haar_x3
-2.311124e-002 0 -1
2.938354e-001 -3.405104e-001 
1
2
4 0 7 3 0 -1
4 1 7 1 0 3
haar_y3
4.413661e-002 0 -1
-3.141443e-001 3.559232e-001 
1
2
14 0 1 3 0 -1
14 1 1 1 0 3
haar_y3
1.115835e-002 0 -1
1.412897e-001 -6.422453e-001 
1
2
5 6 3 2 0 -1
6 6 1 2 0 3
haar_x3
-1.297807e-002 0 -1
-7.884526e-001 1.300276e-001 
1
2
5 2 6 3 0 -1
7 2 2 3 0 3
haar_x3
6.262900e-003 0 -1
-3.206610e-001 1.869310e-001 
1
2
0 1 4 2 0 -1
0 2 4 1 0 2
haar_y2
-2.198822e-003 0 -1
1.542250e-001 -4.792217e-001 
1
2
14 0 1 3 0 -1
14 1 1 1 0 3
haar_y3
2.510868e-002 0 -1
4.993463e-002 -8.168538e-001 
1
2
0 3 14 1 0 -1
7 3 7 1 0 2
haar_x2
6.434140e-002 0 -1
1.605498e-001 -5.634972e-001 
1
2
12 2 2 4 0 -1
12 2 2 2 0 2
tilted_haar_x2
4.190606e-002 0 -1
2.830049e-002 -4.518021e-001 
1
2
0 0 1 3 0 -1
0 1 1 1 0 3
haar_y3
9.221246e-003 0 -1
1.710514e-001 -6.146238e-001 
1
2
12 2 2 4 0 -1
12 2 2 2 0 2
tilted_haar_x2
-2.612718e-002 0 -1
9.661823e-002 -1.630399e-001 
1
2
3 3 6 3 0 -1
5 3 2 3 0 3
haar_x3
1.663139e-002 0 -1
-2.760570e-001 3.789995e-001 
1
2
11 6 4 2 0 -1
11 7 4 1 0 2
haar_y2
1.874123e-002 0 -1
1.021103e-001 -5.308268e-001 
1
2
0 6 4 2 0 -1
0 7 4 1 0 2
haar_y2
-2.092386e-002 0 -1
-7.472548e-001 1.494779e-001 
1
2
0 4 15 3 0 -1
5 5 5 1 0 9
haar_point
-4.887435e-001 0 -1
8.997689e-001 -1.421531e-001 
1
2
0 0 14 1 0 -1
7 0 7 1 0 2
haar_x2
-1.147405e-001 0 -1
-8.159733e-001 1.502953e-001 
1
2
10 1 2 1 0 -1
10 1 1 1 0 2
haar_x2
1.348767e-002 0 -1
1.122457e-002 -9.131344e-001 
1
2
3 1 2 1 0 -1
4 1 1 1 0 2
haar_x2
6.052755e-003 0 -1
1.477350e-001 -5.394453e-001 
-1.186878e+000

9
-1
