202
1
2
1 2 4 4 0 -1
2 2 2 4 0 2
haar_x4
-1.850306e-001 0 -1
2.033057e-001 -2.230063e-001 
1
2
4 2 1 2 0 -1
4 3 1 1 0 2
haar_y2
4.675319e-002 0 -1
-1.799284e-001 1.183588e-001 
1
2
4 0 2 3 0 -1
3 1 2 1 0 3
tilted_haar_y3
-4.313270e-001 0 -1
2.139585e-001 -8.930089e-002 
1
2
0 0 1 6 0 -1
0 2 1 2 0 3
haar_y3
-7.010859e-002 0 -1
8.356922e-002 -2.432745e-001 
1
2
5 4 1 2 0 -1
5 5 1 1 0 2
haar_y2
1.287666e-002 0 -1
-1.278201e-001 1.249704e-001 
1
2
2 5 3 1 0 -1
3 5 1 1 0 3
haar_x3
-5.835222e-002 0 -1
-6.542130e-001 1.687185e-002 
1
3
1 3 2 2 0 -1
1 3 1 1 0 2
2 4 1 1 0 2
haar_x2_y2
2.671989e-002 0 -1
-9.957654e-002 1.111860e-001 
1
2
0 0 3 1 0 -1
1 0 1 1 0 3
haar_x3
-7.922809e-002 0 -1
-4.921319e-001 1.458640e-002 
1
2
0 2 3 2 0 -1
1 2 1 2 0 3
haar_x3
-8.197640e-002 0 -1
2.583907e-001 -3.804661e-002 
1
3
4 3 2 2 0 -1
4 3 1 1 0 2
5 4 1 1 0 2
haar_x2_y2
2.289550e-002 0 -1
-7.617549e-002 1.395494e-001 
1
2
3 3 3 3 0 -1
4 4 1 1 0 9
haar_point
-4.885291e-001 0 -1
-7.672502e-001 1.733251e-003 
1
2
2 1 4 5 0 -1
3 1 2 5 0 2
haar_x4
-1.964594e-001 0 -1
2.022109e-001 -5.056060e-002 
1
2
0 2 4 1 0 -1
2 2 2 1 0 2
haar_x2
-2.048558e-001 0 -1
-2.552440e-001 4.563976e-002 
1
2
0 2 6 1 0 -1
2 2 2 1 0 3
haar_x3
-2.868566e-002 0 -1
3.479023e-002 -2.689910e-001 
1
2
2 0 3 2 0 -1
3 0 1 2 0 3
haar_x3
-6.742455e-002 0 -1
-2.505799e-001 3.760648e-002 
1
2
0 0 4 2 0 -1
2 0 2 2 0 2
haar_x2
-6.047485e-002 0 -1
1.060791e-001 -9.658190e-002 
1
2
1 0 4 1 0 -1
3 0 2 1 0 2
haar_x2
7.546288e-002 0 -1
-4.559705e-002 2.183599e-001 
1
2
1 0 3 1 0 -1
2 0 1 1 0 3
haar_x3
-5.755175e-002 0 -1
-4.904453e-001 2.228086e-002 
1
2
3 1 3 1 0 -1
4 2 1 1 0 3
tilted_haar_x3
1.981639e-001 0 -1
-1.420471e-002 6.973506e-001 
1
2
4 1 1 2 0 -1
4 1 1 1 0 2
tilted_haar_y2
-1.839872e-001 0 -1
3.849450e-001 -2.272016e-002 
1
2
2 0 2 2 0 -1
2 1 2 1 0 2
haar_y2
5.351216e-002 0 -1
-4.728144e-002 1.965424e-001 
1
2
5 1 1 3 0 -1
5 2 1 1 0 3
haar_y3
-1.796519e-003 0 -1
5.005092e-002 -1.836948e-001 
1
2
2 0 4 1 0 -1
4 0 2 1 0 2
haar_x2
-5.660898e-002 0 -1
1.457770e-001 -6.763506e-002 
1
2
2 0 4 4 0 -1
4 0 2 4 0 2
haar_x2
3.497101e-002 0 -1
-1.706427e-001 5.990142e-002 
1
2
3 4 2 1 0 -1
4 4 1 1 0 2
haar_x2
2.697108e-002 0 -1
5.135060e-002 -1.639988e-001 
1
2
2 2 2 4 0 -1
2 3 2 2 0 2
haar_y4
2.200529e-001 0 -1
1.990782e-002 -3.598453e-001 
1
2
0 4 1 2 0 -1
0 5 1 1 0 2
haar_y2
1.288730e-001 0 -1
1.134472e-002 -5.417955e-001 
1
2
0 4 1 2 0 -1
0 5 1 1 0 2
haar_y2
2.201131e-002 0 -1
-9.376442e-002 7.195492e-002 
1
2
0 4 6 2 0 -1
0 5 6 1 0 2
haar_y2
-5.147463e-002 0 -1
2.927251e-001 -3.027102e-002 
1
2
3 0 3 1 0 -1
4 0 1 1 0 3
haar_x3
-8.428122e-002 0 -1
-4.864174e-001 1.442972e-002 
1
2
3 0 3 2 0 -1
4 0 1 2 0 3
haar_x3
-1.961917e-003 0 -1
7.345798e-002 -9.645237e-002 
1
3
0 3 6 2 0 -1
0 3 3 1 0 2
3 4 3 1 0 2
haar_x2_y2
-2.110713e-001 0 -1
-2.851655e-001 2.204992e-002 
1
2
3 3 3 2 0 -1
4 3 1 2 0 3
haar_x3
8.873762e-002 0 -1
-6.220672e-002 1.255804e-001 
1
2
2 3 3 1 0 -1
3 3 1 1 0 3
haar_x3
2.833929e-002 0 -1
-3.680702e-002 2.117241e-001 
1
2
2 4 3 1 0 -1
3 4 1 1 0 3
haar_x3
5.057095e-002 0 -1
1.893817e-002 -4.178340e-001 
1
2
2 0 4 6 0 -1
2 3 4 3 0 2
haar_y2
-6.221631e-001 0 -1
-8.639196e-001 6.033019e-003 
1
2
1 4 3 1 0 -1
2 4 1 1 0 3
haar_x3
-1.916346e-003 0 -1
6.806227e-002 -9.616751e-002 
1
3
0 3 2 2 0 -1
0 3 1 1 0 2
1 4 1 1 0 2
haar_x2_y2
-1.618374e-003 0 -1
8.372933e-002 -8.124313e-002 
1
2
4 0 2 6 0 -1
5 0 1 6 0 2
haar_x2
-2.019219e-001 0 -1
-5.102963e-001 1.315827e-002 
1
2
0 4 6 2 0 -1
2 4 2 2 0 3
haar_x3
1.322994e-001 0 -1
-2.939135e-002 2.604316e-001 
1
2
2 4 3 2 0 -1
3 4 1 2 0 3
haar_x3
-1.889854e-003 0 -1
7.096560e-002 -1.014610e-001 
1
2
0 1 3 1 0 -1
1 1 1 1 0 3
haar_x3
3.531235e-002 0 -1
3.476806e-002 -1.989135e-001 
1
2
4 0 1 6 0 -1
4 3 1 3 0 2
haar_y2
3.560748e-001 0 -1
3.149039e-002 -2.195871e-001 
1
2
0 0 1 3 0 -1
0 1 1 1 0 3
haar_y3
-8.348713e-002 0 -1
-2.508020e-001 2.500698e-002 
1
2
0 1 3 3 0 -1
0 2 3 1 0 3
haar_y3
-5.892806e-001 0 -1
-3.424633e-001 1.989141e-002 
1
3
0 0 6 4 0 -1
0 0 3 2 0 2
3 2 3 2 0 2
haar_x2_y2
3.656399e-001 0 -1
-4.414615e-002 1.654821e-001 
1
2
0 3 1 2 0 -1
0 4 1 1 0 2
haar_y2
1.053060e-001 0 -1
3.179225e-002 -2.474899e-001 
1
2
5 3 1 2 0 -1
5 3 1 1 0 2
tilted_haar_y2
-2.497406e-003 0 -1
4.345623e-002 -1.423063e-001 
1
2
3 3 3 1 0 -1
4 3 1 1 0 3
haar_x3
1.724193e-001 0 -1
-2.643787e-002 2.851575e-001 
1
3
4 1 2 4 0 -1
4 1 1 2 0 2
5 3 1 2 0 2
haar_x2_y2
-1.192113e-001 0 -1
-2.700567e-001 2.561549e-002 
1
3
4 2 2 2 0 -1
4 2 1 1 0 2
5 3 1 1 0 2
haar_x2_y2
-4.852496e-002 0 -1
1.508086e-001 -4.845097e-002 
1
2
1 5 3 1 0 -1
2 5 1 1 0 3
haar_x3
2.612511e-002 0 -1
2.458131e-002 -2.550848e-001 
1
2
2 0 3 1 0 -1
3 0 1 1 0 3
haar_x3
-5.110577e-002 0 -1
-3.110480e-001 1.794129e-002 
1
2
0 2 2 1 0 -1
1 2 1 1 0 2
haar_x2
-2.084709e-001 0 -1
5.040762e-001 -1.378298e-002 
1
2
0 1 2 2 0 -1
1 1 1 2 0 2
haar_x2
-8.537656e-002 0 -1
-1.886275e-001 4.360165e-002 
1
2
0 0 6 2 0 -1
2 0 2 2 0 3
haar_x3
-1.249230e-001 0 -1
1.112095e-001 -6.638645e-002 
1
2
0 0 6 1 0 -1
2 0 2 1 0 3
haar_x3
5.631775e-002 0 -1
-5.824091e-002 1.267967e-001 
1
2
0 0 4 1 0 -1
2 0 2 1 0 2
haar_x2
-3.950479e-002 0 -1
9.562382e-002 -6.126638e-002 
1
2
5 0 1 2 0 -1
5 1 1 1 0 2
haar_y2
-1.566814e-003 0 -1
6.555220e-002 -9.400616e-002 
1
2
0 0 6 3 0 -1
2 1 2 1 0 9
haar_point
4.996511e-001 0 -1
-4.536727e-002 1.391883e-001 
1
2
2 1 3 1 0 -1
3 1 1 1 0 3
haar_x3
-2.123231e-003 0 -1
6.521573e-002 -9.433682e-002 
1
2
0 0 6 2 0 -1
3 0 3 2 0 2
haar_x2
8.987087e-002 0 -1
-5.146297e-002 1.145028e-001 
1
2
2 0 2 1 0 -1
3 0 1 1 0 2
haar_x2
-1.718965e-003 0 -1
7.169764e-002 -8.744426e-002 
1
3
2 0 2 6 0 -1
2 0 1 3 0 2
3 3 1 3 0 2
haar_x2_y2
3.616047e-002 0 -1
5.618402e-002 -1.035098e-001 
1
2
0 2 4 2 0 -1
0 3 4 1 0 2
haar_y2
-2.299221e-001 0 -1
3.340914e-001 -2.036189e-002 
1
2
4 1 2 2 0 -1
4 1 1 2 0 2
tilted_haar_x2
-3.806950e-001 0 -1
2.647081e-001 -2.630716e-002 
1
2
3 5 3 1 0 -1
4 5 1 1 0 3
haar_x3
-6.996791e-002 0 -1
-5.053400e-001 1.279800e-002 
1
2
1 4 2 1 0 -1
2 4 1 1 0 2
haar_x2
4.367804e-002 0 -1
1.105246e-002 -4.358222e-001 
1
2
1 1 4 5 0 -1
2 1 2 5 0 2
haar_x4
9.623046e-002 0 -1
-1.868579e-002 3.333509e-001 
1
2
3 1 2 3 0 -1
3 1 1 3 0 2
tilted_haar_x2
-3.211908e-001 0 -1
-2.347770e-001 2.472455e-002 
1
2
2 0 4 6 0 -1
2 3 4 3 0 2
haar_y2
1.291188e-001 0 -1
-1.782510e-001 3.357850e-002 
1
2
4 1 1 3 0 -1
3 2 1 1 0 3
tilted_haar_y3
-3.079582e-001 0 -1
1.641825e-001 -4.271527e-002 
1
2
1 3 3 1 0 -1
2 3 1 1 0 3
haar_x3
2.693647e-002 0 -1
-3.644593e-002 1.726144e-001 
1
2
0 3 6 1 0 -1
3 3 3 1 0 2
haar_x2
-9.068500e-002 0 -1
-1.313938e-001 5.301549e-002 
1
2
1 2 2 1 0 -1
1 2 1 1 0 2
tilted_haar_x2
-2.451597e-001 0 -1
-6.793903e-001 7.695020e-003 
1
2
3 0 3 3 0 -1
3 1 3 1 0 3
haar_y3
5.169221e-001 0 -1
1.238578e-002 -4.065199e-001 
1
2
5 1 1 2 0 -1
5 2 1 1 0 2
haar_y2
5.657571e-002 0 -1
2.130698e-002 -2.413199e-001 
1
3
4 3 2 2 0 -1
4 3 1 1 0 2
5 4 1 1 0 2
haar_x2_y2
-8.008554e-002 0 -1
2.711170e-001 -2.056694e-002 
1
2
2 3 1 2 0 -1
2 4 1 1 0 2
haar_y2
1.756896e-001 0 -1
1.112325e-002 -4.763104e-001 
1
2
2 0 4 3 0 -1
4 0 2 3 0 2
haar_x2
4.394026e-001 0 -1
1.613052e-002 -3.128195e-001 
1
2
0 1 6 4 0 -1
0 2 6 2 0 2
haar_y4
4.652458e-002 0 -1
-2.358117e-002 2.351117e-001 
1
2
2 1 4 3 0 -1
4 1 2 3 0 2
haar_x2
-3.226142e-001 0 -1
-6.178011e-001 8.840255e-003 
1
2
0 0 4 6 0 -1
1 0 2 6 0 2
haar_x4
4.073411e-001 0 -1
-1.338885e-002 4.444681e-001 
1
2
2 2 3 4 0 -1
3 2 1 4 0 3
haar_x3
-4.259023e-001 0 -1
-6.126993e-001 1.035020e-002 
1
2
0 5 3 1 0 -1
1 5 1 1 0 3
haar_x3
2.143091e-002 0 -1
3.191061e-002 -1.525573e-001 
1
2
2 5 4 1 0 -1
3 5 2 1 0 2
haar_x4
-1.926069e-002 0 -1
1.151268e-001 -5.555469e-002 
1
2
1 5 4 1 0 -1
3 5 2 1 0 2
haar_x2
2.845052e-002 0 -1
-4.372355e-002 1.219879e-001 
1
2
0 5 3 1 0 -1
1 5 1 1 0 3
haar_x3
-5.609052e-002 0 -1
-2.817168e-001 2.044781e-002 
1
2
4 1 1 4 0 -1
4 1 1 2 0 2
tilted_haar_y2
-4.536721e-001 0 -1
7.919915e-002 -6.901075e-002 
1
2
0 0 6 3 0 -1
0 1 6 1 0 3
haar_y3
9.553441e-002 0 -1
-7.990832e-002 8.398572e-002 
1
2
4 2 2 1 0 -1
4 2 1 1 0 2
tilted_haar_x2
-3.006896e-001 0 -1
3.110558e-001 -1.825223e-002 
1
3
0 0 6 4 0 -1
0 0 3 2 0 2
3 2 3 2 0 2
haar_x2_y2
-4.348048e-001 0 -1
2.033768e-001 -2.695608e-002 
1
2
0 2 2 4 0 -1
0 3 2 2 0 2
haar_y4
1.446520e-001 0 -1
3.327865e-002 -1.569265e-001 
1
2
0 2 2 2 0 -1
0 3 2 1 0 2
haar_y2
1.159807e-001 0 -1
-7.268720e-002 1.037403e-001 
1
2
0 2 1 2 0 -1
0 3 1 1 0 2
haar_y2
-4.780700e-002 0 -1
1.993227e-001 -3.005872e-002 
1
3
0 2 6 2 0 -1
0 2 3 1 0 2
3 3 3 1 0 2
haar_x2_y2
3.863147e-001 0 -1
1.084193e-002 -5.850279e-001 
1
3
0 2 2 2 0 -1
0 2 1 1 0 2
1 3 1 1 0 2
haar_x2_y2
-6.800587e-002 0 -1
2.576911e-001 -2.221627e-002 
1
2
0 2 1 3 0 -1
0 3 1 1 0 3
haar_y3
1.708527e-001 0 -1
9.877285e-003 -5.527537e-001 
1
2
5 0 1 6 0 -1
5 2 1 2 0 3
haar_y3
-4.180777e-001 0 -1
-2.401128e-001 1.937174e-002 
1
2
0 0 2 2 0 -1
1 0 1 2 0 2
haar_x2
1.413296e-001 0 -1
4.856611e-003 -8.847951e-001 
1
2
4 0 2 1 0 -1
5 0 1 1 0 2
haar_x2
-6.114636e-002 0 -1
-4.296082e-001 9.486958e-003 
1
2
4 0 2 1 0 -1
5 0 1 1 0 2
haar_x2
-6.987825e-003 0 -1
1.011082e-001 -6.106298e-002 
1
2
0 0 4 2 0 -1
1 0 2 2 0 2
haar_x4
-7.042058e-002 0 -1
1.311537e-001 -3.988477e-002 
1
2
2 1 3 1 0 -1
3 1 1 1 0 3
haar_x3
1.096752e-001 0 -1
6.686665e-003 -7.817873e-001 
1
2
0 5 2 1 0 -1
1 5 1 1 0 2
haar_x2
1.821758e-003 0 -1
-5.795874e-002 8.574688e-002 
1
3
4 3 2 2 0 -1
4 3 1 1 0 2
5 4 1 1 0 2
haar_x2_y2
1.781343e-003 0 -1
-6.864619e-002 7.014699e-002 
1
2
3 1 3 1 0 -1
4 1 1 1 0 3
haar_x3
-1.618519e-003 0 -1
6.321878e-002 -7.926922e-002 
1
2
1 4 4 2 0 -1
3 4 2 2 0 2
haar_x2
3.227398e-001 0 -1
4.947468e-003 -1.000251e+000 
1
2
2 1 3 4 0 -1
2 2 3 2 0 2
haar_y4
-7.339033e-001 0 -1
5.179269e-001 -1.148577e-002 
1
3
1 2 2 2 0 -1
1 2 1 1 0 2
2 3 1 1 0 2
haar_x2_y2
-3.385273e-002 0 -1
1.108746e-001 -4.272930e-002 
1
3
3 2 2 2 0 -1
3 2 1 1 0 2
4 3 1 1 0 2
haar_x2_y2
-3.777951e-002 0 -1
1.460655e-001 -3.623140e-002 
1
2
1 2 4 2 0 -1
3 2 2 2 0 2
haar_x2
5.606307e-001 0 -1
-5.700892e-003 9.519148e-001 
1
2
1 0 2 2 0 -1
2 0 1 2 0 2
haar_x2
7.890169e-002 0 -1
1.591576e-002 -3.495748e-001 
1
3
0 0 2 6 0 -1
0 0 1 3 0 2
1 3 1 3 0 2
haar_x2_y2
9.472684e-002 0 -1
3.590759e-002 -1.408155e-001 
1
3
0 2 2 2 0 -1
0 2 1 1 0 2
1 3 1 1 0 2
haar_x2_y2
2.500160e-002 0 -1
-6.521465e-002 9.176444e-002 
1
2
0 1 2 3 0 -1
0 2 2 1 0 3
haar_y3
-2.759877e-001 0 -1
-1.554877e-001 3.348111e-002 
1
2
1 3 3 3 0 -1
2 3 1 3 0 3
haar_x3
-3.629390e-001 0 -1
-6.790630e-001 7.176071e-003 
1
2
4 0 2 4 0 -1
3 1 2 2 0 2
tilted_haar_y4
-2.169702e-001 0 -1
4.013091e-002 -1.231196e-001 
1
2
2 0 2 2 0 -1
3 0 1 2 0 2
haar_x2
-1.789780e-002 0 -1
8.102911e-002 -6.402538e-002 
1
2
3 0 2 2 0 -1
3 0 1 2 0 2
tilted_haar_x2
2.325097e-002 0 -1
1.322801e-001 -4.345284e-002 
1
3
3 2 2 2 0 -1
3 2 1 1 0 2
4 3 1 1 0 2
haar_x2_y2
1.735705e-002 0 -1
-5.872308e-002 8.180184e-002 
1
2
3 1 1 2 0 -1
3 1 1 1 0 2
tilted_haar_y2
-2.749743e-001 0 -1
3.936001e-001 -1.332342e-002 
1
2
0 1 5 3 0 -1
0 2 5 1 0 3
haar_y3
-5.665442e-001 0 -1
1.142658e-001 -5.159548e-002 
1
2
2 0 3 6 0 -1
3 0 1 6 0 3
haar_x3
2.144028e-001 0 -1
-1.528785e-002 3.301511e-001 
1
2
3 2 1 4 0 -1
3 4 1 2 0 2
haar_y2
7.220160e-002 0 -1
-2.920021e-001 1.722185e-002 
1
2
4 1 1 3 0 -1
4 2 1 1 0 3
haar_y3
-2.273461e-001 0 -1
-3.158556e-001 1.458620e-002 
1
2
2 1 3 1 0 -1
3 1 1 1 0 3
haar_x3
4.469233e-002 0 -1
1.747255e-002 -2.523899e-001 
1
2
3 2 2 2 0 -1
3 2 2 1 0 2
tilted_haar_y2
-2.491553e-002 0 -1
-1.370423e-002 3.545816e-001 
1
2
0 3 4 2 0 -1
2 3 2 2 0 2
haar_x2
1.829168e-001 0 -1
1.148524e-002 -4.938897e-001 
1
2
0 0 4 6 0 -1
2 0 2 6 0 2
haar_x2
9.580067e-002 0 -1
-2.534800e-002 1.756070e-001 
1
2
1 1 2 2 0 -1
2 1 1 2 0 2
haar_x2
6.850646e-002 0 -1
1.341794e-002 -4.554636e-001 
1
2
0 0 6 2 0 -1
2 0 2 2 0 3
haar_x3
8.137538e-001 0 -1
-5.483786e-003 1.000040e+000 
1
2
1 3 3 2 0 -1
2 3 1 2 0 3
haar_x3
1.993219e-001 0 -1
-8.001589e-003 4.596859e-001 
1
2
1 1 4 1 0 -1
1 1 2 1 0 2
tilted_haar_x2
-4.497848e-001 0 -1
-3.500708e-001 1.498929e-002 
1
2
3 0 2 1 0 -1
4 0 1 1 0 2
haar_x2
-4.146105e-002 0 -1
-2.116266e-001 2.134894e-002 
1
2
0 0 6 2 0 -1
2 0 2 2 0 3
haar_x3
3.362384e-001 0 -1
-1.221813e-002 4.408338e-001 
1
2
1 0 3 2 0 -1
2 0 1 2 0 3
haar_x3
3.518376e-002 0 -1
3.510130e-002 -1.359536e-001 
1
3
2 0 2 6 0 -1
2 0 1 3 0 2
3 3 1 3 0 2
haar_x2_y2
-1.285788e-001 0 -1
-2.995552e-001 1.561213e-002 
1
3
0 2 4 4 0 -1
0 2 2 2 0 2
2 4 2 2 0 2
haar_x2_y2
2.342412e-001 0 -1
3.571482e-002 -1.264915e-001 
1
2
2 2 3 3 0 -1
3 3 1 1 0 9
haar_point
-3.494548e-001 0 -1
9.580857e-002 -5.461478e-002 
1
2
3 2 1 2 0 -1
3 3 1 1 0 2
haar_y2
8.187281e-002 0 -1
-4.874158e-002 1.162434e-001 
1
2
3 2 2 4 0 -1
3 3 2 2 0 2
haar_y4
1.512362e-001 0 -1
3.365644e-002 -1.604550e-001 
1
2
2 4 2 2 0 -1
2 5 2 1 0 2
haar_y2
-2.824660e-002 0 -1
2.208637e-001 -2.429844e-002 
1
2
2 3 4 1 0 -1
4 3 2 1 0 2
haar_x2
-1.712037e-001 0 -1
-7.842031e-001 5.851526e-003 
1
2
5 3 1 3 0 -1
5 4 1 1 0 3
haar_y3
9.392495e-002 0 -1
1.760621e-002 -2.339007e-001 
1
3
0 1 4 2 0 -1
0 1 2 1 0 2
2 2 2 1 0 2
haar_x2_y2
-4.840931e-002 0 -1
6.463157e-002 -6.596576e-002 
1
3
0 1 4 2 0 -1
0 1 2 1 0 2
2 2 2 1 0 2
haar_x2_y2
4.163626e-002 0 -1
-3.720488e-002 1.472847e-001 
1
2
2 1 1 2 0 -1
2 1 1 1 0 2
tilted_haar_y2
1.092563e-001 0 -1
1.703926e-002 -2.455109e-001 
1
2
4 0 2 4 0 -1
3 1 2 2 0 2
tilted_haar_y4
2.823282e-001 0 -1
-6.560607e-003 6.860290e-001 
1
2
2 0 3 4 0 -1
2 2 3 2 0 2
haar_y2
8.553942e-002 0 -1
3.902016e-002 -1.325308e-001 
1
2
2 0 4 1 0 -1
3 0 2 1 0 2
haar_x4
-7.405561e-003 0 -1
6.542775e-002 -7.084966e-002 
1
2
4 0 2 6 0 -1
5 0 1 6 0 2
haar_x2
1.869588e-001 0 -1
2.592592e-002 -1.762381e-001 
1
2
4 3 2 2 0 -1
5 3 1 2 0 2
haar_x2
2.734461e-001 0 -1
-9.565546e-003 6.700889e-001 
1
2
5 2 1 3 0 -1
4 3 1 1 0 3
tilted_haar_y3
-3.935325e-001 0 -1
-6.081591e-001 8.047137e-003 
1
2
2 2 1 2 0 -1
2 3 1 1 0 2
haar_y2
1.757564e-001 0 -1
4.116946e-003 -8.075815e-001 
1
3
0 2 2 4 0 -1
0 2 1 2 0 2
1 4 1 2 0 2
haar_x2_y2
-2.012419e-003 0 -1
7.754491e-002 -5.532278e-002 
1
2
0 1 4 4 0 -1
1 1 2 4 0 2
haar_x4
-7.859198e-002 0 -1
8.144274e-002 -5.861678e-002 
1
2
0 4 2 2 0 -1
1 4 1 2 0 2
haar_x2
1.312711e-002 0 -1
-5.796483e-002 1.255491e-001 
1
2
2 1 3 5 0 -1
3 1 1 5 0 3
haar_x3
-6.720217e-002 0 -1
5.424454e-002 -9.531178e-002 
1
2
3 0 3 1 0 -1
4 1 1 1 0 3
tilted_haar_x3
-3.925508e-002 0 -1
-3.451879e-002 1.425291e-001 
1
2
3 1 3 4 0 -1
3 3 3 2 0 2
haar_y2
4.616272e-001 0 -1
-5.460391e-002 9.280407e-002 
1
2
0 0 6 1 0 -1
2 0 2 1 0 3
haar_x3
1.118658e-001 0 -1
-3.062480e-002 1.609375e-001 
1
2
1 0 3 1 0 -1
2 0 1 1 0 3
haar_x3
3.100124e-002 0 -1
3.211552e-002 -1.829970e-001 
1
2
2 0 3 1 0 -1
3 0 1 1 0 3
haar_x3
5.401368e-002 0 -1
1.402593e-002 -3.736614e-001 
1
2
3 2 2 2 0 -1
4 2 1 2 0 2
haar_x2
2.943594e-001 0 -1
-9.400737e-003 5.075530e-001 
1
2
1 1 3 3 0 -1
2 2 1 1 0 9
haar_point
-3.844006e-001 0 -1
6.796803e-002 -6.657932e-002 
1
2
1 2 2 4 0 -1
1 3 2 2 0 2
haar_y4
1.396804e-001 0 -1
3.297953e-002 -1.368725e-001 
1
2
0 2 5 4 0 -1
0 4 5 2 0 2
haar_y2
1.373408e+000 0 -1
2.315470e-002 -2.126594e-001 
1
2
0 1 1 4 0 -1
0 3 1 2 0 2
haar_y2
9.635200e-002 0 -1
-7.460255e-002 6.623581e-002 
1
2
0 2 2 2 0 -1
0 3 2 1 0 2
haar_y2
-1.390875e-001 0 -1
2.896140e-001 -1.866324e-002 
1
2
2 1 3 2 0 -1
3 2 1 2 0 3
tilted_haar_x3
-3.581298e-001 0 -1
-1.355344e-001 3.422035e-002 
1
2
2 0 2 2 0 -1
2 0 1 2 0 2
tilted_haar_x2
4.797871e-001 0 -1
-1.781875e-002 3.321584e-001 
1
2
0 1 1 4 0 -1
0 3 1 2 0 2
haar_y2
2.060553e-001 0 -1
2.953337e-002 -1.598382e-001 
1
3
0 1 6 2 0 -1
0 1 3 1 0 2
3 2 3 1 0 2
haar_x2_y2
4.669275e-001 0 -1
5.455546e-003 -8.144455e-001 
1
2
0 2 5 2 0 -1
0 3 5 1 0 2
haar_y2
5.994838e-001 0 -1
-1.063565e-002 4.854817e-001 
1
2
5 0 1 4 0 -1
5 1 1 2 0 2
haar_y4
-1.813869e-001 0 -1
-2.749905e-001 1.640122e-002 
1
3
3 4 2 2 0 -1
3 4 1 1 0 2
4 5 1 1 0 2
haar_x2_y2
-8.539341e-002 0 -1
3.263330e-001 -1.413224e-002 
1
2
1 4 4 1 0 -1
2 4 2 1 0 2
haar_x4
-3.324002e-002 0 -1
-9.691557e-002 5.574890e-002 
1
2
0 4 4 2 0 -1
2 4 2 2 0 2
haar_x2
-3.140454e-002 0 -1
6.544895e-002 -7.560302e-002 
1
2
1 5 4 1 0 -1
2 5 2 1 0 2
haar_x4
-5.348368e-002 0 -1
-2.118155e-001 2.272027e-002 
1
2
0 0 3 6 0 -1
0 2 3 2 0 3
haar_y3
-1.649777e+000 0 -1
3.792154e-001 -1.225063e-002 
1
2
0 0 3 1 0 -1
1 0 1 1 0 3
haar_x3
-1.681570e-003 0 -1
7.141111e-002 -7.050066e-002 
1
2
0 0 6 1 0 -1
3 0 3 1 0 2
haar_x2
-4.224597e-001 0 -1
-5.152304e-001 8.020480e-003 
1
2
1 0 5 2 0 -1
1 1 5 1 0 2
haar_y2
-8.316106e-002 0 -1
6.072782e-002 -7.135826e-002 
1
2
2 5 3 1 0 -1
3 5 1 1 0 3
haar_x3
1.721271e-002 0 -1
2.788395e-002 -1.515259e-001 
1
2
0 5 4 1 0 -1
1 5 2 1 0 2
haar_x4
-1.818310e-003 0 -1
7.068048e-002 -7.275886e-002 
1
2
0 5 6 1 0 -1
2 5 2 1 0 3
haar_x3
3.342297e-002 0 -1
-4.006055e-002 1.318736e-001 
1
2
0 0 5 3 0 -1
0 1 5 1 0 3
haar_y3
4.245741e-001 0 -1
-3.504791e-002 1.171885e-001 
1
2
0 1 6 2 0 -1
0 2 6 1 0 2
haar_y2
-6.513728e-001 0 -1
-2.743053e-001 1.474983e-002 
1
3
2 1 4 4 0 -1
2 1 2 2 0 2
4 3 2 2 0 2
haar_x2_y2
-3.108198e-001 0 -1
-3.421045e-001 1.122375e-002 
1
3
1 0 4 2 0 -1
1 0 2 1 0 2
3 1 2 1 0 2
haar_x2_y2
9.947008e-002 0 -1
-2.652112e-002 1.710297e-001 
1
2
3 1 3 1 0 -1
4 1 1 1 0 3
haar_x3
3.529061e-002 0 -1
2.489541e-002 -1.787351e-001 
1
2
1 3 1 2 0 -1
1 4 1 1 0 2
haar_y2
1.695586e-001 0 -1
5.641162e-003 -6.551924e-001 
1
2
3 3 1 2 0 -1
3 4 1 1 0 2
haar_y2
1.925671e-001 0 -1
4.407594e-003 -7.115065e-001 
1
2
2 0 3 5 0 -1
3 0 1 5 0 3
haar_x3
-1.651005e-001 0 -1
8.009376e-002 -4.668006e-002 
1
2
2 1 2 4 0 -1
3 1 1 4 0 2
haar_x2
6.510089e-002 0 -1
-3.886775e-002 1.151904e-001 
1
2
0 1 4 2 0 -1
1 1 2 2 0 2
haar_x4
-1.503552e-001 0 -1
-2.041675e-001 2.647364e-002 
1
2
2 1 1 2 0 -1
2 1 1 1 0 2
tilted_haar_y2
-2.096400e-001 0 -1
2.717693e-001 -2.031324e-002 
1
2
3 0 2 6 0 -1
4 0 1 6 0 2
haar_x2
3.082848e-001 0 -1
1.639693e-002 -2.931892e-001 
1
2
3 0 3 3 0 -1
4 1 1 3 0 3
tilted_haar_x3
-7.939577e-001 0 -1
-2.778295e-001 1.295992e-002 
1
2
0 0 6 1 0 -1
2 0 2 1 0 3
haar_x3
-3.064159e-001 0 -1
3.869498e-001 -1.156432e-002 
1
3
2 0 4 4 0 -1
2 0 2 2 0 2
4 2 2 2 0 2
haar_x2_y2
3.247246e-001 0 -1
-3.729553e-002 1.137068e-001 
-8.225915e-001

14
-1
