12
1
2
1 1 6 6 0 -1
3 3 2 2 0 9
haar_point
-7.800405e-001 0 -1
6.897725e-001 -5.445091e-001 
1
2
1 0 7 6 0 -1
1 2 7 2 0 3
haar_y3
-4.514242e-001 0 -1
5.677946e-001 -4.007676e-001 
1
2
0 3 1 4 0 -1
0 5 1 2 0 2
haar_y2
4.578191e-004 0 -1
-6.131899e-001 2.283466e-001 
1
2
3 7 3 1 0 -1
4 7 1 1 0 3
haar_x3
-1.626270e-002 0 -1
-8.271845e-001 1.436868e-001 
1
2
2 7 3 1 0 -1
3 7 1 1 0 3
haar_x3
-1.451891e-002 0 -1
-7.695622e-001 1.331021e-001 
1
2
1 2 6 6 0 -1
3 2 2 6 0 3
haar_x3
-1.353196e-001 0 -1
2.891219e-001 -4.269525e-001 
1
2
0 6 1 2 0 -1
0 7 1 1 0 2
haar_y2
7.086871e-004 0 -1
-4.105659e-001 2.806895e-001 
1
2
2 7 4 1 0 -1
3 7 2 1 0 2
haar_x4
1.779336e-002 0 -1
6.063261e-002 -8.246365e-001 
1
2
2 0 3 1 0 -1
3 0 1 1 0 3
haar_x3
-1.809207e-002 0 -1
-6.725351e-001 1.194548e-001 
1
2
3 0 3 2 0 -1
4 0 1 2 0 3
haar_x3
-3.895423e-002 0 -1
-7.680033e-001 8.333276e-002 
1
2
1 0 3 1 0 -1
2 0 1 1 0 3
haar_x3
-2.860147e-002 0 -1
-8.485520e-001 6.563284e-002 
1
2
5 0 2 1 0 -1
5 0 1 1 0 2
haar_x2
1.881666e-002 0 -1
3.414674e-002 -5.749218e-001 
-1.523529e+000

1
-1
