235
1
2
4 3 2 1 0 -1
5 3 1 1 0 2
haar_x2
-1.753490e-003 0 -1
1.873803e-001 -1.545413e-001 
1
2
4 1 2 3 0 -1
4 2 2 1 0 3
haar_y3
-1.588668e-001 0 -1
1.236604e-001 -1.460466e-001 
1
3
1 3 2 2 0 -1
1 3 1 1 0 2
2 4 1 1 0 2
haar_x2_y2
4.531735e-002 0 -1
-1.221402e-001 1.550271e-001 
1
2
2 0 2 2 0 -1
3 0 1 2 0 2
haar_x2
1.717407e-003 0 -1
-2.047993e-001 7.825954e-002 
1
2
2 2 3 4 0 -1
3 2 1 4 0 3
haar_x3
-1.104613e-001 0 -1
1.435239e-001 -8.772388e-002 
1
2
0 2 1 4 0 -1
0 4 1 2 0 2
haar_y2
1.370952e-002 0 -1
-3.158509e-001 3.314082e-002 
1
2
1 0 4 3 0 -1
1 1 4 1 0 3
haar_y3
4.393018e-001 0 -1
-3.326574e-002 2.385818e-001 
1
2
2 0 3 3 0 -1
3 1 1 1 0 9
haar_point
-4.449105e-001 0 -1
4.018575e-001 -3.657692e-002 
1
2
3 1 3 1 0 -1
4 1 1 1 0 3
haar_x3
5.864505e-002 0 -1
2.300804e-002 -3.557706e-001 
1
2
0 3 4 1 0 -1
1 3 2 1 0 2
haar_x4
-1.677007e-001 0 -1
4.652465e-001 -1.584266e-002 
1
2
1 2 1 3 0 -1
1 3 1 1 0 3
haar_y3
2.734118e-002 0 -1
-1.080189e-001 1.000824e-001 
1
2
0 2 4 4 0 -1
0 4 4 2 0 2
haar_y2
7.164044e-001 0 -1
-9.910766e-002 9.472685e-002 
1
2
4 5 2 1 0 -1
5 5 1 1 0 2
haar_x2
-2.070485e-002 0 -1
-2.651102e-001 3.634367e-002 
1
2
3 3 3 1 0 -1
4 3 1 1 0 3
haar_x3
-6.403407e-002 0 -1
2.327969e-001 -3.831688e-002 
1
2
4 1 2 5 0 -1
5 1 1 5 0 2
haar_x2
1.389910e-001 0 -1
5.305776e-002 -1.839662e-001 
1
2
0 2 6 2 0 -1
2 2 2 2 0 3
haar_x3
-2.501656e-001 0 -1
5.734962e-002 -1.301719e-001 
1
2
1 3 3 1 0 -1
2 3 1 1 0 3
haar_x3
8.807024e-002 0 -1
-3.473805e-002 3.299789e-001 
1
2
0 5 6 1 0 -1
3 5 3 1 0 2
haar_x2
-1.571670e-001 0 -1
-3.070430e-001 2.485409e-002 
1
2
0 0 3 1 0 -1
1 0 1 1 0 3
haar_x3
-1.782642e-003 0 -1
5.069364e-002 -1.203297e-001 
1
2
1 5 2 1 0 -1
2 5 1 1 0 2
haar_x2
-1.713771e-003 0 -1
7.591504e-002 -8.473779e-002 
1
2
1 5 3 1 0 -1
2 5 1 1 0 3
haar_x3
-3.828091e-002 0 -1
-2.241291e-001 2.969895e-002 
1
2
2 0 4 3 0 -1
3 0 2 3 0 2
haar_x4
-5.129558e-001 0 -1
6.845819e-001 -1.058527e-002 
1
2
3 0 3 1 0 -1
4 0 1 1 0 3
haar_x3
-2.228828e-002 0 -1
-2.005027e-001 3.093731e-002 
1
2
1 2 3 4 0 -1
2 2 1 4 0 3
haar_x3
-1.057290e-001 0 -1
8.503202e-002 -8.133504e-002 
1
3
2 4 2 2 0 -1
2 4 1 1 0 2
3 5 1 1 0 2
haar_x2_y2
-3.347920e-002 0 -1
-2.520157e-001 2.640292e-002 
1
3
0 3 6 2 0 -1
0 3 3 1 0 2
3 4 3 1 0 2
haar_x2_y2
-1.198887e-001 0 -1
-3.023109e-001 2.039333e-002 
1
2
0 2 3 2 0 -1
1 2 1 2 0 3
haar_x3
-8.542052e-002 0 -1
2.015913e-001 -3.478668e-002 
1
3
0 3 2 2 0 -1
0 3 1 1 0 2
1 4 1 1 0 2
haar_x2_y2
-1.804455e-003 0 -1
8.635875e-002 -8.778869e-002 
1
2
1 2 3 4 0 -1
1 4 3 2 0 2
haar_y2
1.816923e-001 0 -1
-3.179998e-001 2.386484e-002 
1
2
3 0 3 1 0 -1
4 0 1 1 0 3
haar_x3
4.771695e-002 0 -1
2.516841e-002 -2.545185e-001 
1
2
2 1 3 1 0 -1
3 1 1 1 0 3
haar_x3
-1.738678e-003 0 -1
6.953972e-002 -7.969540e-002 
1
2
1 1 2 1 0 -1
2 1 1 1 0 2
haar_x2
1.436480e-003 0 -1
-8.198263e-002 8.985637e-002 
1
2
0 1 6 3 0 -1
3 1 3 3 0 2
haar_x2
-7.335966e-001 0 -1
3.263955e-001 -2.132812e-002 
1
2
0 0 1 3 0 -1
0 1 1 1 0 3
haar_y3
-8.817637e-002 0 -1
-2.382289e-001 2.624687e-002 
1
2
0 0 3 2 0 -1
1 0 1 2 0 3
haar_x3
-8.331259e-002 0 -1
-1.993836e-001 2.847669e-002 
1
2
2 0 4 3 0 -1
4 0 2 3 0 2
haar_x2
1.010529e-001 0 -1
-1.151343e-001 5.953519e-002 
1
2
2 0 3 2 0 -1
3 0 1 2 0 3
haar_x3
-8.187340e-002 0 -1
-3.824261e-001 1.776638e-002 
1
2
5 2 1 3 0 -1
5 3 1 1 0 3
haar_y3
4.337555e-002 0 -1
-4.235497e-002 1.534405e-001 
1
2
3 4 2 1 0 -1
4 4 1 1 0 2
haar_x2
2.662972e-002 0 -1
5.506955e-002 -1.435881e-001 
1
3
3 2 2 2 0 -1
3 2 1 1 0 2
4 3 1 1 0 2
haar_x2_y2
2.813254e-002 0 -1
-5.712363e-002 1.169401e-001 
1
3
3 2 2 2 0 -1
3 2 1 1 0 2
4 3 1 1 0 2
haar_x2_y2
1.163369e-001 0 -1
1.446780e-002 -4.259523e-001 
1
3
0 0 4 2 0 -1
0 0 2 1 0 2
2 1 2 1 0 2
haar_x2_y2
2.555163e-002 0 -1
-5.122464e-002 1.222321e-001 
1
2
0 0 6 1 0 -1
2 0 2 1 0 3
haar_x3
5.101505e-002 0 -1
-5.430334e-002 1.376002e-001 
1
2
3 0 2 1 0 -1
4 0 1 1 0 2
haar_x2
1.546924e-003 0 -1
-1.298207e-001 6.523202e-002 
1
2
1 0 4 2 0 -1
3 0 2 2 0 2
haar_x2
-9.568688e-002 0 -1
2.727102e-001 -2.851080e-002 
1
2
3 1 3 1 0 -1
4 2 1 1 0 3
tilted_haar_x3
1.055534e-001 0 -1
-1.236437e-002 5.666335e-001 
1
2
2 2 3 1 0 -1
3 3 1 1 0 3
tilted_haar_x3
-4.088771e-001 0 -1
-8.095383e-001 8.005110e-003 
1
2
0 2 6 3 0 -1
2 3 2 1 0 9
haar_point
-1.108666e+000 0 -1
1.128896e-001 -5.621529e-002 
1
3
2 0 4 6 0 -1
2 0 2 3 0 2
4 3 2 3 0 2
haar_x2_y2
1.910233e-001 0 -1
3.072294e-002 -2.229473e-001 
1
2
2 3 4 3 0 -1
4 3 2 3 0 2
haar_x2
6.352470e-001 0 -1
-1.944071e-002 3.594896e-001 
1
3
2 2 4 4 0 -1
2 2 2 2 0 2
4 4 2 2 0 2
haar_x2_y2
-1.686881e-001 0 -1
-1.263334e-001 5.449405e-002 
1
2
4 3 2 2 0 -1
4 4 2 1 0 2
haar_y2
2.259186e-001 0 -1
2.685470e-002 -2.385354e-001 
1
2
4 0 2 2 0 -1
4 0 2 1 0 2
tilted_haar_y2
4.118159e-002 0 -1
-1.539899e-001 3.998322e-002 
1
2
3 0 2 2 0 -1
3 0 2 1 0 2
tilted_haar_y2
-1.875464e-001 0 -1
2.103014e-001 -3.182794e-002 
1
2
3 2 2 2 0 -1
3 2 1 2 0 2
tilted_haar_x2
2.273423e-002 0 -1
3.501179e-002 -1.701613e-001 
1
3
3 4 2 2 0 -1
3 4 1 1 0 2
4 5 1 1 0 2
haar_x2_y2
5.408729e-002 0 -1
1.044244e-002 -5.328543e-001 
1
2
1 0 3 1 0 -1
2 0 1 1 0 3
haar_x3
-4.921461e-002 0 -1
-2.339459e-001 2.028796e-002 
1
3
0 0 2 4 0 -1
0 0 1 2 0 2
1 2 1 2 0 2
haar_x2_y2
3.612759e-002 0 -1
-5.541518e-002 1.034446e-001 
1
2
0 2 2 1 0 -1
1 2 1 1 0 2
haar_x2
-2.200287e-003 0 -1
5.764317e-002 -1.108491e-001 
1
3
0 3 6 2 0 -1
0 3 3 1 0 2
3 4 3 1 0 2
haar_x2_y2
6.296218e-002 0 -1
-7.763278e-002 7.028347e-002 
1
3
4 1 2 2 0 -1
4 1 1 1 0 2
5 2 1 1 0 2
haar_x2_y2
-5.333558e-002 0 -1
2.133100e-001 -2.806620e-002 
1
3
4 1 2 2 0 -1
4 1 1 1 0 2
5 2 1 1 0 2
haar_x2_y2
3.958388e-002 0 -1
-5.200238e-002 1.245095e-001 
1
2
0 3 3 3 0 -1
1 4 1 1 0 9
haar_point
4.896930e-001 0 -1
-1.539100e-002 3.668859e-001 
1
2
1 2 2 4 0 -1
1 3 2 2 0 2
haar_y4
1.920191e-001 0 -1
2.362568e-002 -2.675530e-001 
1
2
0 2 6 3 0 -1
0 3 6 1 0 3
haar_y3
2.108532e-001 0 -1
-4.340403e-002 1.432683e-001 
1
2
4 0 2 2 0 -1
5 0 1 2 0 2
haar_x2
1.022850e-001 0 -1
1.816606e-002 -3.091542e-001 
1
2
0 0 6 1 0 -1
2 0 2 1 0 3
haar_x3
-1.667467e-001 0 -1
1.830442e-001 -2.816695e-002 
1
2
1 2 3 2 0 -1
2 2 1 2 0 3
haar_x3
-1.746255e-001 0 -1
1.431899e-001 -3.683422e-002 
1
2
0 3 1 3 0 -1
0 4 1 1 0 3
haar_y3
-7.460763e-002 0 -1
-2.697632e-001 2.338168e-002 
1
2
1 1 3 1 0 -1
2 1 1 1 0 3
haar_x3
-5.923655e-002 0 -1
-2.574100e-001 2.094468e-002 
1
2
0 4 1 2 0 -1
0 5 1 1 0 2
haar_y2
-5.856005e-002 0 -1
-4.340718e-001 1.216825e-002 
1
2
0 0 1 6 0 -1
0 2 1 2 0 3
haar_y3
2.031860e-001 0 -1
-2.058899e-002 3.401095e-001 
1
3
1 3 2 2 0 -1
1 3 1 1 0 2
2 4 1 1 0 2
haar_x2_y2
-1.519467e-003 0 -1
1.283165e-001 -4.048730e-002 
1
2
2 0 1 2 0 -1
2 0 1 1 0 2
tilted_haar_y2
-7.356007e-002 0 -1
-1.551399e-001 3.482911e-002 
1
2
2 1 3 2 0 -1
2 1 3 1 0 2
tilted_haar_y2
-2.932610e-001 0 -1
4.352140e-002 -1.135758e-001 
1
2
3 1 2 3 0 -1
2 2 2 1 0 3
tilted_haar_y3
5.008308e-001 0 -1
-1.584632e-002 3.947479e-001 
1
2
0 3 4 2 0 -1
1 3 2 2 0 2
haar_x4
-1.398082e-002 0 -1
8.214957e-002 -7.408670e-002 
1
3
0 4 2 2 0 -1
0 4 1 1 0 2
1 5 1 1 0 2
haar_x2_y2
-6.938387e-003 0 -1
1.112600e-001 -5.843970e-002 
1
2
0 5 2 1 0 -1
1 5 1 1 0 2
haar_x2
1.941508e-003 0 -1
-5.808079e-002 8.471276e-002 
1
2
0 5 2 1 0 -1
1 5 1 1 0 2
haar_x2
-1.746411e-003 0 -1
8.031225e-002 -8.319346e-002 
1
2
0 5 4 1 0 -1
2 5 2 1 0 2
haar_x2
1.791359e-002 0 -1
-5.112432e-002 1.067888e-001 
1
2
1 5 2 1 0 -1
2 5 1 1 0 2
haar_x2
2.116516e-002 0 -1
3.206886e-002 -2.247400e-001 
1
2
0 5 6 1 0 -1
2 5 2 1 0 3
haar_x3
5.983717e-002 0 -1
-3.163631e-002 1.831811e-001 
1
2
2 5 3 1 0 -1
3 5 1 1 0 3
haar_x3
1.918575e-002 0 -1
3.327075e-002 -2.167006e-001 
1
2
0 4 3 1 0 -1
1 4 1 1 0 3
haar_x3
-1.706957e-003 0 -1
7.647583e-002 -6.692522e-002 
1
2
2 3 3 1 0 -1
3 3 1 1 0 3
haar_x3
-4.276029e-002 0 -1
6.395162e-002 -8.046696e-002 
1
2
2 2 4 2 0 -1
4 2 2 2 0 2
haar_x2
2.758661e-001 0 -1
4.029493e-002 -1.615430e-001 
1
2
0 0 6 3 0 -1
2 0 2 3 0 3
haar_x3
-8.599540e-001 0 -1
3.391045e-001 -1.647537e-002 
1
2
2 0 3 1 0 -1
3 0 1 1 0 3
haar_x3
1.421393e-003 0 -1
-8.015590e-002 7.705565e-002 
1
2
3 0 1 3 0 -1
2 1 1 1 0 3
tilted_haar_y3
1.048530e-001 0 -1
1.810957e-002 -3.014345e-001 
1
2
0 1 3 2 0 -1
1 1 1 2 0 3
haar_x3
1.786753e-001 0 -1
-2.057132e-002 3.133253e-001 
1
2
0 0 3 2 0 -1
1 0 1 2 0 3
haar_x3
1.634794e-002 0 -1
3.171335e-002 -1.739241e-001 
1
2
0 0 3 1 0 -1
1 0 1 1 0 3
haar_x3
-7.496145e-002 0 -1
-3.765803e-001 1.545884e-002 
1
3
1 2 2 2 0 -1
1 2 1 1 0 2
2 3 1 1 0 2
haar_x2_y2
-3.046023e-002 0 -1
9.192594e-002 -5.362152e-002 
1
3
4 2 2 2 0 -1
4 2 1 1 0 2
5 3 1 1 0 2
haar_x2_y2
-3.258674e-002 0 -1
9.487882e-002 -5.379632e-002 
1
2
1 0 1 4 0 -1
1 1 1 2 0 2
haar_y4
-1.405327e-001 0 -1
-1.502295e-001 3.441006e-002 
1
2
2 0 3 3 0 -1
2 1 3 1 0 3
haar_y3
-4.115084e-001 0 -1
3.416098e-001 -1.705962e-002 
1
2
2 0 3 1 0 -1
3 0 1 1 0 3
haar_x3
-1.521491e-003 0 -1
8.495817e-002 -5.781391e-002 
1
2
2 5 3 1 0 -1
3 5 1 1 0 3
haar_x3
-4.826464e-002 0 -1
-2.991904e-001 1.570440e-002 
1
2
0 4 6 2 0 -1
2 4 2 2 0 3
haar_x3
-8.721626e-002 0 -1
7.262261e-002 -7.585222e-002 
1
2
0 4 2 1 0 -1
1 4 1 1 0 2
haar_x2
-4.520339e-002 0 -1
-1.697014e-001 3.214588e-002 
1
2
0 5 6 1 0 -1
2 5 2 1 0 3
haar_x3
-4.212402e-001 0 -1
4.424742e-001 -1.390342e-002 
1
2
4 1 1 4 0 -1
4 3 1 2 0 2
haar_y2
2.684191e-001 0 -1
1.184930e-002 -5.142614e-001 
1
2
0 1 1 2 0 -1
0 2 1 1 0 2
haar_y2
4.536676e-002 0 -1
2.706614e-002 -1.783925e-001 
1
2
0 0 2 1 0 -1
1 0 1 1 0 2
haar_x2
2.212822e-002 0 -1
-3.263469e-002 1.508007e-001 
1
2
0 1 1 3 0 -1
0 2 1 1 0 3
haar_y3
-1.398420e-001 0 -1
-2.431560e-001 2.332045e-002 
1
2
2 0 3 2 0 -1
3 0 1 2 0 3
haar_x3
-1.409839e-001 0 -1
-8.081740e-001 4.972965e-003 
1
2
1 0 2 4 0 -1
1 2 2 2 0 2
haar_y2
-5.182741e-001 0 -1
3.047343e-001 -1.591339e-002 
1
2
1 0 5 6 0 -1
1 3 5 3 0 2
haar_y2
2.521668e-001 0 -1
-1.471954e-001 4.090809e-002 
1
2
4 2 2 2 0 -1
4 3 2 1 0 2
haar_y2
-1.144391e-001 0 -1
2.414964e-001 -1.941380e-002 
1
2
1 3 1 3 0 -1
1 4 1 1 0 3
haar_y3
-2.295946e-002 0 -1
9.623931e-002 -4.712249e-002 
1
2
0 4 1 2 0 -1
0 5 1 1 0 2
haar_y2
5.023356e-002 0 -1
3.405131e-002 -1.442109e-001 
1
2
5 1 1 2 0 -1
5 2 1 1 0 2
haar_y2
-2.659265e-003 0 -1
3.840759e-002 -1.217668e-001 
1
2
3 0 3 6 0 -1
3 3 3 3 0 2
haar_y2
-4.561244e-001 0 -1
-3.709110e-001 1.328915e-002 
1
2
1 0 3 1 0 -1
2 0 1 1 0 3
haar_x3
3.070075e-002 0 -1
2.198869e-002 -2.024936e-001 
1
2
0 0 6 6 0 -1
2 0 2 6 0 3
haar_x3
3.426522e-001 0 -1
-1.167504e-002 4.147429e-001 
1
2
0 2 6 2 0 -1
2 2 2 2 0 3
haar_x3
-1.284999e-001 0 -1
3.390798e-002 -1.782754e-001 
1
2
1 0 1 4 0 -1
1 2 1 2 0 2
haar_y2
3.403314e-001 0 -1
3.772254e-003 -9.568719e-001 
1
3
1 0 2 4 0 -1
1 0 1 2 0 2
2 2 1 2 0 2
haar_x2_y2
5.056688e-002 0 -1
-1.831893e-002 2.402272e-001 
1
2
1 0 2 1 0 -1
2 0 1 1 0 2
haar_x2
1.628451e-003 0 -1
-8.768645e-002 5.630362e-002 
1
2
0 0 6 1 0 -1
2 0 2 1 0 3
haar_x3
-4.554287e-002 0 -1
9.340525e-002 -6.284644e-002 
1
2
3 0 2 2 0 -1
4 0 1 2 0 2
haar_x2
9.415372e-002 0 -1
1.779967e-002 -2.702085e-001 
1
3
3 1 2 2 0 -1
3 1 1 1 0 2
4 2 1 1 0 2
haar_x2_y2
-4.962184e-002 0 -1
2.312214e-001 -2.066416e-002 
1
2
3 2 2 1 0 -1
4 2 1 1 0 2
haar_x2
1.952825e-003 0 -1
-1.306038e-001 4.120651e-002 
1
2
5 4 1 2 0 -1
5 5 1 1 0 2
haar_y2
1.589733e-001 0 -1
5.162550e-003 -7.565005e-001 
1
2
5 4 1 2 0 -1
5 5 1 1 0 2
haar_y2
1.522107e-002 0 -1
-1.018069e-001 4.389157e-002 
1
3
4 3 2 2 0 -1
4 3 1 1 0 2
5 4 1 1 0 2
haar_x2_y2
-8.315278e-002 0 -1
2.293672e-001 -2.194888e-002 
1
2
1 2 3 4 0 -1
1 4 3 2 0 2
haar_y2
9.347230e-001 0 -1
1.505307e-002 -2.903555e-001 
1
2
2 0 4 2 0 -1
2 0 4 1 0 2
tilted_haar_y2
-6.650047e-001 0 -1
-3.255057e-001 1.234822e-002 
1
2
3 4 3 1 0 -1
4 4 1 1 0 3
haar_x3
2.420793e-002 0 -1
4.022677e-002 -1.057592e-001 
1
2
4 4 2 1 0 -1
5 4 1 1 0 2
haar_x2
-1.359949e-003 0 -1
7.883998e-002 -6.077264e-002 
1
2
2 4 4 1 0 -1
3 4 2 1 0 2
haar_x4
-1.439925e-003 0 -1
6.629163e-002 -7.214039e-002 
1
2
2 4 2 1 0 -1
3 4 1 1 0 2
haar_x2
1.698435e-003 0 -1
-6.662852e-002 8.574338e-002 
1
2
2 4 2 1 0 -1
3 4 1 1 0 2
haar_x2
1.606646e-002 0 -1
3.789116e-002 -1.257552e-001 
1
2
3 3 3 2 0 -1
4 3 1 2 0 3
haar_x3
2.331757e-001 0 -1
-1.536733e-002 3.006886e-001 
1
2
2 2 4 1 0 -1
4 2 2 1 0 2
haar_x2
-1.872813e-001 0 -1
-6.327167e-001 7.103042e-003 
1
2
1 4 2 1 0 -1
2 4 1 1 0 2
haar_x2
8.410108e-002 0 -1
3.034798e-003 -1.000309e+000 
1
2
2 3 3 1 0 -1
3 3 1 1 0 3
haar_x3
3.015739e-002 0 -1
-2.661353e-002 1.713898e-001 
1
2
1 1 2 3 0 -1
1 2 2 1 0 3
haar_y3
-3.500281e-001 0 -1
-2.253865e-001 2.206665e-002 
1
3
2 3 2 2 0 -1
2 3 1 1 0 2
3 4 1 1 0 2
haar_x2_y2
-9.119293e-002 0 -1
-4.582727e-001 9.237456e-003 
1
2
0 2 5 2 0 -1
0 3 5 1 0 2
haar_y2
5.635200e-001 0 -1
-1.288981e-002 3.609871e-001 
1
2
3 5 3 1 0 -1
4 5 1 1 0 3
haar_x3
-2.022561e-002 0 -1
-1.313140e-001 3.085421e-002 
1
2
3 4 3 2 0 -1
4 4 1 2 0 3
haar_x3
-2.832116e-001 0 -1
5.473908e-001 -1.029252e-002 
1
2
3 0 3 4 0 -1
3 2 3 2 0 2
haar_y2
4.919944e-001 0 -1
8.871101e-003 -5.134354e-001 
1
3
3 3 2 2 0 -1
3 3 1 1 0 2
4 4 1 1 0 2
haar_x2_y2
-2.869926e-002 0 -1
7.815507e-002 -5.539912e-002 
1
3
3 4 2 2 0 -1
3 4 1 1 0 2
4 5 1 1 0 2
haar_x2_y2
-1.704701e-003 0 -1
6.237373e-002 -6.941694e-002 
1
2
3 3 2 2 0 -1
4 3 1 2 0 2
haar_x2
1.132220e-001 0 -1
3.242741e-002 -1.624027e-001 
1
2
2 3 4 1 0 -1
4 3 2 1 0 2
haar_x2
3.649131e-001 0 -1
-1.478258e-002 3.487131e-001 
1
3
4 0 2 6 0 -1
4 0 1 3 0 2
5 3 1 3 0 2
haar_x2_y2
1.130264e-001 0 -1
2.011415e-002 -2.166895e-001 
1
3
4 0 2 6 0 -1
4 0 1 3 0 2
5 3 1 3 0 2
haar_x2_y2
-1.174875e-001 0 -1
-1.728753e-001 2.533305e-002 
1
2
5 0 1 6 0 -1
5 3 1 3 0 2
haar_y2
-3.551127e-001 0 -1
7.034138e-001 -6.552232e-003 
1
2
0 5 4 1 0 -1
2 5 2 1 0 2
haar_x2
-3.497792e-002 0 -1
9.315120e-002 -4.717067e-002 
1
2
1 0 4 1 0 -1
1 0 2 1 0 2
tilted_haar_x2
3.395604e-001 0 -1
2.600375e-002 -2.045231e-001 
1
2
2 0 1 4 0 -1
2 2 1 2 0 2
haar_y2
-3.143596e-001 0 -1
3.393651e-001 -1.784215e-002 
1
2
0 1 2 3 0 -1
1 1 1 3 0 2
haar_x2
-2.763727e-001 0 -1
3.091929e-001 -1.590043e-002 
1
2
0 0 3 3 0 -1
1 1 1 1 0 9
haar_point
-5.129689e-001 0 -1
-3.665181e-001 1.423962e-002 
1
3
2 2 2 2 0 -1
2 2 1 1 0 2
3 3 1 1 0 2
haar_x2_y2
5.214152e-002 0 -1
-2.431912e-002 1.925001e-001 
1
3
0 2 2 2 0 -1
0 2 1 1 0 2
1 3 1 1 0 2
haar_x2_y2
3.906836e-002 0 -1
-4.029287e-002 1.129133e-001 
1
2
1 2 2 2 0 -1
1 3 2 1 0 2
haar_y2
2.058023e-001 0 -1
2.320086e-002 -2.202393e-001 
1
2
0 0 2 2 0 -1
1 0 1 2 0 2
haar_x2
1.011733e-001 0 -1
6.205103e-003 -6.351969e-001 
1
2
0 2 4 2 0 -1
0 3 4 1 0 2
haar_y2
3.640492e-001 0 -1
-2.491870e-002 1.866137e-001 
1
2
1 2 4 4 0 -1
1 3 4 2 0 2
haar_y4
2.364905e-001 0 -1
3.458938e-002 -1.481283e-001 
1
2
0 2 3 3 0 -1
0 3 3 1 0 3
haar_y3
1.556518e-003 0 -1
-7.149125e-002 6.215611e-002 
1
2
2 5 2 1 0 -1
3 5 1 1 0 2
haar_x2
1.680723e-003 0 -1
-6.492828e-002 7.373314e-002 
1
2
2 5 2 1 0 -1
3 5 1 1 0 2
haar_x2
-1.604258e-003 0 -1
8.637083e-002 -6.166054e-002 
1
2
5 3 1 2 0 -1
5 4 1 1 0 2
haar_y2
5.066966e-002 0 -1
-7.995090e-002 6.080671e-002 
1
2
0 1 3 4 0 -1
0 3 3 2 0 2
haar_y2
7.742828e-001 0 -1
8.072663e-003 -5.993914e-001 
1
3
0 0 2 6 0 -1
0 0 1 3 0 2
1 3 1 3 0 2
haar_x2_y2
9.847333e-002 0 -1
3.079269e-002 -1.545055e-001 
1
3
3 2 2 2 0 -1
3 2 1 1 0 2
4 3 1 1 0 2
haar_x2_y2
4.169002e-002 0 -1
-3.577407e-002 1.161366e-001 
1
2
1 5 3 1 0 -1
2 5 1 1 0 3
haar_x3
-5.952934e-002 0 -1
-2.930003e-001 1.373208e-002 
1
2
4 1 2 1 0 -1
4 1 1 1 0 2
tilted_haar_x2
-3.049036e-001 0 -1
5.978612e-001 -7.207249e-003 
1
2
4 2 1 4 0 -1
4 4 1 2 0 2
haar_y2
2.065179e-002 0 -1
-2.843971e-001 1.568721e-002 
1
2
4 1 2 1 0 -1
4 1 1 1 0 2
tilted_haar_x2
-1.838470e-001 0 -1
2.176922e-001 -2.160239e-002 
1
2
1 0 5 3 0 -1
1 1 5 1 0 3
haar_y3
2.874025e-001 0 -1
-5.090206e-002 9.431588e-002 
1
2
2 0 2 3 0 -1
2 1 2 1 0 3
haar_y3
-1.322960e-001 0 -1
1.567939e-001 -3.052308e-002 
1
2
0 0 6 2 0 -1
0 1 6 1 0 2
haar_y2
-8.355288e-001 0 -1
-6.840513e-001 6.523933e-003 
1
2
2 1 3 3 0 -1
3 2 1 1 0 9
haar_point
-1.144033e+000 0 -1
-7.175184e-001 4.325030e-003 
1
2
2 1 2 2 0 -1
2 2 2 1 0 2
haar_y2
1.048540e-001 0 -1
8.679954e-003 -4.082381e-001 
1
2
1 0 3 1 0 -1
2 1 1 1 0 3
tilted_haar_x3
-1.713299e-001 0 -1
1.737210e-001 -2.398524e-002 
1
2
0 0 2 6 0 -1
0 2 2 2 0 3
haar_y3
3.589062e-001 0 -1
-1.676097e-002 2.713194e-001 
1
3
0 3 6 2 0 -1
0 3 3 1 0 2
3 4 3 1 0 2
haar_x2_y2
3.233947e-001 0 -1
9.952223e-003 -4.001283e-001 
1
3
4 2 2 2 0 -1
4 2 1 1 0 2
5 3 1 1 0 2
haar_x2_y2
6.000572e-003 0 -1
-4.747935e-002 9.408387e-002 
1
3
4 1 2 4 0 -1
4 1 1 2 0 2
5 3 1 2 0 2
haar_x2_y2
-7.465988e-003 0 -1
5.318231e-002 -8.112553e-002 
1
3
2 1 4 4 0 -1
2 1 2 2 0 2
4 3 2 2 0 2
haar_x2_y2
-3.088658e-001 0 -1
-3.001794e-001 1.276486e-002 
1
3
3 2 2 2 0 -1
3 2 1 1 0 2
4 3 1 1 0 2
haar_x2_y2
-4.321336e-002 0 -1
1.612935e-001 -2.779143e-002 
1
2
2 1 2 1 0 -1
3 1 1 1 0 2
haar_x2
1.745316e-003 0 -1
-8.450144e-002 4.940609e-002 
1
2
0 1 4 5 0 -1
1 1 2 5 0 2
haar_x4
2.245412e-001 0 -1
-2.597642e-002 1.948873e-001 
1
3
0 2 6 4 0 -1
0 2 3 2 0 2
3 4 3 2 0 2
haar_x2_y2
8.402206e-001 0 -1
-6.533211e-003 7.000671e-001 
1
2
3 0 1 3 0 -1
2 1 1 1 0 3
tilted_haar_y3
6.451280e-002 0 -1
2.040402e-002 -2.187450e-001 
1
2
0 5 6 1 0 -1
3 5 3 1 0 2
haar_x2
2.129939e-001 0 -1
1.359252e-002 -3.094545e-001 
1
3
0 1 6 4 0 -1
0 1 3 2 0 2
3 3 3 2 0 2
haar_x2_y2
3.940504e-001 0 -1
-1.527018e-002 3.584689e-001 
1
2
2 1 3 3 0 -1
3 2 1 1 0 9
haar_point
6.904209e-001 0 -1
-5.122694e-003 7.151356e-001 
1
2
0 1 4 2 0 -1
1 1 2 2 0 2
haar_x4
-1.184855e-001 0 -1
-1.459229e-001 2.904883e-002 
1
2
1 0 3 3 0 -1
2 0 1 3 0 3
haar_x3
-5.133251e-002 0 -1
8.089557e-002 -7.121769e-002 
1
2
0 0 3 4 0 -1
1 0 1 4 0 3
haar_x3
-9.710863e-002 0 -1
1.225353e-001 -3.483359e-002 
1
2
0 4 4 1 0 -1
1 4 2 1 0 2
haar_x4
1.745823e-003 0 -1
-5.939768e-002 8.075366e-002 
1
2
0 1 1 4 0 -1
0 2 1 2 0 2
haar_y4
-1.822666e-002 0 -1
5.715591e-002 -9.188212e-002 
1
2
2 2 2 1 0 -1
2 2 1 1 0 2
tilted_haar_x2
-1.349332e-001 0 -1
-2.142522e-001 2.225016e-002 
1
3
1 4 2 2 0 -1
1 4 1 1 0 2
2 5 1 1 0 2
haar_x2_y2
-1.807328e-002 0 -1
1.368918e-001 -3.500916e-002 
1
2
1 0 3 1 0 -1
2 0 1 1 0 3
haar_x3
-3.675906e-002 0 -1
-1.545572e-001 2.686902e-002 
1
3
1 2 4 4 0 -1
1 2 2 2 0 2
3 4 2 2 0 2
haar_x2_y2
-2.857710e-001 0 -1
-5.305813e-001 7.355691e-003 
1
2
2 4 4 2 0 -1
4 4 2 2 0 2
haar_x2
4.189289e-002 0 -1
-6.402080e-002 6.512453e-002 
1
2
0 0 4 2 0 -1
1 0 2 2 0 2
haar_x4
9.374100e-002 0 -1
-1.142420e-002 3.430286e-001 
1
2
2 0 3 4 0 -1
3 0 1 4 0 3
haar_x3
-4.255103e-001 0 -1
-5.544194e-001 7.490487e-003 
1
2
0 5 3 1 0 -1
1 5 1 1 0 3
haar_x3
6.289406e-002 0 -1
1.146412e-002 -3.224728e-001 
1
2
2 0 4 1 0 -1
4 0 2 1 0 2
haar_x2
4.499738e-002 0 -1
-6.122327e-002 6.465241e-002 
1
2
2 4 4 2 0 -1
4 4 2 2 0 2
haar_x2
-5.701562e-002 0 -1
1.273660e-001 -3.451000e-002 
1
2
3 4 2 1 0 -1
4 4 1 1 0 2
haar_x2
-3.597210e-002 0 -1
-3.524871e-001 1.230423e-002 
1
2
2 5 3 1 0 -1
3 5 1 1 0 3
haar_x3
6.352004e-002 0 -1
4.824045e-003 -6.946225e-001 
1
2
0 3 4 1 0 -1
2 3 2 1 0 2
haar_x2
1.113245e-001 0 -1
3.239602e-003 -8.855866e-001 
1
2
1 3 4 2 0 -1
2 3 2 2 0 2
haar_x4
7.360565e-002 0 -1
-1.463282e-002 3.199944e-001 
1
2
1 4 3 2 0 -1
2 4 1 2 0 3
haar_x3
-1.230727e-003 0 -1
5.211636e-002 -9.340028e-002 
1
2
1 5 2 1 0 -1
2 5 1 1 0 2
haar_x2
1.588857e-003 0 -1
-5.466047e-002 8.373418e-002 
1
2
2 0 2 5 0 -1
3 0 1 5 0 2
haar_x2
-1.041991e-002 0 -1
7.099305e-002 -6.562959e-002 
1
2
1 1 3 3 0 -1
2 2 1 1 0 9
haar_point
-4.831201e-001 0 -1
9.292097e-002 -4.526456e-002 
1
2
2 1 4 2 0 -1
2 2 4 1 0 2
haar_y2
-5.255712e-001 0 -1
-2.651755e-001 1.688798e-002 
1
2
3 3 2 1 0 -1
4 3 1 1 0 2
haar_x2
-7.187369e-002 0 -1
-5.530679e-001 6.362427e-003 
1
2
3 3 1 2 0 -1
3 3 1 1 0 2
tilted_haar_y2
-3.219254e-001 0 -1
4.247582e-001 -1.024005e-002 
1
2
3 2 2 2 0 -1
3 2 2 1 0 2
tilted_haar_y2
-6.087870e-001 0 -1
-8.972143e-001 5.087073e-003 
1
2
4 1 1 3 0 -1
4 2 1 1 0 3
haar_y3
-1.656113e-001 0 -1
1.102037e-001 -3.502385e-002 
1
2
2 0 4 3 0 -1
4 0 2 3 0 2
haar_x2
-2.433393e-001 0 -1
-4.529379e-001 8.820540e-003 
1
2
0 0 6 5 0 -1
2 0 2 5 0 3
haar_x3
5.879082e-001 0 -1
-6.328327e-003 7.539153e-001 
1
2
2 1 3 1 0 -1
3 1 1 1 0 3
haar_x3
3.499842e-002 0 -1
2.272310e-002 -1.645706e-001 
1
2
0 0 6 2 0 -1
2 0 2 2 0 3
haar_x3
1.137523e-001 0 -1
-3.288431e-002 1.584774e-001 
1
2
1 0 3 2 0 -1
2 0 1 2 0 3
haar_x3
3.665498e-002 0 -1
2.636794e-002 -2.107341e-001 
1
2
2 0 2 1 0 -1
2 0 1 1 0 2
tilted_haar_x2
4.827242e-002 0 -1
6.795429e-002 -5.915538e-002 
1
2
1 0 4 1 0 -1
1 0 2 1 0 2
tilted_haar_x2
-2.450222e-001 0 -1
-2.254687e-001 2.023730e-002 
1
2
1 2 2 4 0 -1
1 3 2 2 0 2
haar_y4
-2.142271e-001 0 -1
-3.563027e-001 1.125472e-002 
1
3
1 0 4 4 0 -1
1 0 2 2 0 2
3 2 2 2 0 2
haar_x2_y2
-4.484126e-001 0 -1
-2.206863e-001 1.926101e-002 
1
2
4 3 1 3 0 -1
4 4 1 1 0 3
haar_y3
-3.129660e-003 0 -1
1.021761e-001 -4.078220e-002 
1
2
3 2 3 2 0 -1
4 2 1 2 0 3
haar_x3
-7.063407e-002 0 -1
1.270529e-001 -3.671817e-002 
1
2
4 2 2 2 0 -1
5 2 1 2 0 2
haar_x2
7.486994e-002 0 -1
4.786977e-002 -1.194168e-001 
1
3
4 3 2 2 0 -1
4 3 1 1 0 2
5 4 1 1 0 2
haar_x2_y2
-4.137580e-002 0 -1
1.345349e-001 -4.055669e-002 
1
2
0 0 1 2 0 -1
0 1 1 1 0 2
haar_y2
5.479030e-002 0 -1
1.982650e-002 -2.042301e-001 
1
3
0 0 2 2 0 -1
0 0 1 1 0 2
1 1 1 1 0 2
haar_x2_y2
-3.880230e-002 0 -1
1.444542e-001 -3.334456e-002 
-8.452079e-001

17
-1
