31
1
2
3 2 8 3 0 -1
3 3 8 1 0 3
haar_y3
-1.657366e-001 0 -1
6.059185e-001 -2.323798e-001 
1
2
9 2 3 2 0 -1
9 2 3 1 0 2
tilted_haar_x2
1.422792e-002 0 -1
1.179699e-001 -3.578041e-001 
1
2
0 2 8 2 0 -1
2 2 4 2 0 2
haar_x4
-1.464830e-002 0 -1
2.416670e-001 -3.199347e-001 
1
2
11 5 3 3 0 -1
11 6 3 1 0 3
haar_y3
3.162832e-002 0 -1
1.176191e-001 -7.768955e-001 
1
2
4 0 7 3 0 -1
4 1 7 1 0 3
haar_y3
4.106665e-002 0 -1
-2.248068e-001 3.093148e-001 
1
2
11 5 4 3 0 -1
11 6 4 1 0 3
haar_y3
-2.624001e-002 0 -1
-6.586519e-001 1.408784e-001 
1
2
4 2 7 2 0 -1
4 3 7 1 0 2
haar_y2
7.331695e-002 0 -1
-1.486051e-001 4.955193e-001 
1
2
12 0 3 3 0 -1
12 1 3 1 0 3
haar_y3
6.122841e-002 0 -1
5.974641e-002 -8.797367e-001 
1
2
1 5 2 3 0 -1
1 6 2 1 0 3
haar_y3
-2.119200e-002 0 -1
-7.403218e-001 5.907394e-002 
1
2
10 5 4 3 0 -1
10 6 4 1 0 3
haar_y3
5.422919e-002 0 -1
3.691240e-003 -5.624463e-001 
1
2
1 5 4 3 0 -1
1 6 4 1 0 3
haar_y3
3.787166e-002 0 -1
8.724070e-002 -6.369901e-001 
1
2
10 0 5 2 0 -1
10 1 5 1 0 2
haar_y2
-5.763309e-004 0 -1
1.358130e-001 -2.644137e-001 
1
2
6 2 2 3 0 -1
6 2 1 3 0 2
tilted_haar_x2
-4.124726e-004 0 -1
1.237613e-001 -3.598130e-001 
1
2
0 6 15 1 0 -1
5 6 5 1 0 3
haar_x3
-1.009842e-001 0 -1
3.682841e-001 -1.300717e-001 
1
3
1 0 12 8 0 -1
1 0 6 4 0 2
7 4 6 4 0 2
haar_x2_y2
-2.916380e-001 0 -1
-7.971213e-001 6.364043e-002 
1
2
6 3 4 3 0 -1
6 4 4 1 0 3
haar_y3
-5.643002e-002 0 -1
5.177663e-001 -9.169776e-002 
1
3
1 4 8 2 0 -1
1 4 4 1 0 2
5 5 4 1 0 2
haar_x2_y2
-4.104801e-002 0 -1
4.580889e-001 -1.064944e-001 
1
2
13 1 2 3 0 -1
13 2 2 1 0 3
haar_y3
3.423928e-002 0 -1
6.103940e-002 -7.812738e-001 
1
2
6 2 3 3 0 -1
6 3 3 1 0 3
haar_y3
-2.125387e-002 0 -1
2.539778e-001 -2.006273e-001 
1
2
13 1 2 3 0 -1
13 2 2 1 0 3
haar_y3
-1.259303e-002 0 -1
-2.305875e-001 7.049727e-002 
1
2
0 1 2 3 0 -1
0 2 2 1 0 3
haar_y3
2.133329e-002 0 -1
7.900790e-002 -6.394822e-001 
1
2
14 0 1 3 0 -1
14 1 1 1 0 3
haar_y3
-1.683960e-002 0 -1
-4.587051e-001 3.383576e-002 
1
2
0 0 1 3 0 -1
0 1 1 1 0 3
haar_y3
8.963160e-003 0 -1
8.244076e-002 -5.240517e-001 
1
3
9 2 6 2 0 -1
12 2 3 1 0 2
9 3 3 1 0 2
haar_x2_y2
2.838929e-002 0 -1
-9.425010e-002 3.785020e-001 
1
3
0 4 8 4 0 -1
0 4 4 2 0 2
4 6 4 2 0 2
haar_x2_y2
9.706541e-002 0 -1
-7.122967e-002 5.195253e-001 
1
2
9 2 3 6 0 -1
9 4 3 2 0 3
haar_y3
1.170106e-002 0 -1
-1.873706e-001 1.269092e-001 
1
2
1 6 1 2 0 -1
1 7 1 1 0 2
haar_y2
-9.144150e-003 0 -1
-5.756105e-001 6.731537e-002 
1
2
9 1 1 3 0 -1
9 2 1 1 0 3
haar_y3
2.319756e-002 0 -1
-5.914826e-002 4.656205e-001 
1
2
3 1 8 1 0 -1
7 1 4 1 0 2
haar_x2
-5.986151e-002 0 -1
-7.666350e-001 4.710640e-002 
1
2
6 3 8 5 0 -1
8 3 4 5 0 2
haar_x4
-2.373674e-001 0 -1
4.299982e-001 -4.652796e-002 
1
3
1 2 12 6 0 -1
1 2 6 3 0 2
7 5 6 3 0 2
haar_x2_y2
-2.393959e-001 0 -1
-7.746565e-001 4.391605e-002 
-1.288083e+000

2
-1
