17
1
2
3 2 1 4 0 -1
3 4 1 2 0 2
haar_y2
7.052986e-002 0 -1
-8.489906e-001 6.210862e-001 
1
2
0 0 6 6 0 -1
2 2 2 2 0 9
haar_point
-1.670713e+000 0 -1
5.016754e-001 -7.043076e-001 
1
2
5 2 1 4 0 -1
5 4 1 2 0 2
haar_y2
1.763308e-003 0 -1
-6.988433e-001 3.118970e-001 
1
2
0 2 1 4 0 -1
0 4 1 2 0 2
haar_y2
2.005954e-003 0 -1
-7.283458e-001 3.045818e-001 
1
3
1 0 2 4 0 -1
1 0 1 2 0 2
2 2 1 2 0 2
haar_x2_y2
-2.210068e-003 0 -1
3.317540e-001 -6.837330e-001 
1
2
0 2 6 4 0 -1
0 3 6 2 0 2
haar_y4
1.467342e-003 0 -1
-4.336897e-001 4.200731e-001 
1
2
3 4 3 2 0 -1
3 5 3 1 0 2
haar_y2
1.126265e-003 0 -1
-7.037336e-001 3.235978e-001 
1
2
1 1 1 2 0 -1
1 2 1 1 0 2
haar_y2
-9.364543e-003 0 -1
4.488967e-001 -5.844269e-001 
1
2
2 3 3 3 0 -1
3 3 1 3 0 3
haar_x3
-4.201821e-003 0 -1
4.886391e-001 -5.256368e-001 
1
2
0 0 6 6 0 -1
0 2 6 2 0 3
haar_y3
1.647602e-002 0 -1
-2.674826e-001 6.593632e-001 
1
2
2 0 2 1 0 -1
2 0 1 1 0 2
tilted_haar_x2
1.490993e-003 0 -1
-5.204942e-001 3.033418e-001 
1
2
4 3 1 2 0 -1
4 4 1 1 0 2
haar_y2
1.587578e-003 0 -1
-6.082336e-001 2.580201e-001 
1
2
1 2 4 2 0 -1
3 2 2 2 0 2
haar_x2
2.061609e-001 0 -1
-4.650857e-001 7.495949e-001 
1
2
3 2 3 4 0 -1
3 4 3 2 0 2
haar_y2
4.774799e-003 0 -1
-8.303559e-001 3.559156e-001 
1
2
3 2 1 2 0 -1
3 3 1 1 0 2
haar_y2
1.564397e-003 0 -1
-8.229899e-001 3.488386e-001 
1
2
3 2 1 2 0 -1
3 3 1 1 0 2
haar_y2
-1.200772e-003 0 -1
8.249692e-001 -7.961866e-001 
1
2
3 2 1 2 0 -1
3 3 1 1 0 2
haar_y2
8.019455e-004 0 -1
-7.095628e-001 7.025042e-001 
-2.577060e+000

-1
-1
