320
1
2
1 2 4 4 0 -1
2 2 2 4 0 2
haar_x4
-1.984328e-001 0 -1
1.189391e-001 -1.473449e-001 
1
3
3 3 2 2 0 -1
3 3 1 1 0 2
4 4 1 1 0 2
haar_x2_y2
-8.409032e-002 0 -1
1.933992e-001 -4.627888e-002 
1
2
1 0 5 6 0 -1
1 3 5 3 0 2
haar_y2
3.637242e-001 0 -1
-1.186668e-001 6.912010e-002 
1
2
0 0 6 3 0 -1
0 1 6 1 0 3
haar_y3
4.645066e-001 0 -1
-6.186064e-002 1.717415e-001 
1
2
3 0 2 4 0 -1
3 2 2 2 0 2
haar_y2
-5.414648e-001 0 -1
2.815205e-001 8.419978e-003 
1
2
1 1 3 5 0 -1
2 1 1 5 0 3
haar_x3
2.792231e-001 0 -1
-3.784868e-002 5.212600e-001 
1
2
2 2 3 1 0 -1
3 2 1 1 0 3
haar_x3
4.443180e-002 0 -1
-3.122323e-002 2.805444e-001 
1
3
1 3 2 2 0 -1
1 3 1 1 0 2
2 4 1 1 0 2
haar_x2_y2
7.399049e-002 0 -1
-5.004679e-002 1.324770e-001 
1
2
2 5 3 1 0 -1
3 5 1 1 0 3
haar_x3
3.817426e-002 0 -1
1.758248e-002 -3.613637e-001 
1
2
4 1 1 4 0 -1
4 3 1 2 0 2
haar_y2
4.096657e-002 0 -1
-9.218594e-002 6.055522e-002 
1
2
0 3 3 1 0 -1
1 3 1 1 0 3
haar_x3
-2.768314e-002 0 -1
1.790241e-001 -1.647857e-002 
1
2
0 3 2 1 0 -1
1 3 1 1 0 2
haar_x2
6.382227e-003 0 -1
-7.431771e-002 8.778630e-002 
1
2
1 1 1 3 0 -1
1 2 1 1 0 3
haar_y3
-1.118646e-001 0 -1
1.028732e-001 -6.336511e-002 
1
2
1 1 3 1 0 -1
2 1 1 1 0 3
haar_x3
5.058426e-002 0 -1
3.251425e-002 -2.836058e-001 
1
2
1 2 2 4 0 -1
1 3 2 2 0 2
haar_y4
9.797968e-002 0 -1
2.704572e-002 -1.507928e-001 
1
3
2 4 2 2 0 -1
2 4 1 1 0 2
3 5 1 1 0 2
haar_x2_y2
-2.184370e-002 0 -1
-1.582016e-001 4.942527e-002 
1
3
3 2 2 2 0 -1
3 2 1 1 0 2
4 3 1 1 0 2
haar_x2_y2
-1.010624e-001 0 -1
4.164532e-001 -1.123303e-002 
1
2
1 2 1 2 0 -1
1 3 1 1 0 2
haar_y2
-5.914595e-002 0 -1
2.567806e-001 -1.750226e-002 
1
2
3 0 1 3 0 -1
2 1 1 1 0 3
tilted_haar_y3
7.463990e-002 0 -1
2.880578e-002 -1.940671e-001 
1
2
1 1 4 4 0 -1
3 1 2 4 0 2
haar_x2
-4.229071e-001 0 -1
1.787540e-001 -3.384295e-002 
1
2
1 5 4 1 0 -1
2 5 2 1 0 2
haar_x4
-4.006396e-002 0 -1
-1.644853e-001 2.539540e-002 
1
2
4 3 2 1 0 -1
5 3 1 1 0 2
haar_x2
1.914402e-001 0 -1
-1.500513e-002 4.009889e-001 
1
2
0 0 3 2 0 -1
1 0 1 2 0 3
haar_x3
7.657665e-002 0 -1
1.594755e-002 -2.344551e-001 
1
2
0 0 3 2 0 -1
1 0 1 2 0 3
haar_x3
-8.341098e-002 0 -1
-1.841601e-001 2.354587e-002 
1
2
4 3 2 1 0 -1
5 3 1 1 0 2
haar_x2
-1.559861e-003 0 -1
7.784864e-002 -5.652089e-002 
1
2
0 0 6 1 0 -1
2 0 2 1 0 3
haar_x3
-2.792325e-001 0 -1
3.085709e-001 -1.513955e-002 
1
2
2 0 3 1 0 -1
3 0 1 1 0 3
haar_x3
-5.261368e-002 0 -1
-2.815704e-001 1.875758e-002 
1
2
1 4 1 2 0 -1
1 5 1 1 0 2
haar_y2
1.489312e-001 0 -1
-6.945087e-003 6.126503e-001 
1
3
4 2 2 2 0 -1
4 2 1 1 0 2
5 3 1 1 0 2
haar_x2_y2
1.229760e-003 0 -1
-4.533376e-002 7.473263e-002 
1
3
4 1 2 4 0 -1
4 1 1 2 0 2
5 3 1 2 0 2
haar_x2_y2
4.048445e-002 0 -1
3.226614e-002 -1.171274e-001 
1
3
4 2 2 2 0 -1
4 2 1 1 0 2
5 3 1 1 0 2
haar_x2_y2
5.220465e-002 0 -1
-2.529685e-002 1.574116e-001 
1
2
3 1 1 3 0 -1
3 2 1 1 0 3
haar_y3
-2.745366e-002 0 -1
3.583943e-002 -1.184355e-001 
1
2
1 2 3 3 0 -1
2 3 1 1 0 9
haar_point
-3.800365e-001 0 -1
8.251589e-002 -5.251070e-002 
1
2
0 0 6 4 0 -1
0 2 6 2 0 2
haar_y2
-7.361494e-001 0 -1
-9.298473e-002 4.896771e-002 
1
2
4 0 1 3 0 -1
4 1 1 1 0 3
haar_y3
8.710922e-002 0 -1
-3.954748e-002 1.185370e-001 
1
2
1 0 4 2 0 -1
3 0 2 2 0 2
haar_x2
-2.292529e-001 0 -1
1.924213e-001 -2.335491e-002 
1
2
3 5 3 1 0 -1
4 5 1 1 0 3
haar_x3
-2.438477e-002 0 -1
-1.354756e-001 2.998842e-002 
1
2
4 5 2 1 0 -1
5 5 1 1 0 2
haar_x2
1.500038e-003 0 -1
-8.418722e-002 7.537486e-002 
1
2
4 5 2 1 0 -1
5 5 1 1 0 2
haar_x2
-1.329321e-003 0 -1
8.944740e-002 -5.617238e-002 
1
2
3 5 3 1 0 -1
4 5 1 1 0 3
haar_x3
-1.474452e-003 0 -1
6.082954e-002 -6.390931e-002 
1
2
2 2 1 2 0 -1
2 3 1 1 0 2
haar_y2
1.641810e-003 0 -1
-9.186330e-002 4.420275e-002 
1
2
4 0 2 4 0 -1
4 0 2 2 0 2
tilted_haar_y2
3.392779e-001 0 -1
-1.532062e-002 3.134103e-001 
1
2
1 4 2 1 0 -1
2 4 1 1 0 2
haar_x2
-1.122886e-001 0 -1
3.477782e-001 -1.231199e-002 
1
2
0 2 1 4 0 -1
0 4 1 2 0 2
haar_y2
1.065127e-001 0 -1
-7.299566e-002 5.167703e-002 
1
3
0 3 4 2 0 -1
0 3 2 1 0 2
2 4 2 1 0 2
haar_x2_y2
1.326968e-002 0 -1
-1.271485e-001 3.998259e-002 
1
2
1 0 3 5 0 -1
2 0 1 5 0 3
haar_x3
4.324033e-002 0 -1
-3.101897e-002 1.443703e-001 
1
2
1 4 3 2 0 -1
2 4 1 2 0 3
haar_x3
3.035727e-002 0 -1
3.063948e-002 -1.454816e-001 
1
2
2 0 3 2 0 -1
3 0 1 2 0 3
haar_x3
3.845273e-002 0 -1
2.538555e-002 -1.313435e-001 
1
2
5 0 1 4 0 -1
5 0 1 2 0 2
tilted_haar_y2
-3.312805e-001 0 -1
-1.987556e-001 2.037045e-002 
1
2
2 0 2 6 0 -1
2 3 2 3 0 2
haar_y2
7.144970e-001 0 -1
-1.248522e-002 3.492627e-001 
1
2
3 1 2 3 0 -1
2 2 2 1 0 3
tilted_haar_y3
3.943630e-001 0 -1
-1.777811e-002 2.386851e-001 
1
2
4 0 2 1 0 -1
5 0 1 1 0 2
haar_x2
-1.296900e-003 0 -1
6.027210e-002 -5.493813e-002 
1
2
3 0 3 1 0 -1
4 0 1 1 0 3
haar_x3
2.122993e-002 0 -1
3.055706e-002 -1.340670e-001 
1
2
1 0 4 1 0 -1
3 0 2 1 0 2
haar_x2
6.659697e-002 0 -1
-4.049252e-002 1.304484e-001 
1
2
2 5 3 1 0 -1
3 5 1 1 0 3
haar_x3
6.050532e-003 0 -1
4.033003e-002 -9.266488e-002 
1
2
1 0 5 3 0 -1
1 1 5 1 0 3
haar_y3
-5.354186e-001 0 -1
2.267088e-001 -1.487070e-002 
1
2
3 0 1 4 0 -1
3 1 1 2 0 2
haar_y4
-1.211738e-001 0 -1
-1.022681e-001 3.334610e-002 
1
2
2 0 4 1 0 -1
3 1 2 1 0 2
tilted_haar_x4
-3.826616e-001 0 -1
1.179278e-001 -3.779317e-002 
1
2
2 2 3 3 0 -1
3 3 1 1 0 9
haar_point
2.032264e-001 0 -1
-1.912495e-002 2.415572e-001 
1
2
3 1 3 5 0 -1
4 1 1 5 0 3
haar_x3
6.292161e-001 0 -1
3.839625e-003 -8.743535e-001 
1
2
0 5 6 1 0 -1
2 5 2 1 0 3
haar_x3
8.699127e-002 0 -1
-2.037266e-002 1.677003e-001 
1
3
1 2 2 2 0 -1
1 2 1 1 0 2
2 3 1 1 0 2
haar_x2_y2
-1.592341e-003 0 -1
4.459883e-002 -6.510887e-002 
1
2
4 1 1 3 0 -1
4 2 1 1 0 3
haar_y3
-2.920619e-001 0 -1
-7.001742e-001 4.261318e-003 
1
3
1 2 2 2 0 -1
1 2 1 1 0 2
2 3 1 1 0 2
haar_x2_y2
5.296730e-002 0 -1
-2.083766e-002 1.446573e-001 
1
2
0 1 3 3 0 -1
1 2 1 1 0 9
haar_point
2.290466e-001 0 -1
1.910787e-002 -1.466040e-001 
1
2
2 1 4 1 0 -1
2 1 2 1 0 2
tilted_haar_x2
-4.853992e-001 0 -1
-1.736638e-001 1.809175e-002 
1
2
3 5 2 1 0 -1
4 5 1 1 0 2
haar_x2
-1.642998e-002 0 -1
-1.218030e-001 2.318463e-002 
1
2
0 0 1 6 0 -1
0 3 1 3 0 2
haar_y2
8.412062e-002 0 -1
-6.022689e-002 4.914391e-002 
1
2
1 5 4 1 0 -1
2 5 2 1 0 2
haar_x4
1.459519e-003 0 -1
-4.839269e-002 7.314709e-002 
1
2
1 5 3 1 0 -1
2 5 1 1 0 3
haar_x3
-1.818408e-003 0 -1
5.852762e-002 -5.728787e-002 
1
2
1 5 3 1 0 -1
2 5 1 1 0 3
haar_x3
-1.039107e-002 0 -1
-8.052344e-002 4.264378e-002 
1
2
0 0 6 3 0 -1
3 0 3 3 0 2
haar_x2
-3.080428e-001 0 -1
9.017357e-002 -3.570199e-002 
1
2
0 0 6 5 0 -1
3 0 3 5 0 2
haar_x2
5.770252e-001 0 -1
-2.588519e-002 1.500567e-001 
1
2
5 4 1 2 0 -1
5 5 1 1 0 2
haar_y2
2.330112e-003 0 -1
-9.465623e-002 3.050764e-002 
1
2
1 4 5 2 0 -1
1 5 5 1 0 2
haar_y2
-5.076737e-003 0 -1
1.409740e-001 -2.484603e-002 
1
2
1 2 4 4 0 -1
1 3 4 2 0 2
haar_y4
2.991605e-001 0 -1
1.401075e-002 -2.373451e-001 
1
2
4 1 1 3 0 -1
4 2 1 1 0 3
haar_y3
-1.284023e-001 0 -1
8.234481e-002 -3.538241e-002 
1
2
1 1 5 3 0 -1
1 2 5 1 0 3
haar_y3
2.087260e-001 0 -1
-1.113421e-002 2.975138e-001 
1
2
1 0 3 1 0 -1
2 0 1 1 0 3
haar_x3
6.139082e-002 0 -1
1.001906e-002 -2.926405e-001 
1
2
0 0 6 2 0 -1
3 0 3 2 0 2
haar_x2
-2.662374e-002 0 -1
5.401044e-002 -5.634259e-002 
1
2
2 0 4 6 0 -1
4 0 2 6 0 2
haar_x2
2.272638e-001 0 -1
-6.338423e-002 6.066911e-002 
1
2
5 1 1 2 0 -1
5 2 1 1 0 2
haar_y2
4.111375e-002 0 -1
2.001940e-002 -1.662755e-001 
1
2
0 0 6 1 0 -1
2 0 2 1 0 3
haar_x3
4.171097e-001 0 -1
-5.707815e-003 5.964981e-001 
1
2
1 3 3 2 0 -1
2 3 1 2 0 3
haar_x3
-3.315280e-001 0 -1
-6.032284e-001 5.521928e-003 
1
2
1 3 2 1 0 -1
2 3 1 1 0 2
haar_x2
-1.951027e-001 0 -1
4.842847e-001 -8.455648e-003 
1
2
1 1 4 1 0 -1
3 1 2 1 0 2
haar_x2
-3.094401e-001 0 -1
7.947018e-001 -2.977562e-003 
1
2
3 0 3 2 0 -1
4 0 1 2 0 3
haar_x3
1.254293e-001 0 -1
6.822941e-003 -4.438437e-001 
1
2
0 1 5 4 0 -1
0 3 5 2 0 2
haar_y2
-7.287812e-001 0 -1
-5.503252e-001 4.349500e-003 
1
2
5 2 1 2 0 -1
5 3 1 1 0 2
haar_y2
-3.027576e-002 0 -1
1.308116e-001 -2.235617e-002 
1
2
3 1 3 4 0 -1
3 3 3 2 0 2
haar_y2
4.280087e-001 0 -1
-3.735567e-002 1.048451e-001 
1
2
3 3 3 3 0 -1
4 4 1 1 0 9
haar_point
-4.502070e-002 0 -1
9.591053e-002 -3.359090e-002 
1
2
1 0 5 4 0 -1
1 1 5 2 0 2
haar_y4
-9.161105e-001 0 -1
-3.403583e-001 8.905713e-003 
1
3
0 0 2 2 0 -1
0 0 1 1 0 2
1 1 1 1 0 2
haar_x2_y2
9.229676e-003 0 -1
3.488066e-002 -8.272351e-002 
1
2
2 0 1 2 0 -1
2 1 1 1 0 2
haar_y2
1.671312e-003 0 -1
-4.245606e-002 8.550889e-002 
1
2
3 0 2 2 0 -1
3 1 2 1 0 2
haar_y2
-2.775852e-001 0 -1
2.759964e-001 -1.238337e-002 
1
2
4 2 2 1 0 -1
5 2 1 1 0 2
haar_x2
7.213001e-002 0 -1
2.038241e-002 -1.404034e-001 
1
2
3 1 3 3 0 -1
4 1 1 3 0 3
haar_x3
-1.226868e-001 0 -1
1.476230e-001 -2.482668e-002 
1
3
2 2 4 4 0 -1
2 2 2 2 0 2
4 4 2 2 0 2
haar_x2_y2
4.037901e-002 0 -1
2.650122e-002 -1.550483e-001 
1
3
0 0 6 4 0 -1
0 0 3 2 0 2
3 2 3 2 0 2
haar_x2_y2
-3.631520e-001 0 -1
1.061486e-001 -3.133909e-002 
1
2
2 2 3 4 0 -1
2 3 3 2 0 2
haar_y4
-1.036875e-001 0 -1
-8.889754e-002 3.451947e-002 
1
2
2 1 2 4 0 -1
2 3 2 2 0 2
haar_y2
-1.912344e-001 0 -1
2.106484e-001 -2.148775e-002 
1
2
2 0 1 4 0 -1
2 1 1 2 0 2
haar_y4
9.810393e-002 0 -1
1.399379e-002 -2.107619e-001 
1
2
0 2 2 2 0 -1
0 3 2 1 0 2
haar_y2
-1.410235e-001 0 -1
2.543865e-001 -1.206726e-002 
1
2
2 3 3 1 0 -1
3 3 1 1 0 3
haar_x3
-3.294946e-001 0 -1
-1.000000e+000 2.562145e-003 
1
2
3 3 2 1 0 -1
4 3 1 1 0 2
haar_x2
1.752318e-001 0 -1
-1.180978e-002 3.154648e-001 
1
2
1 2 2 1 0 -1
1 2 1 1 0 2
tilted_haar_x2
-1.236748e-001 0 -1
1.005699e-001 -3.129014e-002 
1
2
3 1 2 3 0 -1
2 2 2 1 0 3
tilted_haar_y3
-4.359147e-001 0 -1
1.789857e-001 -1.865898e-002 
1
2
1 3 4 2 0 -1
2 3 2 2 0 2
haar_x4
-4.844296e-001 0 -1
-8.015826e-001 4.232040e-003 
1
2
2 0 3 1 0 -1
3 0 1 1 0 3
haar_x3
6.586511e-002 0 -1
9.244305e-003 -3.083661e-001 
1
2
0 3 1 3 0 -1
0 4 1 1 0 3
haar_y3
1.534718e-001 0 -1
7.984564e-003 -3.660652e-001 
1
2
5 1 1 3 0 -1
4 2 1 1 0 3
tilted_haar_y3
-1.793216e-002 0 -1
1.593862e-002 -1.769185e-001 
1
2
2 1 3 3 0 -1
3 2 1 1 0 9
haar_point
4.149864e-001 0 -1
-1.132611e-002 3.929381e-001 
1
3
0 3 2 2 0 -1
0 3 1 1 0 2
1 4 1 1 0 2
haar_x2_y2
-2.737762e-001 0 -1
1.000000e+000 -2.466233e-003 
1
2
5 3 1 3 0 -1
5 4 1 1 0 3
haar_y3
1.256125e-003 0 -1
-6.580541e-002 4.476278e-002 
1
2
1 3 4 1 0 -1
3 3 2 1 0 2
haar_x2
3.396404e-001 0 -1
-3.335482e-003 8.912841e-001 
1
2
1 5 3 1 0 -1
2 5 1 1 0 3
haar_x3
3.573137e-002 0 -1
1.261448e-002 -2.207716e-001 
1
2
1 2 3 4 0 -1
2 2 1 4 0 3
haar_x3
4.297165e-001 0 -1
-4.949696e-003 5.810611e-001 
1
2
1 1 3 2 0 -1
1 2 3 1 0 2
haar_y2
2.296418e-001 0 -1
5.484800e-003 -5.676163e-001 
1
2
1 1 3 3 0 -1
2 2 1 1 0 9
haar_point
5.898740e-001 0 -1
-5.565296e-003 5.804055e-001 
1
2
0 2 6 1 0 -1
2 2 2 1 0 3
haar_x3
-4.837684e-002 0 -1
2.277114e-002 -1.308440e-001 
1
2
2 0 3 4 0 -1
3 0 1 4 0 3
haar_x3
-4.287633e-001 0 -1
-5.180424e-001 5.100691e-003 
1
2
1 2 3 4 0 -1
2 2 1 4 0 3
haar_x3
7.487751e-002 0 -1
-1.974515e-002 1.379870e-001 
1
2
1 3 3 2 0 -1
2 3 1 2 0 3
haar_x3
-6.594408e-002 0 -1
6.272913e-002 -5.572834e-002 
1
2
2 1 2 2 0 -1
2 1 2 1 0 2
tilted_haar_y2
-3.128556e-001 0 -1
-9.661678e-002 3.110578e-002 
1
2
0 0 4 3 0 -1
0 1 4 1 0 3
haar_y3
-3.439314e-001 0 -1
1.837266e-001 -1.952641e-002 
1
2
0 0 3 1 0 -1
1 0 1 1 0 3
haar_x3
-1.595130e-003 0 -1
5.172965e-002 -5.443418e-002 
1
3
0 2 2 4 0 -1
0 2 1 2 0 2
1 4 1 2 0 2
haar_x2_y2
-1.957898e-001 0 -1
-3.360159e-001 8.224223e-003 
1
2
2 1 4 2 0 -1
4 1 2 2 0 2
haar_x2
6.313719e-001 0 -1
-7.222705e-003 3.900751e-001 
1
2
2 2 4 3 0 -1
3 2 2 3 0 2
haar_x4
-4.517563e-001 0 -1
-2.779587e-001 1.399752e-002 
1
3
1 4 4 2 0 -1
1 4 2 1 0 2
3 5 2 1 0 2
haar_x2_y2
2.302993e-002 0 -1
-4.731985e-002 6.847230e-002 
1
3
2 0 4 6 0 -1
2 0 2 3 0 2
4 3 2 3 0 2
haar_x2_y2
-3.437496e-001 0 -1
-2.567293e-001 1.238946e-002 
1
2
0 3 3 3 0 -1
1 4 1 1 0 9
haar_point
-1.719654e-001 0 -1
1.435474e-001 -2.104638e-002 
1
2
0 5 3 1 0 -1
1 5 1 1 0 3
haar_x3
-5.057130e-002 0 -1
-2.021347e-001 1.444046e-002 
1
2
0 5 4 1 0 -1
1 5 2 1 0 2
haar_x4
-1.636896e-001 0 -1
4.077585e-001 -8.439410e-003 
1
2
0 3 3 3 0 -1
0 4 3 1 0 3
haar_y3
-3.229098e-001 0 -1
-5.211913e-001 5.975246e-003 
1
3
4 3 2 2 0 -1
4 3 1 1 0 2
5 4 1 1 0 2
haar_x2_y2
-8.363162e-002 0 -1
1.651931e-001 -1.771815e-002 
1
3
4 1 2 4 0 -1
4 1 1 2 0 2
5 3 1 2 0 2
haar_x2_y2
-1.351152e-003 0 -1
4.456093e-002 -6.469193e-002 
1
2
4 1 2 1 0 -1
5 1 1 1 0 2
haar_x2
-1.377692e-003 0 -1
7.207358e-002 -3.956497e-002 
1
2
4 1 1 4 0 -1
4 1 1 2 0 2
tilted_haar_y2
-3.812817e-001 0 -1
4.577566e-002 -5.938192e-002 
1
2
0 4 1 2 0 -1
0 5 1 1 0 2
haar_y2
1.997966e-002 0 -1
-5.897330e-002 5.053905e-002 
1
2
0 4 1 2 0 -1
0 5 1 1 0 2
haar_y2
6.059996e-002 0 -1
2.595822e-002 -1.288270e-001 
1
2
1 0 4 6 0 -1
1 2 4 2 0 3
haar_y3
4.154887e-001 0 -1
-6.509670e-003 4.522553e-001 
1
2
3 0 2 2 0 -1
3 0 2 1 0 2
tilted_haar_y2
-4.069353e-001 0 -1
-6.897600e-001 4.564352e-003 
1
2
1 4 2 1 0 -1
2 4 1 1 0 2
haar_x2
8.203905e-004 0 -1
-3.836814e-002 7.891861e-002 
1
2
1 4 2 1 0 -1
2 4 1 1 0 2
haar_x2
4.260090e-002 0 -1
7.964236e-003 -3.809855e-001 
1
2
3 4 2 1 0 -1
4 4 1 1 0 2
haar_x2
1.694480e-001 0 -1
-6.593008e-003 5.107352e-001 
1
2
0 1 3 2 0 -1
1 1 1 2 0 3
haar_x3
1.779959e-001 0 -1
-1.350064e-002 2.090201e-001 
1
2
0 1 6 2 0 -1
0 2 6 1 0 2
haar_y2
-2.668984e-001 0 -1
5.281603e-002 -5.952391e-002 
1
3
0 2 2 2 0 -1
0 2 1 1 0 2
1 3 1 1 0 2
haar_x2_y2
5.968315e-002 0 -1
-2.708263e-002 1.001608e-001 
1
3
0 0 2 6 0 -1
0 0 1 3 0 2
1 3 1 3 0 2
haar_x2_y2
1.509703e-001 0 -1
1.909884e-002 -1.599998e-001 
1
2
0 0 3 3 0 -1
1 1 1 1 0 9
haar_point
-4.621863e-002 0 -1
7.612527e-002 -4.762860e-002 
1
2
2 0 3 4 0 -1
2 1 3 2 0 2
haar_y4
-4.435688e-001 0 -1
-1.375883e-001 2.026810e-002 
1
2
3 0 2 3 0 -1
3 1 2 1 0 3
haar_y3
-1.200128e-001 0 -1
1.094617e-001 -2.714062e-002 
1
2
0 0 6 3 0 -1
0 1 6 1 0 3
haar_y3
1.025850e-001 0 -1
-6.198649e-002 4.944776e-002 
1
2
2 1 3 3 0 -1
3 1 1 3 0 3
haar_x3
-1.653098e-001 0 -1
7.859838e-002 -3.959725e-002 
1
2
0 2 4 2 0 -1
0 3 4 1 0 2
haar_y2
4.402442e-001 0 -1
-7.293177e-003 4.267667e-001 
1
3
4 1 2 4 0 -1
4 1 1 2 0 2
5 3 1 2 0 2
haar_x2_y2
4.101562e-001 0 -1
-4.976648e-003 5.400185e-001 
1
2
0 1 2 2 0 -1
1 1 1 2 0 2
haar_x2
2.136622e-002 0 -1
2.306345e-002 -1.181917e-001 
1
2
1 5 3 1 0 -1
2 5 1 1 0 3
haar_x3
-2.663223e-002 0 -1
-1.365037e-001 2.245991e-002 
1
2
1 4 4 1 0 -1
3 4 2 1 0 2
haar_x2
-2.239786e-001 0 -1
4.385142e-001 -6.292169e-003 
1
2
0 0 4 3 0 -1
2 0 2 3 0 2
haar_x2
-1.252368e+000 0 -1
-6.051037e-001 4.401614e-003 
1
2
1 0 4 1 0 -1
2 1 2 1 0 2
tilted_haar_x4
-4.200383e-001 0 -1
2.208107e-001 -1.338272e-002 
1
2
0 1 3 3 0 -1
0 2 3 1 0 3
haar_y3
-5.085888e-001 0 -1
-1.990559e-001 1.590904e-002 
1
3
3 3 2 2 0 -1
3 3 1 1 0 2
4 4 1 1 0 2
haar_x2_y2
1.218761e-001 0 -1
3.771704e-003 -6.077285e-001 
1
3
0 4 4 2 0 -1
0 4 2 1 0 2
2 5 2 1 0 2
haar_x2_y2
2.923697e-001 0 -1
-6.077060e-003 4.791667e-001 
1
2
3 0 3 3 0 -1
2 1 3 1 0 3
tilted_haar_y3
-8.800927e-001 0 -1
-2.591420e-001 1.133540e-002 
1
2
4 1 1 3 0 -1
3 2 1 1 0 3
tilted_haar_y3
-3.221670e-001 0 -1
1.014407e-001 -3.102128e-002 
1
3
0 2 2 2 0 -1
0 2 1 1 0 2
1 3 1 1 0 2
haar_x2_y2
-2.448557e-002 0 -1
9.736364e-002 -2.780502e-002 
1
2
0 2 6 2 0 -1
2 2 2 2 0 3
haar_x3
-4.602728e-001 0 -1
-5.959279e-002 4.760315e-002 
1
2
1 1 4 3 0 -1
2 1 2 3 0 2
haar_x4
-3.172195e-001 0 -1
1.051174e-001 -3.025620e-002 
1
2
3 2 3 1 0 -1
4 2 1 1 0 3
haar_x3
9.459237e-003 0 -1
4.638568e-002 -6.009961e-002 
1
3
2 1 4 2 0 -1
2 1 2 1 0 2
4 2 2 1 0 2
haar_x2_y2
1.601527e-001 0 -1
-2.827578e-002 1.004526e-001 
1
2
4 1 2 1 0 -1
5 1 1 1 0 2
haar_x2
1.435957e-003 0 -1
-6.240146e-002 4.546342e-002 
1
2
4 1 2 2 0 -1
5 1 1 2 0 2
haar_x2
4.593906e-002 0 -1
5.074941e-002 -8.578859e-002 
1
2
4 2 1 4 0 -1
4 4 1 2 0 2
haar_y2
8.247993e-002 0 -1
-1.062199e-001 2.686145e-002 
1
2
2 1 4 1 0 -1
2 1 2 1 0 2
tilted_haar_x2
3.585147e-001 0 -1
-5.036161e-003 5.543503e-001 
1
2
1 1 3 1 0 -1
2 1 1 1 0 3
haar_x3
-1.063083e-003 0 -1
4.446628e-002 -5.433866e-002 
1
2
1 1 3 1 0 -1
2 1 1 1 0 3
haar_x3
-6.669267e-002 0 -1
-1.987671e-001 1.463704e-002 
1
2
0 0 6 1 0 -1
2 0 2 1 0 3
haar_x3
-1.460157e-001 0 -1
1.392517e-001 -2.136687e-002 
1
2
3 0 1 2 0 -1
3 0 1 1 0 2
tilted_haar_y2
1.732184e-001 0 -1
-1.786887e-002 1.622636e-001 
1
2
0 0 1 2 0 -1
0 1 1 1 0 2
haar_y2
-8.058816e-002 0 -1
-1.568200e-001 1.759349e-002 
1
2
0 0 3 6 0 -1
1 0 1 6 0 3
haar_x3
6.842628e-002 0 -1
-4.646740e-002 5.363099e-002 
1
2
0 2 4 4 0 -1
1 2 2 4 0 2
haar_x4
-1.358136e-001 0 -1
9.194189e-002 -3.481670e-002 
1
2
2 1 3 2 0 -1
3 2 1 2 0 3
tilted_haar_x3
-4.695461e-001 0 -1
-1.518878e-001 1.970638e-002 
1
2
1 3 2 2 0 -1
2 3 1 2 0 2
haar_x2
-4.608589e-002 0 -1
-4.727067e-002 6.585470e-002 
1
2
0 2 6 2 0 -1
2 2 2 2 0 3
haar_x3
-2.530717e-001 0 -1
2.994720e-002 -1.016515e-001 
1
2
0 1 6 3 0 -1
2 2 2 1 0 9
haar_point
-6.001080e-001 0 -1
-2.637730e-002 9.569842e-002 
1
2
2 1 2 2 0 -1
2 2 2 1 0 2
haar_y2
9.571582e-002 0 -1
7.696381e-003 -3.265339e-001 
1
2
2 3 1 3 0 -1
2 4 1 1 0 3
haar_y3
1.865115e-001 0 -1
4.825688e-003 -5.117116e-001 
1
2
0 3 6 3 0 -1
2 4 2 1 0 9
haar_point
9.303730e-001 0 -1
-8.023988e-003 3.940932e-001 
1
2
1 0 4 2 0 -1
3 0 2 2 0 2
haar_x2
-5.684370e-002 0 -1
5.981708e-002 -4.141561e-002 
1
2
2 0 3 1 0 -1
3 0 1 1 0 3
haar_x3
-1.966126e-002 0 -1
-1.038722e-001 2.641041e-002 
1
2
2 0 4 3 0 -1
4 0 2 3 0 2
haar_x2
1.418844e-001 0 -1
-4.641909e-002 6.563965e-002 
1
3
3 0 2 4 0 -1
3 0 1 2 0 2
4 2 1 2 0 2
haar_x2_y2
-1.117174e-001 0 -1
2.994808e-001 -8.249043e-003 
1
2
0 2 4 1 0 -1
2 2 2 1 0 2
haar_x2
1.134414e-001 0 -1
6.669574e-003 -4.108779e-001 
1
2
2 0 3 4 0 -1
2 2 3 2 0 2
haar_y2
3.489174e-001 0 -1
-8.191061e-003 3.722312e-001 
1
2
0 0 3 6 0 -1
1 2 1 2 0 9
haar_point
-2.293628e+000 0 -1
4.713293e-001 -4.941943e-003 
1
2
3 4 2 2 0 -1
4 4 1 2 0 2
haar_x2
-6.892484e-002 0 -1
-3.560416e-001 7.577327e-003 
1
2
2 4 4 1 0 -1
4 4 2 1 0 2
haar_x2
-7.606024e-002 0 -1
1.522394e-001 -1.794568e-002 
1
3
2 0 4 6 0 -1
2 0 2 3 0 2
4 3 2 3 0 2
haar_x2_y2
4.492349e-003 0 -1
-6.065507e-002 4.649474e-002 
1
2
2 4 4 1 0 -1
4 4 2 1 0 2
haar_x2
1.616499e-001 0 -1
1.960882e-002 -1.603997e-001 
1
2
1 1 4 2 0 -1
3 1 2 2 0 2
haar_x2
3.946594e-001 0 -1
-6.299238e-003 4.612546e-001 
1
2
2 0 2 6 0 -1
2 2 2 2 0 3
haar_y3
-3.521800e-001 0 -1
1.892143e-002 -1.294108e-001 
1
2
1 3 3 3 0 -1
2 4 1 1 0 9
haar_point
-3.698184e-002 0 -1
8.550954e-002 -3.992425e-002 
1
2
5 1 1 4 0 -1
5 1 1 2 0 2
tilted_haar_y2
-1.735484e-001 0 -1
3.030133e-002 -9.381370e-002 
1
2
5 0 1 2 0 -1
5 1 1 1 0 2
haar_y2
-1.108479e-001 0 -1
-2.526841e-001 1.083706e-002 
1
2
2 0 1 3 0 -1
2 1 1 1 0 3
haar_y3
-5.748507e-002 0 -1
1.060013e-001 -2.507144e-002 
1
2
1 1 2 1 0 -1
2 1 1 1 0 2
haar_x2
1.543824e-003 0 -1
-4.485664e-002 7.260533e-002 
1
2
1 0 2 3 0 -1
2 0 1 3 0 2
haar_x2
3.045947e-002 0 -1
2.042515e-002 -1.371432e-001 
1
2
3 1 3 2 0 -1
3 1 3 1 0 2
tilted_haar_y2
-9.608249e-002 0 -1
-3.427657e-002 9.683365e-002 
1
2
2 4 2 1 0 -1
3 4 1 1 0 2
haar_x2
-1.812725e-003 0 -1
5.318185e-002 -5.650377e-002 
1
2
2 4 3 1 0 -1
3 4 1 1 0 3
haar_x3
-1.788750e-002 0 -1
-6.062434e-002 4.534091e-002 
1
2
2 3 3 3 0 -1
3 3 1 3 0 3
haar_x3
-6.769525e-002 0 -1
5.033471e-002 -6.482662e-002 
1
2
1 0 3 6 0 -1
1 2 3 2 0 3
haar_y3
-1.936108e+000 0 -1
-7.670621e-001 3.419290e-003 
1
2
0 4 6 1 0 -1
3 4 3 1 0 2
haar_x2
2.243633e-002 0 -1
-4.098248e-002 5.883163e-002 
1
2
3 3 2 1 0 -1
4 3 1 1 0 2
haar_x2
3.149715e-002 0 -1
7.136827e-002 -4.981649e-002 
1
3
3 3 2 2 0 -1
3 3 1 1 0 2
4 4 1 1 0 2
haar_x2_y2
-3.241265e-002 0 -1
5.268954e-002 -5.062718e-002 
1
2
1 4 4 1 0 -1
2 4 2 1 0 2
haar_x4
-2.231995e-001 0 -1
3.496796e-001 -7.178918e-003 
1
2
3 0 3 2 0 -1
4 0 1 2 0 3
haar_x3
-9.918159e-002 0 -1
-1.750962e-001 1.501295e-002 
1
2
3 1 3 3 0 -1
4 2 1 1 0 9
haar_point
-1.020334e+000 0 -1
4.696059e-001 -6.387211e-003 
1
2
3 1 1 2 0 -1
3 2 1 1 0 2
haar_y2
-1.874782e-001 0 -1
-4.358691e-001 5.960194e-003 
1
3
3 2 2 2 0 -1
3 2 1 1 0 2
4 3 1 1 0 2
haar_x2_y2
-4.523722e-002 0 -1
1.237819e-001 -1.959313e-002 
1
3
2 1 4 4 0 -1
2 1 2 2 0 2
4 3 2 2 0 2
haar_x2_y2
-1.455835e-001 0 -1
-1.300425e-001 2.505704e-002 
1
2
3 3 2 3 0 -1
4 3 1 3 0 2
haar_x2
9.577647e-002 0 -1
3.546657e-002 -7.531542e-002 
1
3
3 4 2 2 0 -1
3 4 1 1 0 2
4 5 1 1 0 2
haar_x2_y2
4.831050e-002 0 -1
6.943453e-003 -3.142715e-001 
1
2
3 1 2 3 0 -1
4 1 1 3 0 2
haar_x2
3.998803e-001 0 -1
-3.386643e-003 7.702576e-001 
1
2
0 5 2 1 0 -1
1 5 1 1 0 2
haar_x2
5.302424e-002 0 -1
7.546005e-003 -3.082302e-001 
1
3
1 2 2 2 0 -1
1 2 1 1 0 2
2 3 1 1 0 2
haar_x2_y2
-7.454520e-002 0 -1
1.143866e-001 -2.024830e-002 
1
2
4 2 1 2 0 -1
4 3 1 1 0 2
haar_y2
2.196345e-002 0 -1
-6.783958e-002 3.687159e-002 
1
2
2 1 2 1 0 -1
3 1 1 1 0 2
haar_x2
1.021203e-002 0 -1
-3.660289e-002 6.946637e-002 
1
2
2 1 2 1 0 -1
2 1 1 1 0 2
tilted_haar_x2
9.832850e-002 0 -1
-5.505814e-002 5.396141e-002 
1
2
2 1 4 4 0 -1
3 1 2 4 0 2
haar_x4
-1.558071e-001 0 -1
7.426897e-002 -3.866024e-002 
1
2
4 0 2 4 0 -1
4 0 1 4 0 2
tilted_haar_x2
4.294136e-001 0 -1
1.649624e-002 -2.079548e-001 
1
2
0 2 1 4 0 -1
0 4 1 2 0 2
haar_y2
-2.208832e-001 0 -1
3.516788e-001 -8.818673e-003 
1
2
3 1 3 2 0 -1
4 2 1 2 0 3
tilted_haar_x3
8.490384e-002 0 -1
-9.167485e-003 2.646952e-001 
1
2
4 2 2 1 0 -1
4 2 1 1 0 2
tilted_haar_x2
4.014679e-003 0 -1
9.152427e-003 -2.827009e-001 
1
2
2 2 4 1 0 -1
3 2 2 1 0 2
haar_x4
-1.051850e-001 0 -1
-1.160712e-001 1.959477e-002 
1
2
1 2 3 1 0 -1
2 2 1 1 0 3
haar_x3
4.280340e-002 0 -1
-1.839870e-002 1.448406e-001 
1
2
1 0 2 4 0 -1
1 2 2 2 0 2
haar_y2
3.593137e-001 0 -1
5.511995e-003 -3.957351e-001 
1
2
1 1 2 1 0 -1
1 1 1 1 0 2
tilted_haar_x2
-1.365548e-001 0 -1
1.890005e-001 -1.650892e-002 
1
2
1 2 3 1 0 -1
2 3 1 1 0 3
tilted_haar_x3
2.743310e-001 0 -1
9.713273e-003 -3.027720e-001 
1
2
3 0 3 1 0 -1
4 0 1 1 0 3
haar_x3
-1.413678e-003 0 -1
4.930776e-002 -5.045585e-002 
1
2
2 0 2 1 0 -1
3 0 1 1 0 2
haar_x2
-3.098778e-002 0 -1
-1.186504e-001 2.000077e-002 
1
2
2 0 3 1 0 -1
3 0 1 1 0 3
haar_x3
-1.466123e-003 0 -1
5.516325e-002 -4.179284e-002 
1
2
2 0 4 1 0 -1
3 0 2 1 0 2
haar_x4
2.843867e-002 0 -1
-2.827409e-002 9.222810e-002 
1
2
3 0 3 1 0 -1
4 0 1 1 0 3
haar_x3
4.638309e-002 0 -1
1.095578e-002 -2.235598e-001 
1
2
0 3 4 3 0 -1
1 3 2 3 0 2
haar_x4
3.783265e-001 0 -1
-4.781484e-003 4.728701e-001 
1
2
2 2 3 1 0 -1
3 3 1 1 0 3
tilted_haar_x3
1.393697e-001 0 -1
8.761316e-003 -2.888288e-001 
1
2
5 0 1 4 0 -1
4 1 1 2 0 2
tilted_haar_y4
1.348691e-002 0 -1
-8.770425e-003 2.810803e-001 
1
2
0 1 3 3 0 -1
0 2 3 1 0 3
haar_y3
-8.365853e-002 0 -1
2.896377e-002 -8.619556e-002 
1
2
0 2 6 3 0 -1
3 2 3 3 0 2
haar_x2
-1.022171e+000 0 -1
3.180837e-001 -7.763699e-003 
1
2
4 1 1 3 0 -1
3 2 1 1 0 3
tilted_haar_y3
-5.068765e-001 0 -1
-5.225166e-001 4.636223e-003 
1
2
0 0 4 3 0 -1
2 0 2 3 0 2
haar_x2
-1.304063e+000 0 -1
-6.910631e-001 2.837947e-003 
1
2
0 2 6 1 0 -1
2 2 2 1 0 3
haar_x3
-6.063030e-001 0 -1
2.741564e-001 -8.427963e-003 
1
2
2 0 4 5 0 -1
4 0 2 5 0 2
haar_x2
1.517098e+000 0 -1
5.847769e-003 -4.001044e-001 
1
2
4 5 2 1 0 -1
5 5 1 1 0 2
haar_x2
1.503029e-001 0 -1
-7.783020e-003 3.500160e-001 
1
2
0 1 2 4 0 -1
0 3 2 2 0 2
haar_y2
5.076358e-001 0 -1
8.865513e-003 -2.748838e-001 
1
2
0 1 1 4 0 -1
0 3 1 2 0 2
haar_y2
1.357064e-001 0 -1
-3.149593e-002 8.542901e-002 
1
2
2 0 1 4 0 -1
2 2 1 2 0 2
haar_y2
-3.093725e-001 0 -1
1.439302e-001 -1.743621e-002 
1
2
0 1 4 4 0 -1
0 2 4 2 0 2
haar_y4
-8.697283e-001 0 -1
-2.308934e-001 1.130235e-002 
1
2
0 2 1 3 0 -1
0 3 1 1 0 3
haar_y3
-5.290399e-002 0 -1
7.675568e-002 -3.654167e-002 
1
2
1 0 4 1 0 -1
1 0 2 1 0 2
tilted_haar_x2
2.836771e-001 0 -1
3.181126e-002 -7.006126e-002 
1
2
2 0 4 2 0 -1
2 0 2 2 0 2
tilted_haar_x2
3.631037e-001 0 -1
-2.573896e-002 1.178339e-001 
1
3
0 1 6 2 0 -1
0 1 3 1 0 2
3 2 3 1 0 2
haar_x2_y2
-3.408520e-001 0 -1
-2.642421e-001 8.458705e-003 
1
3
1 0 4 4 0 -1
1 0 2 2 0 2
3 2 2 2 0 2
haar_x2_y2
-7.053277e-001 0 -1
7.313917e-001 -3.522652e-003 
1
2
3 3 3 3 0 -1
4 4 1 1 0 9
haar_point
5.330809e-001 0 -1
-1.018029e-002 2.153772e-001 
1
2
2 0 3 1 0 -1
3 0 1 1 0 3
haar_x3
1.478105e-002 0 -1
3.217893e-002 -7.419162e-002 
1
2
2 0 3 1 0 -1
3 0 1 1 0 3
haar_x3
1.394448e-003 0 -1
-5.057784e-002 5.078298e-002 
1
2
4 1 1 4 0 -1
4 3 1 2 0 2
haar_y2
2.886434e-001 0 -1
4.840789e-003 -4.257343e-001 
1
3
4 2 2 2 0 -1
4 2 1 1 0 2
5 3 1 1 0 2
haar_x2_y2
-7.672545e-002 0 -1
1.406246e-001 -1.662195e-002 
1
2
2 0 3 2 0 -1
3 0 1 2 0 3
haar_x3
-5.370204e-004 0 -1
4.401013e-002 -5.400468e-002 
1
3
4 1 2 4 0 -1
4 1 1 2 0 2
5 3 1 2 0 2
haar_x2_y2
-1.559506e-001 0 -1
-2.335662e-001 9.465802e-003 
1
2
5 0 1 6 0 -1
5 3 1 3 0 2
haar_y2
-3.595513e-001 0 -1
5.359960e-001 -4.652265e-003 
1
2
5 3 1 3 0 -1
5 4 1 1 0 3
haar_y3
9.316428e-002 0 -1
1.503966e-002 -1.460583e-001 
1
2
1 3 5 2 0 -1
1 4 5 1 0 2
haar_y2
6.327512e-001 0 -1
-7.440715e-003 3.450524e-001 
1
2
1 2 5 3 0 -1
1 3 5 1 0 3
haar_y3
-1.085578e+000 0 -1
-1.000000e+000 2.856453e-003 
1
2
3 0 1 3 0 -1
3 1 1 1 0 3
haar_y3
1.938900e-001 0 -1
-1.426252e-002 1.712257e-001 
1
2
4 0 1 3 0 -1
4 1 1 1 0 3
haar_y3
-4.961019e-002 0 -1
8.257791e-002 -2.897235e-002 
1
3
0 0 6 4 0 -1
0 0 3 2 0 2
3 2 3 2 0 2
haar_x2_y2
-4.878664e-001 0 -1
1.216312e-001 -1.919523e-002 
1
2
0 2 3 4 0 -1
0 4 3 2 0 2
haar_y2
1.616758e-001 0 -1
-1.461904e-001 1.849087e-002 
1
2
1 1 2 2 0 -1
2 1 1 2 0 2
haar_x2
-2.630640e-001 0 -1
4.529211e-001 -5.847153e-003 
1
2
4 0 2 4 0 -1
4 0 2 2 0 2
tilted_haar_y2
-7.991426e-001 0 -1
-1.137488e-001 2.229393e-002 
1
2
1 3 2 1 0 -1
2 3 1 1 0 2
haar_x2
-1.506563e-001 0 -1
2.060994e-001 -1.437260e-002 
1
2
5 1 1 4 0 -1
5 1 1 2 0 2
tilted_haar_y2
-6.684483e-001 0 -1
6.847516e-001 -3.388890e-003 
1
2
0 0 6 2 0 -1
3 0 3 2 0 2
haar_x2
4.253015e-001 0 -1
1.252450e-002 -1.849461e-001 
1
2
3 0 2 2 0 -1
3 0 1 2 0 2
tilted_haar_x2
-3.619175e-002 0 -1
1.928380e-001 -1.443292e-002 
1
2
4 1 2 1 0 -1
5 1 1 1 0 2
haar_x2
-4.039150e-002 0 -1
-2.164721e-001 1.012970e-002 
1
2
3 1 3 2 0 -1
4 1 1 2 0 3
haar_x3
4.127879e-001 0 -1
-3.290294e-003 7.851918e-001 
1
2
0 0 6 2 0 -1
2 0 2 2 0 3
haar_x3
1.477820e-001 0 -1
-2.044980e-002 1.127401e-001 
1
2
0 4 6 2 0 -1
2 4 2 2 0 3
haar_x3
-8.665221e-002 0 -1
5.209350e-002 -4.730294e-002 
1
3
0 1 4 4 0 -1
0 1 2 2 0 2
2 3 2 2 0 2
haar_x2_y2
-1.346837e-001 0 -1
-8.970989e-002 3.427782e-002 
1
2
0 2 1 4 0 -1
0 3 1 2 0 2
haar_y4
1.600786e-003 0 -1
-5.357650e-002 5.448673e-002 
1
3
4 1 2 2 0 -1
4 1 1 1 0 2
5 2 1 1 0 2
haar_x2_y2
-1.919999e-001 0 -1
-1.000000e+000 2.023845e-003 
1
2
3 2 1 3 0 -1
3 3 1 1 0 3
haar_y3
-1.495753e-001 0 -1
9.748899e-002 -2.257526e-002 
1
2
3 3 1 3 0 -1
3 4 1 1 0 3
haar_y3
1.540630e-001 0 -1
1.216993e-002 -2.390594e-001 
1
2
2 4 3 2 0 -1
2 5 3 1 0 2
haar_y2
-2.351674e-003 0 -1
1.299467e-001 -2.390732e-002 
1
2
4 0 2 4 0 -1
4 0 2 2 0 2
tilted_haar_y2
5.758762e-001 0 -1
-3.573167e-003 5.940602e-001 
1
2
3 1 1 2 0 -1
3 1 1 1 0 2
tilted_haar_y2
1.370458e-001 0 -1
1.007165e-002 -2.330327e-001 
1
2
0 1 2 2 0 -1
0 2 2 1 0 2
haar_y2
-2.547660e-001 0 -1
1.919901e-001 -1.136985e-002 
1
2
1 2 2 4 0 -1
1 3 2 2 0 2
haar_y4
-4.151570e-001 0 -1
4.693626e-001 -4.555336e-003 
1
2
2 1 3 3 0 -1
2 2 3 1 0 3
haar_y3
3.099125e-001 0 -1
5.196094e-003 -5.223915e-001 
1
2
1 0 2 3 0 -1
1 1 2 1 0 3
haar_y3
5.961246e-001 0 -1
1.370648e-003 -1.001782e+000 
1
2
2 0 1 2 0 -1
2 0 1 1 0 2
tilted_haar_y2
1.612385e-001 0 -1
9.292728e-003 -2.020399e-001 
1
2
3 0 2 3 0 -1
3 0 1 3 0 2
tilted_haar_x2
5.580654e-001 0 -1
9.326193e-003 -2.215096e-001 
1
2
2 2 2 2 0 -1
2 2 2 1 0 2
tilted_haar_y2
-5.268246e-001 0 -1
2.215192e-001 -1.501204e-002 
1
3
0 4 4 2 0 -1
0 4 2 1 0 2
2 5 2 1 0 2
haar_x2_y2
1.542722e-001 0 -1
1.336983e-002 -1.734463e-001 
1
2
0 1 5 4 0 -1
0 2 5 2 0 2
haar_y4
4.527257e-001 0 -1
-3.672267e-003 6.608325e-001 
1
2
3 1 3 4 0 -1
3 2 3 2 0 2
haar_y4
3.604675e-001 0 -1
3.724476e-003 -6.753464e-001 
1
2
0 5 6 1 0 -1
2 5 2 1 0 3
haar_x3
9.742462e-002 0 -1
-1.469416e-002 1.508285e-001 
1
2
2 0 4 1 0 -1
2 0 2 1 0 2
tilted_haar_x2
5.615216e-001 0 -1
-3.398503e-003 6.681467e-001 
1
2
1 2 4 3 0 -1
1 3 4 1 0 3
haar_y3
5.659131e-001 0 -1
2.560826e-003 -9.204320e-001 
1
2
4 0 1 2 0 -1
4 0 1 1 0 2
tilted_haar_y2
1.622457e-001 0 -1
-2.581881e-002 7.769700e-002 
1
2
4 0 2 3 0 -1
3 1 2 1 0 3
tilted_haar_y3
-7.043983e-001 0 -1
-2.931636e-001 8.267874e-003 
1
2
3 1 2 3 0 -1
3 1 1 3 0 2
tilted_haar_x2
-1.787739e-001 0 -1
-9.970781e-002 2.357334e-002 
1
2
0 0 5 4 0 -1
0 2 5 2 0 2
haar_y2
-5.916355e-001 0 -1
-6.426612e-002 4.303987e-002 
1
2
0 1 6 2 0 -1
0 2 6 1 0 2
haar_y2
-3.215823e-001 0 -1
5.624466e-002 -4.807795e-002 
1
2
3 1 1 4 0 -1
3 2 1 2 0 2
haar_y4
-1.872813e-001 0 -1
-6.473581e-002 4.438994e-002 
1
2
2 2 4 1 0 -1
4 2 2 1 0 2
haar_x2
-2.124116e-002 0 -1
-1.232035e-001 2.059402e-002 
1
2
0 2 4 1 0 -1
1 2 2 1 0 2
haar_x4
-6.782699e-002 0 -1
-9.451191e-002 3.036339e-002 
1
2
3 2 3 1 0 -1
4 2 1 1 0 3
haar_x3
-2.387659e-002 0 -1
7.457586e-002 -3.714138e-002 
-5.696089e-001

18
-1
