16
1
2
2 2 2 4 0 -1
2 4 2 2 0 2
haar_y2
3.612467e-001 0 -1
-5.374018e-001 4.018545e-001 
1
2
1 1 5 3 0 -1
1 2 5 1 0 3
haar_y3
-3.070381e-001 0 -1
4.199309e-001 -3.819456e-001 
1
2
4 5 2 1 0 -1
5 5 1 1 0 2
haar_x2
-3.557310e-002 0 -1
-8.176026e-001 1.446555e-001 
1
2
1 3 2 3 0 -1
2 3 1 3 0 2
haar_x2
-1.896820e-003 0 -1
2.561896e-001 -4.588309e-001 
1
2
3 5 2 1 0 -1
4 5 1 1 0 2
haar_x2
-2.825552e-002 0 -1
-7.187655e-001 1.239092e-001 
1
2
0 0 3 1 0 -1
1 0 1 1 0 3
haar_x3
-1.276096e-003 0 -1
1.979283e-001 -3.621497e-001 
1
2
0 0 3 1 0 -1
1 0 1 1 0 3
haar_x3
-5.585645e-002 0 -1
-6.161183e-001 1.493321e-001 
1
2
5 0 1 2 0 -1
5 0 1 1 0 2
tilted_haar_y2
1.295290e-003 0 -1
-5.735357e-001 1.224546e-001 
1
2
3 0 3 2 0 -1
4 0 1 2 0 3
haar_x3
1.342854e-001 0 -1
8.299120e-002 -8.881031e-001 
1
2
0 5 3 1 0 -1
1 5 1 1 0 3
haar_x3
6.288722e-002 0 -1
7.934178e-002 -7.461464e-001 
1
2
1 5 4 1 0 -1
3 5 2 1 0 2
haar_x2
1.266550e-001 0 -1
7.913159e-002 -7.634549e-001 
1
2
3 4 1 2 0 -1
3 5 1 1 0 2
haar_y2
1.942825e-003 0 -1
-4.427837e-001 1.559400e-001 
1
3
1 3 4 2 0 -1
1 3 2 1 0 2
3 4 2 1 0 2
haar_x2_y2
1.847721e-003 0 -1
-3.223266e-001 1.791981e-001 
1
2
2 0 3 2 0 -1
3 0 1 2 0 3
haar_x3
-7.905395e-002 0 -1
-5.661544e-001 9.908409e-002 
1
2
3 0 2 1 0 -1
4 0 1 1 0 2
haar_x2
1.551714e-003 0 -1
-2.807709e-001 2.231162e-001 
1
2
2 0 2 2 0 -1
3 0 1 2 0 2
haar_x2
1.030711e-001 0 -1
8.471017e-002 -7.741679e-001 
-1.300044e+000

2
-1
