171
1
2
1 2 4 2 0 -1
2 2 2 2 0 2
haar_x4
-1.426968e-001 0 -1
2.468875e-001 -2.777057e-001 
1
2
1 0 1 4 0 -1
1 1 1 2 0 2
haar_y4
-1.814474e-002 0 -1
1.194432e-001 -2.150036e-001 
1
2
3 1 3 1 0 -1
4 2 1 1 0 3
tilted_haar_x3
-2.747765e-001 0 -1
1.832022e-001 -1.101660e-001 
1
2
1 5 3 1 0 -1
2 5 1 1 0 3
haar_x3
-3.898511e-002 0 -1
-3.642139e-001 4.683280e-002 
1
2
0 1 6 2 0 -1
0 2 6 1 0 2
haar_y2
-7.835892e-001 0 -1
-7.478963e-001 3.185472e-002 
1
2
2 3 3 1 0 -1
3 3 1 1 0 3
haar_x3
3.987570e-002 0 -1
-3.056621e-002 3.901575e-001 
1
2
1 3 3 1 0 -1
2 3 1 1 0 3
haar_x3
7.006292e-002 0 -1
-4.088971e-002 3.838629e-001 
1
2
2 2 2 4 0 -1
2 4 2 2 0 2
haar_y2
3.670621e-001 0 -1
-1.741253e-001 8.163194e-002 
1
2
5 3 1 3 0 -1
5 4 1 1 0 3
haar_y3
6.693585e-002 0 -1
8.455601e-002 -2.298412e-001 
1
2
0 3 2 2 0 -1
0 4 2 1 0 2
haar_y2
1.966508e-001 0 -1
5.165766e-002 -2.857286e-001 
1
2
1 5 2 1 0 -1
2 5 1 1 0 2
haar_x2
2.810416e-002 0 -1
2.401918e-002 -3.864093e-001 
1
2
0 0 6 1 0 -1
3 0 3 1 0 2
haar_x2
7.667148e-002 0 -1
-6.900244e-002 1.745111e-001 
1
2
3 0 3 1 0 -1
4 0 1 1 0 3
haar_x3
4.187787e-002 0 -1
3.633673e-002 -3.708403e-001 
1
2
2 5 3 1 0 -1
3 5 1 1 0 3
haar_x3
-4.714963e-002 0 -1
-3.868645e-001 1.733489e-002 
1
3
3 2 2 2 0 -1
3 2 1 1 0 2
4 3 1 1 0 2
haar_x2_y2
4.438229e-002 0 -1
-5.888820e-002 1.670504e-001 
1
2
0 2 6 3 0 -1
0 3 6 1 0 3
haar_y3
5.354870e-001 0 -1
2.102289e-002 -6.081005e-001 
1
3
0 2 2 2 0 -1
0 2 1 1 0 2
1 3 1 1 0 2
haar_x2_y2
3.841406e-002 0 -1
-7.245428e-002 1.369531e-001 
1
2
2 0 3 5 0 -1
3 0 1 5 0 3
haar_x3
-4.641982e-001 0 -1
-6.289539e-001 2.181472e-002 
1
3
1 3 2 2 0 -1
1 3 1 1 0 2
2 4 1 1 0 2
haar_x2_y2
-4.751122e-002 0 -1
3.644645e-001 -3.038127e-002 
1
2
4 4 2 1 0 -1
5 4 1 1 0 2
haar_x2
-4.171557e-002 0 -1
-3.401089e-001 3.005294e-002 
1
2
2 0 3 1 0 -1
3 0 1 1 0 3
haar_x3
6.594725e-002 0 -1
1.707957e-002 -4.807739e-001 
1
2
2 2 2 2 0 -1
2 2 1 2 0 2
tilted_haar_x2
-2.239480e-001 0 -1
-2.190381e-001 3.354720e-002 
1
2
1 0 4 4 0 -1
1 2 4 2 0 2
haar_y2
5.883253e-002 0 -1
5.286452e-002 -1.863704e-001 
1
2
0 0 3 1 0 -1
1 0 1 1 0 3
haar_x3
5.801601e-002 0 -1
2.066270e-002 -3.733659e-001 
1
2
0 2 6 4 0 -1
0 3 6 2 0 2
haar_y4
-7.011709e-001 0 -1
-4.436973e-001 1.803885e-002 
1
2
0 4 1 2 0 -1
0 5 1 1 0 2
haar_y2
5.109203e-003 0 -1
-1.418356e-001 6.437456e-002 
1
3
0 2 2 2 0 -1
0 2 1 1 0 2
1 3 1 1 0 2
haar_x2_y2
-3.134596e-002 0 -1
1.951921e-001 -4.567921e-002 
1
2
0 0 6 2 0 -1
3 0 3 2 0 2
haar_x2
-1.837583e-001 0 -1
1.260648e-001 -6.070347e-002 
1
2
0 0 1 3 0 -1
0 1 1 1 0 3
haar_y3
1.558951e-001 0 -1
2.627029e-002 -3.213616e-001 
1
2
4 1 1 4 0 -1
4 3 1 2 0 2
haar_y2
2.557975e-001 0 -1
2.030201e-002 -4.045366e-001 
1
2
2 0 1 2 0 -1
2 0 1 1 0 2
tilted_haar_y2
1.622382e-001 0 -1
2.137469e-002 -3.627532e-001 
1
3
0 3 2 2 0 -1
0 3 1 1 0 2
1 4 1 1 0 2
haar_x2_y2
-1.495273e-003 0 -1
9.723086e-002 -8.398243e-002 
1
2
0 5 3 1 0 -1
1 5 1 1 0 3
haar_x3
-5.004521e-002 0 -1
-3.149097e-001 3.258447e-002 
1
2
2 1 3 2 0 -1
3 2 1 2 0 3
tilted_haar_x3
-8.277359e-002 0 -1
6.088686e-002 -1.335716e-001 
1
2
3 2 3 2 0 -1
4 2 1 2 0 3
haar_x3
-7.941049e-002 0 -1
1.749414e-001 -4.550140e-002 
1
3
4 3 2 2 0 -1
4 3 1 1 0 2
5 4 1 1 0 2
haar_x2_y2
1.705456e-003 0 -1
-8.597948e-002 1.236145e-001 
1
2
5 2 1 2 0 -1
5 2 1 1 0 2
tilted_haar_y2
-1.374961e-001 0 -1
-2.352025e-001 3.053484e-002 
1
2
0 2 4 2 0 -1
0 3 4 1 0 2
haar_y2
7.687055e-002 0 -1
-1.182892e-001 7.506432e-002 
1
2
1 0 3 1 0 -1
2 0 1 1 0 3
haar_x3
8.025843e-002 0 -1
1.301241e-002 -5.564483e-001 
1
2
3 5 3 1 0 -1
4 5 1 1 0 3
haar_x3
-1.990592e-002 0 -1
-1.528469e-001 4.331272e-002 
1
3
4 4 2 2 0 -1
4 4 1 1 0 2
5 5 1 1 0 2
haar_x2_y2
2.212621e-003 0 -1
-7.364831e-002 9.418073e-002 
1
3
4 2 2 2 0 -1
4 2 1 1 0 2
5 3 1 1 0 2
haar_x2_y2
1.116388e-001 0 -1
-1.910737e-002 4.001541e-001 
1
2
3 1 3 1 0 -1
4 1 1 1 0 3
haar_x3
4.378647e-002 0 -1
2.776797e-002 -2.778669e-001 
1
2
0 4 6 2 0 -1
2 4 2 2 0 3
haar_x3
2.167191e-001 0 -1
-2.093757e-002 3.548995e-001 
1
2
3 3 3 3 0 -1
3 4 3 1 0 3
haar_y3
-3.672432e-001 0 -1
-7.978222e-001 9.491299e-003 
1
2
2 2 4 4 0 -1
2 3 4 2 0 2
haar_y4
2.414600e-001 0 -1
2.854972e-002 -2.246873e-001 
1
3
4 1 2 2 0 -1
4 1 1 1 0 2
5 2 1 1 0 2
haar_x2_y2
1.347445e-002 0 -1
-8.192184e-002 7.597387e-002 
1
3
1 1 2 2 0 -1
1 1 1 1 0 2
2 2 1 1 0 2
haar_x2_y2
2.012512e-002 0 -1
-3.457894e-002 1.837365e-001 
1
3
0 0 6 4 0 -1
0 0 3 2 0 2
3 2 3 2 0 2
haar_x2_y2
-4.355528e-001 0 -1
1.906785e-001 -3.542590e-002 
1
2
2 2 4 2 0 -1
4 2 2 2 0 2
haar_x2
5.427191e-002 0 -1
-1.460454e-001 5.468512e-002 
1
2
0 3 1 3 0 -1
0 4 1 1 0 3
haar_y3
-7.712166e-002 0 -1
-2.575385e-001 2.575262e-002 
1
2
2 2 3 1 0 -1
3 2 1 1 0 3
haar_x3
1.528988e-001 0 -1
-1.249248e-002 5.161856e-001 
1
2
1 2 4 4 0 -1
1 4 4 2 0 2
haar_y2
1.227190e+000 0 -1
1.799590e-002 -3.587108e-001 
1
2
5 2 1 4 0 -1
5 4 1 2 0 2
haar_y2
6.022732e-002 0 -1
-1.389491e-001 4.574990e-002 
1
2
3 0 3 6 0 -1
4 2 1 2 0 9
haar_point
8.776653e-001 0 -1
-1.851361e-002 3.920586e-001 
1
2
3 1 2 3 0 -1
2 2 2 1 0 3
tilted_haar_y3
4.499982e-001 0 -1
-1.694914e-002 3.443981e-001 
1
2
2 1 1 2 0 -1
2 1 1 1 0 2
tilted_haar_y2
1.540794e-001 0 -1
1.556115e-002 -4.013016e-001 
1
2
0 0 4 3 0 -1
1 0 2 3 0 2
haar_x4
3.576123e-001 0 -1
-8.884244e-003 6.598285e-001 
1
2
3 2 1 4 0 -1
3 4 1 2 0 2
haar_y2
6.079754e-002 0 -1
-2.767336e-001 2.234495e-002 
1
2
3 1 2 2 0 -1
3 1 2 1 0 2
tilted_haar_y2
1.749654e-001 0 -1
-1.979977e-002 4.090244e-001 
1
3
2 4 2 2 0 -1
2 4 1 1 0 2
3 5 1 1 0 2
haar_x2_y2
-3.329770e-002 0 -1
-2.364969e-001 2.638897e-002 
1
2
0 5 6 1 0 -1
3 5 3 1 0 2
haar_x2
-5.847382e-002 0 -1
1.250052e-001 -5.557774e-002 
1
2
3 4 2 1 0 -1
4 4 1 1 0 2
haar_x2
-4.400167e-002 0 -1
-5.314274e-001 1.274294e-002 
1
2
0 5 3 1 0 -1
1 5 1 1 0 3
haar_x3
1.950342e-002 0 -1
3.511078e-002 -1.501773e-001 
1
2
0 5 2 1 0 -1
1 5 1 1 0 2
haar_x2
1.831737e-003 0 -1
-6.259818e-002 8.587038e-002 
1
2
1 4 3 2 0 -1
2 4 1 2 0 3
haar_x3
-1.229791e-003 0 -1
6.606638e-002 -9.977577e-002 
1
2
2 5 4 1 0 -1
3 5 2 1 0 2
haar_x4
-1.831878e-003 0 -1
7.298417e-002 -7.823230e-002 
1
2
1 4 4 1 0 -1
2 4 2 1 0 2
haar_x4
-3.326240e-002 0 -1
-9.901299e-002 7.217059e-002 
1
2
2 3 4 1 0 -1
4 3 2 1 0 2
haar_x2
3.273185e-001 0 -1
-2.405168e-002 2.594193e-001 
1
2
3 5 3 1 0 -1
4 5 1 1 0 3
haar_x3
-4.810965e-002 0 -1
-2.889316e-001 2.632114e-002 
1
3
0 4 2 2 0 -1
0 4 1 1 0 2
1 5 1 1 0 2
haar_x2_y2
-2.556433e-003 0 -1
7.864400e-002 -7.168271e-002 
1
2
2 3 1 3 0 -1
2 4 1 1 0 3
haar_y3
1.734162e-001 0 -1
1.149102e-002 -4.566017e-001 
1
2
5 0 1 4 0 -1
5 0 1 2 0 2
tilted_haar_y2
-3.370477e-001 0 -1
-2.172471e-001 2.479908e-002 
1
2
2 1 3 1 0 -1
3 1 1 1 0 3
haar_x3
3.644875e-002 0 -1
2.473028e-002 -2.146767e-001 
1
2
4 3 2 1 0 -1
4 3 1 1 0 2
tilted_haar_x2
3.269476e-002 0 -1
-1.130140e-002 4.958192e-001 
1
3
1 2 2 2 0 -1
1 2 1 1 0 2
2 3 1 1 0 2
haar_x2_y2
-3.383042e-002 0 -1
1.091653e-001 -4.890919e-002 
1
2
0 2 4 1 0 -1
2 2 2 1 0 2
haar_x2
5.318780e-002 0 -1
1.996309e-002 -2.993270e-001 
1
2
2 0 3 3 0 -1
3 0 1 3 0 3
haar_x3
3.596959e-002 0 -1
-3.430630e-002 1.626147e-001 
1
2
2 2 3 3 0 -1
3 2 1 3 0 3
haar_x3
-6.731385e-002 0 -1
5.575326e-002 -9.842587e-002 
1
2
1 2 4 2 0 -1
2 2 2 2 0 2
haar_x4
-1.435650e-001 0 -1
-7.807641e-002 9.696292e-002 
1
2
1 2 3 2 0 -1
2 2 1 2 0 3
haar_x3
-4.728397e-002 0 -1
6.893323e-002 -1.029613e-001 
1
2
2 2 3 1 0 -1
3 2 1 1 0 3
haar_x3
-1.162920e-001 0 -1
2.123460e-001 -2.886613e-002 
1
2
2 1 3 1 0 -1
3 1 1 1 0 3
haar_x3
-7.222250e-002 0 -1
-2.945518e-001 1.815955e-002 
1
2
2 0 3 2 0 -1
3 0 1 2 0 3
haar_x3
-1.045818e-003 0 -1
7.243090e-002 -9.235490e-002 
1
2
0 0 6 3 0 -1
0 1 6 1 0 3
haar_y3
2.179800e-001 0 -1
-7.155477e-002 8.096407e-002 
1
2
5 1 1 2 0 -1
5 2 1 1 0 2
haar_y2
-1.163772e-001 0 -1
-2.889042e-001 2.125064e-002 
1
3
3 1 2 2 0 -1
3 1 1 1 0 2
4 2 1 1 0 2
haar_x2_y2
-2.366433e-002 0 -1
1.966379e-001 -2.816029e-002 
1
3
1 2 2 2 0 -1
1 2 1 1 0 2
2 3 1 1 0 2
haar_x2_y2
3.352731e-002 0 -1
-3.598467e-002 1.462150e-001 
1
2
0 1 3 1 0 -1
1 1 1 1 0 3
haar_x3
8.217335e-003 0 -1
5.937908e-002 -1.058198e-001 
1
3
1 0 2 2 0 -1
1 0 1 1 0 2
2 1 1 1 0 2
haar_x2_y2
5.464193e-002 0 -1
1.822170e-002 -2.897658e-001 
1
2
1 2 1 2 0 -1
1 3 1 1 0 2
haar_y2
1.891339e-001 0 -1
3.938180e-003 -1.000017e+000 
1
2
0 5 6 1 0 -1
2 5 2 1 0 3
haar_x3
-3.416223e-001 0 -1
2.540942e-001 -1.993131e-002 
1
2
1 3 3 3 0 -1
2 3 1 3 0 3
haar_x3
-3.629128e-001 0 -1
-6.116265e-001 1.150264e-002 
1
2
4 0 2 3 0 -1
5 0 1 3 0 2
haar_x2
6.200646e-002 0 -1
4.921215e-002 -1.105533e-001 
1
2
4 0 2 2 0 -1
5 0 1 2 0 2
haar_x2
2.509104e-003 0 -1
-8.232763e-002 6.531595e-002 
1
2
3 1 2 4 0 -1
3 2 2 2 0 2
haar_y4
-5.125328e-001 0 -1
3.348166e-001 -1.624361e-002 
1
2
1 3 2 1 0 -1
2 3 1 1 0 2
haar_x2
-1.471523e-001 0 -1
2.891816e-001 -2.086170e-002 
1
2
0 0 1 6 0 -1
0 2 1 2 0 3
haar_y3
-1.195749e-001 0 -1
6.137342e-002 -8.349539e-002 
1
2
1 1 4 3 0 -1
3 1 2 3 0 2
haar_x2
-6.336465e-001 0 -1
4.850401e-001 -1.182354e-002 
1
2
2 2 1 4 0 -1
2 4 1 2 0 2
haar_y2
5.244912e-002 0 -1
-2.211495e-001 2.287059e-002 
1
2
0 0 6 3 0 -1
2 0 2 3 0 3
haar_x3
-7.654266e-001 0 -1
2.167601e-001 -2.409817e-002 
1
2
0 0 2 2 0 -1
1 0 1 2 0 2
haar_x2
-6.048279e-002 0 -1
-1.678391e-001 4.438249e-002 
1
2
1 4 2 1 0 -1
2 4 1 1 0 2
haar_x2
7.698084e-002 0 -1
3.108818e-003 -1.000238e+000 
1
2
2 0 3 2 0 -1
3 0 1 2 0 3
haar_x3
-4.604320e-002 0 -1
-1.324012e-001 3.263245e-002 
1
2
1 0 5 4 0 -1
1 2 5 2 0 2
haar_y2
-5.136687e-001 0 -1
-8.643796e-002 6.060692e-002 
1
2
3 1 2 3 0 -1
3 1 1 3 0 2
tilted_haar_x2
-1.787365e-001 0 -1
-1.403342e-001 3.871106e-002 
1
2
0 0 6 2 0 -1
0 1 6 1 0 2
haar_y2
-1.996524e-001 0 -1
1.007887e-001 -5.327888e-002 
1
2
0 0 1 3 0 -1
0 1 1 1 0 3
haar_y3
-8.803213e-002 0 -1
-2.278775e-001 2.820734e-002 
1
2
3 0 1 6 0 -1
3 3 1 3 0 2
haar_y2
4.586159e-001 0 -1
-8.917221e-003 7.186013e-001 
1
3
0 1 2 2 0 -1
0 1 1 1 0 2
1 2 1 1 0 2
haar_x2_y2
-3.717978e-002 0 -1
1.037739e-001 -4.455300e-002 
1
2
3 0 3 3 0 -1
4 1 1 3 0 3
tilted_haar_x3
-6.866294e-001 0 -1
-2.090521e-001 2.360754e-002 
1
2
3 0 3 2 0 -1
4 1 1 2 0 3
tilted_haar_x3
-3.677479e-001 0 -1
9.258258e-002 -6.117699e-002 
1
2
1 3 3 1 0 -1
2 3 1 1 0 3
haar_x3
2.918487e-002 0 -1
-3.275192e-002 1.676854e-001 
1
2
0 2 1 4 0 -1
0 4 1 2 0 2
haar_y2
-1.723410e-001 0 -1
4.117862e-001 -1.276227e-002 
1
2
0 1 4 1 0 -1
2 1 2 1 0 2
haar_x2
3.601453e-002 0 -1
-4.158809e-002 1.247844e-001 
1
2
0 0 4 2 0 -1
2 0 2 2 0 2
haar_x2
-4.187341e-002 0 -1
7.450347e-002 -7.074434e-002 
1
2
0 0 3 2 0 -1
1 0 1 2 0 3
haar_x3
1.080135e-001 0 -1
1.602153e-002 -3.586849e-001 
1
2
2 5 3 1 0 -1
3 5 1 1 0 3
haar_x3
-1.699113e-002 0 -1
-1.278275e-001 4.288098e-002 
1
2
2 5 3 1 0 -1
3 5 1 1 0 3
haar_x3
1.684170e-002 0 -1
3.728274e-002 -1.787823e-001 
1
2
1 2 3 4 0 -1
1 3 3 2 0 2
haar_y4
2.593919e-001 0 -1
1.657248e-002 -2.851114e-001 
1
2
2 2 3 1 0 -1
3 3 1 1 0 3
tilted_haar_x3
-4.105300e-001 0 -1
-7.446604e-001 5.380234e-003 
1
2
0 3 3 1 0 -1
1 3 1 1 0 3
haar_x3
4.290578e-002 0 -1
-5.922239e-002 8.381807e-002 
1
2
0 3 3 2 0 -1
1 3 1 2 0 3
haar_x3
-5.799769e-002 0 -1
1.497435e-001 -3.438775e-002 
1
2
0 1 2 2 0 -1
1 1 1 2 0 2
haar_x2
-8.543934e-002 0 -1
-1.309740e-001 3.568546e-002 
1
3
0 0 2 2 0 -1
0 0 1 1 0 2
1 1 1 1 0 2
haar_x2_y2
-3.851415e-002 0 -1
1.288223e-001 -3.552949e-002 
1
2
3 0 3 1 0 -1
4 0 1 1 0 3
haar_x3
-2.903372e-002 0 -1
-1.320805e-001 3.536836e-002 
1
2
2 0 4 1 0 -1
3 0 2 1 0 2
haar_x4
-4.616841e-002 0 -1
1.545619e-001 -3.418452e-002 
1
2
1 4 4 1 0 -1
2 4 2 1 0 2
haar_x4
-2.045518e-001 0 -1
3.268707e-001 -1.312111e-002 
1
2
1 3 4 3 0 -1
2 3 2 3 0 2
haar_x4
-6.368812e-001 0 -1
-9.530766e-001 5.935512e-003 
1
2
1 2 3 1 0 -1
2 3 1 1 0 3
tilted_haar_x3
2.776960e-001 0 -1
1.100126e-002 -3.627765e-001 
1
2
0 0 6 3 0 -1
0 1 6 1 0 3
haar_y3
1.118341e+000 0 -1
7.598297e-003 -5.324165e-001 
1
2
4 1 2 4 0 -1
4 3 2 2 0 2
haar_y2
-5.167574e-001 0 -1
7.767360e-001 -4.840637e-003 
1
2
0 0 6 2 0 -1
3 0 3 2 0 2
haar_x2
4.458128e-001 0 -1
1.836169e-002 -2.830265e-001 
1
2
0 0 3 1 0 -1
1 0 1 1 0 3
haar_x3
-1.955040e-003 0 -1
7.050176e-002 -7.668573e-002 
1
3
4 2 2 2 0 -1
4 2 1 1 0 2
5 3 1 1 0 2
haar_x2_y2
-3.324031e-002 0 -1
1.019610e-001 -4.006009e-002 
1
3
4 2 2 2 0 -1
4 2 1 1 0 2
5 3 1 1 0 2
haar_x2_y2
3.296643e-002 0 -1
-3.627286e-002 1.351210e-001 
1
2
5 4 1 2 0 -1
5 5 1 1 0 2
haar_y2
1.004773e-002 0 -1
-9.600584e-002 4.766979e-002 
1
2
0 4 6 2 0 -1
0 5 6 1 0 2
haar_y2
-5.349607e-002 0 -1
2.087131e-001 -2.562697e-002 
1
2
0 3 3 3 0 -1
0 4 3 1 0 3
haar_y3
4.659790e-001 0 -1
5.900893e-003 -8.182130e-001 
1
3
0 3 6 2 0 -1
0 3 3 1 0 2
3 4 3 1 0 2
haar_x2_y2
1.519436e-001 0 -1
3.142759e-002 -1.406146e-001 
1
2
1 0 5 4 0 -1
1 1 5 2 0 2
haar_y4
-1.172851e+000 0 -1
-7.998158e-001 4.643913e-003 
1
2
5 0 1 6 0 -1
5 3 1 3 0 2
haar_y2
-1.059119e-001 0 -1
-2.234697e-001 1.777460e-002 
1
2
1 0 3 1 0 -1
2 0 1 1 0 3
haar_x3
4.875697e-002 0 -1
1.751436e-002 -2.449590e-001 
1
2
0 0 6 1 0 -1
2 0 2 1 0 3
haar_x3
4.641446e-001 0 -1
-7.673032e-003 7.839287e-001 
1
2
1 3 1 3 0 -1
1 4 1 1 0 3
haar_y3
-2.571821e-003 0 -1
8.679517e-002 -4.813750e-002 
1
2
2 0 2 4 0 -1
2 2 2 2 0 2
haar_y2
7.973801e-002 0 -1
2.131305e-002 -2.313339e-001 
1
2
0 1 6 3 0 -1
2 1 2 3 0 3
haar_x3
-4.183874e-001 0 -1
-7.536302e-002 7.559694e-002 
1
2
1 0 4 6 0 -1
2 0 2 6 0 2
haar_x4
-8.163413e-002 0 -1
4.129111e-002 -1.351312e-001 
1
2
1 0 4 6 0 -1
2 0 2 6 0 2
haar_x4
8.520172e-002 0 -1
-1.981687e-002 2.542963e-001 
1
2
3 1 2 1 0 -1
4 1 1 1 0 2
haar_x2
-8.261505e-002 0 -1
-7.533392e-001 6.624772e-003 
1
2
5 4 1 2 0 -1
5 5 1 1 0 2
haar_y2
9.204074e-002 0 -1
1.769834e-002 -2.701241e-001 
1
2
2 0 3 3 0 -1
2 1 3 1 0 3
haar_y3
-2.238159e-001 0 -1
1.696290e-001 -2.782173e-002 
1
2
3 2 3 3 0 -1
3 3 3 1 0 3
haar_y3
-4.607629e-001 0 -1
2.588746e-001 -1.790641e-002 
1
2
3 2 2 2 0 -1
3 3 2 1 0 2
haar_y2
5.121451e-003 0 -1
-1.230224e-001 4.664047e-002 
1
2
4 1 1 2 0 -1
4 1 1 1 0 2
tilted_haar_y2
8.698318e-002 0 -1
-5.859474e-002 1.128034e-001 
1
2
2 4 2 1 0 -1
3 4 1 1 0 2
haar_x2
-1.808521e-003 0 -1
7.800910e-002 -7.969026e-002 
1
2
3 1 3 3 0 -1
4 1 1 3 0 3
haar_x3
-9.384370e-001 0 -1
6.060654e-001 -6.698084e-003 
1
2
4 0 1 3 0 -1
3 1 1 1 0 3
tilted_haar_y3
2.608068e-001 0 -1
5.168144e-003 -9.353629e-001 
1
2
3 0 3 3 0 -1
4 1 1 3 0 3
tilted_haar_x3
5.127580e-001 0 -1
-1.054216e-002 5.062626e-001 
1
2
2 4 3 1 0 -1
3 4 1 1 0 3
haar_x3
-1.892415e-002 0 -1
-7.688587e-002 5.927686e-002 
1
2
1 0 4 4 0 -1
2 0 2 4 0 2
haar_x4
-5.856792e-002 0 -1
3.391581e-002 -1.242674e-001 
1
3
3 3 2 2 0 -1
3 3 1 1 0 2
4 4 1 1 0 2
haar_x2_y2
3.061516e-002 0 -1
-2.656152e-002 1.917224e-001 
1
3
0 4 6 2 0 -1
0 4 3 1 0 2
3 5 3 1 0 2
haar_x2_y2
-1.458306e-001 0 -1
-2.056603e-001 2.189174e-002 
1
2
5 2 1 2 0 -1
5 2 1 1 0 2
tilted_haar_y2
-2.053030e-001 0 -1
-4.165885e-001 9.578736e-003 
1
2
5 1 1 3 0 -1
5 2 1 1 0 3
haar_y3
-2.273809e-002 0 -1
4.949026e-002 -9.077695e-002 
1
2
3 1 2 3 0 -1
4 1 1 3 0 2
haar_x2
3.619485e-001 0 -1
-7.979586e-003 6.411344e-001 
1
2
2 0 3 2 0 -1
2 0 3 1 0 2
tilted_haar_y2
3.621541e-001 0 -1
-7.769828e-003 5.150515e-001 
1
2
5 0 1 4 0 -1
5 1 1 2 0 2
haar_y4
-1.573169e-001 0 -1
-1.920452e-001 2.219726e-002 
1
2
1 1 5 4 0 -1
1 2 5 2 0 2
haar_y4
-1.131584e+000 0 -1
-6.320744e-001 6.104844e-003 
1
2
2 3 3 2 0 -1
2 4 3 1 0 2
haar_y2
4.408520e-001 0 -1
7.359578e-003 -6.020814e-001 
1
2
4 2 1 4 0 -1
4 4 1 2 0 2
haar_y2
8.034496e-002 0 -1
-1.272204e-001 3.102724e-002 
-8.622614e-001

13
-1
