72
1
2
2 4 4 4 0 -1
3 4 2 4 0 2
haar_x4
-3.486996e-002 0 -1
2.119017e-001 -3.004862e-001 
1
2
4 0 1 8 0 -1
4 2 1 4 0 2
haar_y4
-1.465277e-001 0 -1
2.437388e-001 -1.841811e-001 
1
2
7 5 1 3 0 -1
7 6 1 1 0 3
haar_y3
2.212314e-002 0 -1
7.830740e-002 -3.778843e-001 
1
2
3 0 1 3 0 -1
2 1 1 1 0 3
tilted_haar_y3
5.169003e-002 0 -1
9.886526e-002 -3.922492e-001 
1
2
5 7 3 1 0 -1
6 7 1 1 0 3
haar_x3
1.296470e-002 0 -1
7.431405e-002 -4.278278e-001 
1
2
0 4 8 3 0 -1
0 5 8 1 0 3
haar_y3
-2.011280e-001 0 -1
-6.293913e-001 1.866302e-002 
1
2
7 5 1 2 0 -1
7 6 1 1 0 2
haar_y2
5.735740e-004 0 -1
-2.217818e-001 1.054212e-001 
1
2
4 3 3 2 0 -1
5 3 1 2 0 3
haar_x3
-3.748746e-002 0 -1
2.565888e-001 -7.902764e-002 
1
2
1 0 6 2 0 -1
4 0 3 2 0 2
haar_x2
-6.379561e-002 0 -1
2.119734e-001 -9.855343e-002 
1
2
1 0 6 1 0 -1
4 0 3 1 0 2
haar_x2
2.543652e-002 0 -1
-9.495167e-002 2.490616e-001 
1
2
0 4 1 4 0 -1
0 6 1 2 0 2
haar_y2
1.096638e-002 0 -1
-2.270427e-001 9.083592e-002 
1
2
0 2 4 2 0 -1
2 2 2 2 0 2
haar_x2
-1.476754e-002 0 -1
9.176463e-002 -2.370823e-001 
1
2
1 7 3 1 0 -1
2 7 1 1 0 3
haar_x3
2.179963e-002 0 -1
2.619362e-002 -7.092636e-001 
1
2
1 7 3 1 0 -1
2 7 1 1 0 3
haar_x3
-1.450849e-002 0 -1
-4.467223e-001 3.956710e-002 
1
2
1 4 3 1 0 -1
2 4 1 1 0 3
haar_x3
-1.964740e-002 0 -1
2.572718e-001 -7.764187e-002 
1
2
2 4 3 1 0 -1
3 4 1 1 0 3
haar_x3
-2.281471e-002 0 -1
2.005594e-001 -1.048154e-001 
1
2
3 3 3 2 0 -1
4 3 1 2 0 3
haar_x3
-4.842307e-002 0 -1
1.977091e-001 -1.012882e-001 
1
2
4 1 3 2 0 -1
5 1 1 2 0 3
haar_x3
2.373812e-002 0 -1
5.678350e-002 -3.923965e-001 
1
2
4 0 3 2 0 -1
5 0 1 2 0 3
haar_x3
-3.490238e-002 0 -1
-5.452801e-001 3.363803e-002 
1
2
0 3 4 2 0 -1
0 4 4 1 0 2
haar_y2
6.819393e-004 0 -1
-2.297437e-001 7.963292e-002 
1
2
0 0 1 3 0 -1
0 1 1 1 0 3
haar_y3
5.500826e-002 0 -1
3.475621e-002 -5.184154e-001 
1
2
3 3 1 3 0 -1
2 4 1 1 0 3
tilted_haar_y3
-8.674447e-003 0 -1
1.828965e-001 -9.664264e-002 
1
2
4 6 3 2 0 -1
5 6 1 2 0 3
haar_x3
1.178726e-002 0 -1
6.189946e-002 -2.748978e-001 
1
2
7 2 1 2 0 -1
7 3 1 1 0 2
haar_y2
-5.042550e-002 0 -1
-5.623689e-001 2.719582e-002 
1
2
0 6 8 2 0 -1
4 6 4 2 0 2
haar_x2
6.253082e-002 0 -1
-8.127701e-002 1.998028e-001 
1
2
7 1 1 2 0 -1
7 2 1 1 0 2
haar_y2
-2.587833e-002 0 -1
-2.858676e-001 5.593341e-002 
1
2
3 4 3 1 0 -1
4 5 1 1 0 3
tilted_haar_x3
-9.625813e-002 0 -1
-5.676479e-001 2.600454e-002 
1
2
2 3 3 1 0 -1
3 3 1 1 0 3
haar_x3
-2.646110e-002 0 -1
2.058812e-001 -7.734746e-002 
1
2
0 6 3 2 0 -1
1 6 1 2 0 3
haar_x3
-2.352688e-002 0 -1
-3.217461e-001 4.713088e-002 
1
2
5 6 2 2 0 -1
5 7 2 1 0 2
haar_y2
1.319810e-002 0 -1
-1.183686e-001 1.173774e-001 
1
2
7 6 1 2 0 -1
7 7 1 1 0 2
haar_y2
2.642237e-002 0 -1
4.061057e-002 -3.688071e-001 
1
2
4 0 3 1 0 -1
5 0 1 1 0 3
haar_x3
7.557041e-003 0 -1
5.186217e-002 -2.634268e-001 
1
3
2 3 2 2 0 -1
2 3 1 1 0 2
3 4 1 1 0 2
haar_x2_y2
-2.449831e-002 0 -1
2.665057e-001 -5.607682e-002 
1
2
1 0 7 4 0 -1
1 1 7 2 0 2
haar_y4
2.407878e-001 0 -1
-6.846318e-002 2.148416e-001 
1
2
6 1 2 4 0 -1
6 2 2 2 0 2
haar_y4
-4.171606e-003 0 -1
8.057335e-002 -2.023846e-001 
1
2
0 2 5 3 0 -1
0 3 5 1 0 3
haar_y3
-2.829437e-001 0 -1
-3.882424e-001 3.448894e-002 
1
3
4 3 2 2 0 -1
4 3 1 1 0 2
5 4 1 1 0 2
haar_x2_y2
-1.384654e-002 0 -1
2.549418e-001 -5.637918e-002 
1
2
0 5 1 3 0 -1
0 6 1 1 0 3
haar_y3
4.045347e-002 0 -1
2.772304e-002 -4.764450e-001 
1
2
0 0 1 8 0 -1
0 2 1 4 0 2
haar_y4
-8.464970e-003 0 -1
7.065082e-002 -1.862699e-001 
1
2
1 2 3 5 0 -1
2 2 1 5 0 3
haar_x3
-3.558423e-002 0 -1
1.911620e-001 -7.801877e-002 
1
2
0 7 3 1 0 -1
1 7 1 1 0 3
haar_x3
2.260903e-002 0 -1
2.549139e-002 -5.475845e-001 
1
2
3 4 3 4 0 -1
4 4 1 4 0 3
haar_x3
-3.447950e-003 0 -1
7.311572e-002 -1.927491e-001 
1
2
2 6 6 1 0 -1
5 6 3 1 0 2
haar_x2
-1.567391e-002 0 -1
1.697968e-001 -7.922127e-002 
1
3
5 3 2 2 0 -1
5 3 1 1 0 2
6 4 1 1 0 2
haar_x2_y2
-3.015215e-002 0 -1
3.674068e-001 -3.799007e-002 
1
2
0 0 3 1 0 -1
1 0 1 1 0 3
haar_x3
1.151256e-002 0 -1
4.794883e-002 -2.947804e-001 
1
2
3 5 2 1 0 -1
4 5 1 1 0 2
haar_x2
-1.184310e-002 0 -1
-2.222051e-001 5.397539e-002 
1
2
5 2 3 2 0 -1
6 3 1 2 0 3
tilted_haar_x3
-1.112424e-001 0 -1
1.517833e-001 -9.318037e-002 
1
2
3 5 4 1 0 -1
5 5 2 1 0 2
haar_x2
-5.516283e-003 0 -1
1.769934e-001 -7.582925e-002 
1
2
2 3 4 3 0 -1
2 4 4 1 0 3
haar_y3
-2.416767e-001 0 -1
-4.944339e-001 2.492831e-002 
1
2
3 6 3 2 0 -1
4 6 1 2 0 3
haar_x3
1.913556e-002 0 -1
2.987621e-002 -4.042233e-001 
1
2
3 6 2 1 0 -1
4 6 1 1 0 2
haar_x2
8.631512e-004 0 -1
-1.061095e-001 1.333195e-001 
1
2
4 2 2 3 0 -1
3 3 2 1 0 3
tilted_haar_y3
-1.204666e-001 0 -1
1.840088e-001 -7.093649e-002 
1
3
6 4 2 2 0 -1
6 4 1 1 0 2
7 5 1 1 0 2
haar_x2_y2
6.312751e-003 0 -1
-7.783238e-002 1.582269e-001 
1
2
5 3 3 2 0 -1
6 3 1 2 0 3
haar_x3
-2.309231e-002 0 -1
2.090764e-001 -7.188681e-002 
1
2
4 4 4 4 0 -1
4 5 4 2 0 2
haar_y4
-1.560231e-001 0 -1
-7.398191e-001 1.802015e-002 
1
2
2 0 3 2 0 -1
3 0 1 2 0 3
haar_x3
2.585657e-002 0 -1
3.016400e-002 -3.856137e-001 
1
2
0 0 6 5 0 -1
2 0 2 5 0 3
haar_x3
3.549162e-001 0 -1
-2.535593e-002 5.286969e-001 
1
2
1 0 3 2 0 -1
2 0 1 2 0 3
haar_x3
2.092488e-002 0 -1
4.287558e-002 -3.326502e-001 
1
3
6 0 2 6 0 -1
6 0 1 3 0 2
7 3 1 3 0 2
haar_x2_y2
-1.530466e-002 0 -1
1.541347e-001 -8.898094e-002 
1
2
4 1 2 3 0 -1
4 1 1 3 0 2
tilted_haar_x2
-1.036231e-001 0 -1
-5.893323e-001 2.228859e-002 
1
2
0 3 3 4 0 -1
1 3 1 4 0 3
haar_x3
-1.902057e-002 0 -1
1.627200e-001 -7.984467e-002 
1
2
0 0 2 7 0 -1
1 0 1 7 0 2
haar_x2
8.324410e-003 0 -1
-1.051253e-001 1.666319e-001 
1
2
0 0 6 2 0 -1
3 0 3 2 0 2
haar_x2
-7.194121e-002 0 -1
1.985119e-001 -7.575916e-002 
1
2
5 0 1 8 0 -1
5 4 1 4 0 2
haar_y2
1.896607e-001 0 -1
3.632049e-002 -3.793084e-001 
1
2
5 3 3 2 0 -1
5 4 3 1 0 2
haar_y2
5.666541e-003 0 -1
-1.755326e-001 6.945591e-002 
1
2
1 1 6 2 0 -1
4 1 3 2 0 2
haar_x2
4.605386e-002 0 -1
-7.851622e-002 1.704431e-001 
1
2
3 1 4 2 0 -1
4 1 2 2 0 2
haar_x4
4.302536e-002 0 -1
2.952474e-002 -4.411528e-001 
1
2
4 5 2 1 0 -1
5 5 1 1 0 2
haar_x2
1.006136e-002 0 -1
7.479152e-002 -1.580776e-001 
1
3
0 2 2 2 0 -1
0 2 1 1 0 2
1 3 1 1 0 2
haar_x2_y2
-6.240855e-003 0 -1
1.292529e-001 -9.116933e-002 
1
2
0 2 4 2 0 -1
2 2 2 2 0 2
haar_x2
6.166219e-002 0 -1
2.458672e-002 -4.492764e-001 
1
2
5 4 2 2 0 -1
5 5 2 1 0 2
haar_y2
9.787600e-003 0 -1
-1.836123e-001 6.024755e-002 
1
3
4 2 2 2 0 -1
4 2 1 1 0 2
5 3 1 1 0 2
haar_x2_y2
2.032544e-002 0 -1
-6.504419e-002 2.024975e-001 
-9.200320e-001

13
-1
