31
1
2
1 0 6 6 0 -1
3 2 2 2 0 9
haar_point
7.240454e-001 0 -1
-4.308739e-001 3.592866e-001 
1
2
1 4 6 3 0 -1
1 5 6 1 0 3
haar_y3
-2.366488e-001 0 -1
5.152839e-001 -2.355479e-001 
1
2
3 0 2 2 0 -1
3 1 2 1 0 2
haar_y2
1.971265e-002 0 -1
1.646655e-001 -5.610045e-001 
1
2
2 3 4 2 0 -1
2 4 4 1 0 2
haar_y2
-1.435282e-001 0 -1
5.228607e-001 -1.500856e-001 
1
2
2 2 4 4 0 -1
2 3 4 2 0 2
haar_y4
1.001492e-001 0 -1
-2.764302e-001 2.719968e-001 
1
2
0 0 8 3 0 -1
0 1 8 1 0 3
haar_y3
2.789953e-004 0 -1
-3.521748e-001 1.941172e-001 
1
2
4 0 1 2 0 -1
4 0 1 1 0 2
tilted_haar_y2
6.313123e-004 0 -1
-3.491338e-001 2.139513e-001 
1
2
4 2 3 2 0 -1
4 3 3 1 0 2
haar_y2
5.444931e-002 0 -1
5.780524e-002 -5.594789e-001 
1
2
2 1 4 2 0 -1
2 2 4 1 0 2
haar_y2
-1.246183e-002 0 -1
-4.533008e-001 9.100964e-002 
1
3
1 2 6 2 0 -1
4 2 3 1 0 2
1 3 3 1 0 2
haar_x2_y2
5.069468e-002 0 -1
1.008614e-001 -5.760931e-001 
1
2
2 0 5 2 0 -1
2 0 5 1 0 2
tilted_haar_y2
2.107668e-001 0 -1
7.900960e-002 -6.979274e-001 
1
2
3 1 2 2 0 -1
3 2 2 1 0 2
haar_y2
2.262467e-002 0 -1
8.883783e-002 -5.010042e-001 
1
2
0 0 2 8 0 -1
0 4 2 4 0 2
haar_y2
-2.928856e-001 0 -1
-5.172423e-001 6.687925e-002 
1
2
7 3 1 2 0 -1
7 4 1 1 0 2
haar_y2
-5.850793e-004 0 -1
1.506574e-001 -2.985690e-001 
1
3
0 1 8 6 0 -1
0 1 4 3 0 2
4 4 4 3 0 2
haar_x2_y2
-1.572954e-001 0 -1
-4.708972e-001 1.294286e-001 
1
2
0 5 8 3 0 -1
2 5 4 3 0 2
haar_x4
-5.048550e-001 0 -1
7.163435e-001 -7.912648e-002 
1
3
2 0 2 2 0 -1
2 0 1 1 0 2
3 1 1 1 0 2
haar_x2_y2
-5.396866e-004 0 -1
1.931975e-001 -1.963988e-001 
1
2
2 2 4 2 0 -1
2 3 4 1 0 2
haar_y2
6.665692e-004 0 -1
-1.903848e-001 1.906696e-001 
1
2
4 1 4 2 0 -1
4 1 4 1 0 2
tilted_haar_y2
4.916463e-002 0 -1
-2.819002e-001 1.495198e-001 
1
2
1 3 6 3 0 -1
1 4 6 1 0 3
haar_y3
-2.450959e-001 0 -1
5.641736e-001 -7.841111e-002 
1
2
3 0 1 2 0 -1
3 1 1 1 0 2
haar_y2
-1.207753e-002 0 -1
-6.228734e-001 7.128549e-002 
1
2
1 5 6 3 0 -1
1 6 6 1 0 3
haar_y3
-1.979147e-001 0 -1
5.300497e-001 -8.304535e-002 
1
2
1 5 1 3 0 -1
1 6 1 1 0 3
haar_y3
8.955450e-004 0 -1
-2.120031e-001 2.119717e-001 
1
3
6 6 2 2 0 -1
7 6 1 1 0 2
6 7 1 1 0 2
haar_x2_y2
5.265490e-004 0 -1
-2.421893e-001 2.096679e-001 
1
3
1 5 2 2 0 -1
1 5 1 1 0 2
2 6 1 1 0 2
haar_x2_y2
4.053573e-004 0 -1
-2.030195e-001 2.075800e-001 
1
3
1 6 6 2 0 -1
4 6 3 1 0 2
1 7 3 1 0 2
haar_x2_y2
-2.964620e-002 0 -1
-3.451061e-001 1.092663e-001 
1
2
1 4 6 2 0 -1
4 4 3 2 0 2
haar_x2
1.487522e-001 0 -1
6.856750e-002 -5.013720e-001 
1
2
5 0 3 1 0 -1
6 1 1 1 0 3
tilted_haar_y3
2.758941e-002 0 -1
8.053263e-002 -4.462683e-001 
1
3
1 0 6 2 0 -1
1 0 3 1 0 2
4 1 3 1 0 2
haar_x2_y2
-4.593686e-002 0 -1
-4.600303e-001 7.174928e-002 
1
3
3 0 2 2 0 -1
4 0 1 1 0 2
3 1 1 1 0 2
haar_x2_y2
4.924309e-004 0 -1
-1.848814e-001 2.093463e-001 
1
2
2 3 4 3 0 -1
2 4 4 1 0 3
haar_y3
9.901173e-002 0 -1
-1.325357e-001 3.091772e-001 
-1.355862e+000

5
-1
