29
1
2
1 1 6 6 0 -1
3 3 2 2 0 9
haar_point
-1.124550e+000 0 -1
4.686882e-001 -2.473312e-001 
1
2
2 0 3 2 0 -1
3 0 1 2 0 3
haar_x3
-2.400606e-002 0 -1
-6.453542e-001 1.402050e-001 
1
2
2 0 3 1 0 -1
3 0 1 1 0 3
haar_x3
1.272982e-002 0 -1
1.719115e-001 -6.034470e-001 
1
2
4 7 3 1 0 -1
5 7 1 1 0 3
haar_x3
1.388486e-002 0 -1
2.909747e-002 -7.141441e-001 
1
2
4 7 3 1 0 -1
5 7 1 1 0 3
haar_x3
-1.378038e-002 0 -1
-6.340123e-001 1.419238e-001 
1
2
3 0 2 6 0 -1
3 3 2 3 0 2
haar_y2
1.013495e-001 0 -1
1.381010e-001 -6.168250e-001 
1
2
2 1 4 3 0 -1
2 2 4 1 0 3
haar_y3
-1.034025e-001 0 -1
4.421925e-001 -1.658296e-001 
1
2
6 0 2 8 0 -1
6 4 2 4 0 2
haar_y2
-9.915420e-002 0 -1
-6.281523e-001 1.081480e-001 
1
2
1 0 3 1 0 -1
2 0 1 1 0 3
haar_x3
1.364350e-002 0 -1
9.042670e-002 -5.716449e-001 
1
2
4 1 4 3 0 -1
3 2 4 1 0 3
tilted_haar_y3
-1.207660e-001 0 -1
2.222064e-001 -2.523897e-001 
1
2
2 6 3 2 0 -1
3 6 1 2 0 3
haar_x3
2.026813e-002 0 -1
9.837113e-002 -6.281062e-001 
1
2
2 6 3 2 0 -1
3 6 1 2 0 3
haar_x3
-2.806545e-002 0 -1
-6.126502e-001 9.326634e-002 
1
2
2 2 6 3 0 -1
4 3 2 1 0 9
haar_point
-2.254407e-001 0 -1
2.320916e-001 -2.627539e-001 
1
2
5 0 2 1 0 -1
6 0 1 1 0 2
haar_x2
-1.554980e-002 0 -1
-6.280265e-001 7.141036e-002 
1
2
0 7 3 1 0 -1
1 7 1 1 0 3
haar_x3
1.498567e-002 0 -1
7.244348e-002 -5.210151e-001 
1
2
1 7 2 1 0 -1
2 7 1 1 0 2
haar_x2
1.114643e-002 0 -1
8.055104e-002 -5.426017e-001 
1
2
3 3 3 3 0 -1
4 4 1 1 0 9
haar_point
-8.781882e-002 0 -1
2.138669e-001 -2.221401e-001 
1
2
0 4 2 1 0 -1
1 4 1 1 0 2
haar_x2
7.098776e-004 0 -1
-1.746014e-001 2.640131e-001 
1
2
0 4 4 1 0 -1
1 4 2 1 0 2
haar_x4
-2.668562e-002 0 -1
5.592122e-001 -9.296245e-002 
1
2
3 7 3 1 0 -1
4 7 1 1 0 3
haar_x3
-9.635827e-003 0 -1
-3.983672e-001 9.919067e-002 
1
2
3 7 2 1 0 -1
4 7 1 1 0 2
haar_x2
1.081896e-002 0 -1
8.248268e-002 -5.623649e-001 
1
2
2 1 3 7 0 -1
3 1 1 7 0 3
haar_x3
-3.716388e-002 0 -1
2.498884e-001 -2.089654e-001 
1
2
7 5 1 2 0 -1
7 6 1 1 0 2
haar_y2
5.530870e-004 0 -1
-3.159820e-001 1.343949e-001 
1
2
0 4 8 4 0 -1
0 6 8 2 0 2
haar_y2
8.331379e-001 0 -1
5.300502e-002 -7.734213e-001 
1
2
3 4 4 1 0 -1
4 4 2 1 0 2
haar_x4
-4.086713e-002 0 -1
3.521351e-001 -1.220919e-001 
1
2
5 3 3 2 0 -1
6 3 1 2 0 3
haar_x3
-3.663298e-002 0 -1
4.690225e-001 -9.258504e-002 
1
2
5 7 3 1 0 -1
6 7 1 1 0 3
haar_x3
-1.798424e-002 0 -1
-5.780991e-001 7.563703e-002 
1
3
6 4 2 2 0 -1
6 4 1 1 0 2
7 5 1 1 0 2
haar_x2_y2
6.455648e-004 0 -1
-1.647007e-001 2.219450e-001 
1
2
5 0 3 1 0 -1
6 0 1 1 0 3
haar_x3
1.501517e-002 0 -1
6.803847e-002 -5.153037e-001 
-1.344711e+000

4
-1
