18
1
2
3 2 8 3 0 -1
3 3 8 1 0 3
haar_y3
-1.908560e-001 0 -1
5.860315e-001 -2.848925e-001 
1
2
10 5 3 3 0 -1
11 6 1 1 0 9
haar_point
6.902328e-002 0 -1
6.371725e-002 -9.656527e-001 
1
2
2 5 3 3 0 -1
3 6 1 1 0 9
haar_point
3.324821e-002 0 -1
1.796732e-001 -6.481816e-001 
1
2
12 0 3 2 0 -1
12 1 3 1 0 2
haar_y2
5.533385e-003 0 -1
1.499017e-001 -6.197111e-001 
1
2
4 4 6 4 0 -1
4 5 6 2 0 2
haar_y4
-7.276474e-002 0 -1
6.290763e-001 -1.930660e-001 
1
3
2 0 12 8 0 -1
8 0 6 4 0 2
2 4 6 4 0 2
haar_x2_y2
2.432256e-001 0 -1
7.604052e-002 -8.167721e-001 
1
2
1 4 3 3 0 -1
2 5 1 1 0 9
haar_point
-1.099649e-002 0 -1
-4.822754e-001 1.884751e-001 
1
3
5 5 10 2 0 -1
10 5 5 1 0 2
5 6 5 1 0 2
haar_x2_y2
-4.629838e-002 0 -1
4.919049e-001 -1.706794e-001 
1
3
1 0 12 2 0 -1
1 0 6 1 0 2
7 1 6 1 0 2
haar_x2_y2
-4.831443e-002 0 -1
-7.284063e-001 1.232373e-001 
1
2
6 1 3 3 0 -1
7 2 1 1 0 9
haar_point
-4.226744e-002 0 -1
4.807099e-001 -2.520625e-001 
1
2
2 2 3 4 0 -1
3 2 1 4 0 3
haar_x3
6.289175e-003 0 -1
2.581196e-001 -4.583727e-001 
1
2
13 0 2 4 0 -1
13 0 1 4 0 2
haar_x2
-4.006606e-004 0 -1
1.702632e-001 -2.918108e-001 
1
2
3 1 8 3 0 -1
3 2 8 1 0 3
haar_y3
8.913809e-002 0 -1
-1.446958e-001 6.278940e-001 
1
2
13 0 2 4 0 -1
13 0 1 4 0 2
haar_x2
-6.438220e-002 0 -1
-6.846240e-001 4.223781e-002 
1
2
0 0 2 4 0 -1
1 0 1 4 0 2
haar_x2
-1.294275e-002 0 -1
3.873578e-001 -2.506302e-001 
1
2
5 6 5 2 0 -1
5 7 5 1 0 2
haar_y2
-4.552327e-002 0 -1
7.038825e-001 -1.111383e-001 
1
2
0 5 2 2 0 -1
0 6 2 1 0 2
haar_y2
-2.638046e-002 0 -1
-9.538518e-001 1.059860e-001 
1
2
10 0 5 2 0 -1
10 0 5 1 0 2
tilted_haar_x2
3.897673e-002 0 -1
-8.531740e-002 3.859138e-001 
-1.041189e+000

11
-1
