33
1
2
4 3 1 2 0 -1
4 3 1 1 0 2
tilted_haar_y2
6.218577e-002 0 -1
-3.565815e-001 4.006171e-001 
1
2
2 2 4 4 0 -1
2 4 4 2 0 2
haar_y2
-4.111516e-001 0 -1
6.784856e-001 -1.324228e-001 
1
2
1 4 5 2 0 -1
1 5 5 1 0 2
haar_y2
-1.365677e-001 0 -1
3.716076e-001 -2.348196e-001 
1
2
4 0 2 1 0 -1
4 0 1 1 0 2
haar_x2
6.122542e-004 0 -1
-4.963847e-001 2.069247e-001 
1
3
0 0 6 8 0 -1
0 0 3 4 0 2
3 4 3 4 0 2
haar_x2_y2
-3.739177e-004 0 -1
1.740731e-001 -4.732095e-001 
1
3
6 0 2 2 0 -1
7 0 1 1 0 2
6 1 1 1 0 2
haar_x2_y2
-5.173948e-004 0 -1
3.116229e-001 -3.099706e-001 
1
2
3 1 1 2 0 -1
3 2 1 1 0 2
haar_y2
1.702802e-002 0 -1
1.016488e-001 -6.349630e-001 
1
2
6 0 2 1 0 -1
6 0 1 1 0 2
tilted_haar_y2
4.151485e-002 0 -1
6.310279e-002 -6.141967e-001 
1
2
2 0 1 2 0 -1
2 0 1 1 0 2
tilted_haar_y2
-5.123350e-004 0 -1
1.674909e-001 -3.611725e-001 
1
2
4 1 1 2 0 -1
4 2 1 1 0 2
haar_y2
-1.135793e-002 0 -1
-6.142275e-001 5.368327e-002 
1
2
0 5 8 3 0 -1
0 6 8 1 0 3
haar_y3
1.010573e-001 0 -1
-1.575276e-001 3.504009e-001 
1
2
7 5 1 2 0 -1
7 5 1 1 0 2
tilted_haar_x2
-8.264782e-002 0 -1
-6.053612e-001 2.509701e-002 
1
2
1 0 2 3 0 -1
1 1 2 1 0 3
haar_y3
-1.914701e-002 0 -1
-5.164932e-001 9.832286e-002 
1
2
4 0 2 3 0 -1
4 1 2 1 0 3
haar_y3
-3.265786e-002 0 -1
-5.806822e-001 6.534868e-002 
1
2
2 0 2 3 0 -1
2 1 2 1 0 3
haar_y3
2.967777e-002 0 -1
9.507018e-002 -5.659062e-001 
1
2
4 1 2 1 0 -1
4 1 1 1 0 2
haar_x2
5.956481e-004 0 -1
-1.868673e-001 7.328289e-002 
1
2
2 1 2 1 0 -1
3 1 1 1 0 2
haar_x2
6.450322e-004 0 -1
-3.227622e-001 1.474530e-001 
1
3
4 0 2 2 0 -1
5 0 1 1 0 2
4 1 1 1 0 2
haar_x2_y2
-7.303410e-004 0 -1
2.175613e-001 -2.093635e-001 
1
2
3 0 2 2 0 -1
3 0 2 1 0 2
tilted_haar_y2
1.008859e-001 0 -1
6.378793e-002 -7.843660e-001 
1
2
7 5 1 2 0 -1
7 5 1 1 0 2
tilted_haar_x2
-6.033412e-004 0 -1
1.105091e-001 -1.361185e-001 
1
2
1 5 2 1 0 -1
1 5 1 1 0 2
tilted_haar_x2
-3.187747e-002 0 -1
-5.425701e-001 1.021500e-001 
1
3
4 0 2 2 0 -1
5 0 1 1 0 2
4 1 1 1 0 2
haar_x2_y2
5.786521e-004 0 -1
-1.427232e-001 2.275517e-001 
1
3
2 0 2 2 0 -1
2 0 1 1 0 2
3 1 1 1 0 2
haar_x2_y2
-5.169580e-004 0 -1
2.203660e-001 -2.209485e-001 
1
2
1 3 6 3 0 -1
1 4 6 1 0 3
haar_y3
1.237849e-001 0 -1
-1.349525e-001 3.154731e-001 
1
2
1 3 6 3 0 -1
1 4 6 1 0 3
haar_y3
-1.536503e-001 0 -1
5.342471e-001 -1.039475e-001 
1
3
6 0 2 2 0 -1
7 0 1 1 0 2
6 1 1 1 0 2
haar_x2_y2
5.638225e-004 0 -1
-1.164790e-001 1.951122e-001 
1
3
0 0 2 2 0 -1
0 0 1 1 0 2
1 1 1 1 0 2
haar_x2_y2
-6.114201e-004 0 -1
2.166637e-001 -2.029688e-001 
1
2
3 0 2 2 0 -1
3 1 2 1 0 2
haar_y2
-2.182239e-002 0 -1
-7.846453e-001 4.680034e-002 
1
2
1 4 5 4 0 -1
1 5 5 2 0 2
haar_y4
-1.530747e-001 0 -1
2.058877e-001 -1.907479e-001 
1
2
7 1 1 6 0 -1
7 4 1 3 0 2
haar_y2
-9.752578e-002 0 -1
-4.082813e-001 1.216186e-001 
1
2
0 0 8 2 0 -1
2 0 4 2 0 2
haar_x4
-2.389815e-001 0 -1
6.788923e-001 -6.726862e-002 
1
2
6 0 2 3 0 -1
6 0 1 3 0 2
tilted_haar_y2
-7.900235e-002 0 -1
-6.244495e-001 5.748247e-002 
1
2
2 0 3 2 0 -1
2 0 3 1 0 2
tilted_haar_y2
-8.353588e-002 0 -1
-6.131509e-001 7.598270e-002 
-1.426740e+000

4
-1
