81
1
2
1 0 3 4 0 -1
1 1 3 2 0 2
haar_y4
5.169203e-001 0 -1
-3.174486e-001 2.875840e-001 
1
2
2 0 3 3 0 -1
3 0 1 3 0 3
haar_x3
-5.999853e-002 0 -1
2.671221e-001 -3.769171e-001 
1
2
0 0 3 4 0 -1
1 0 1 4 0 3
haar_x3
-3.728743e-002 0 -1
2.190285e-001 -4.432763e-001 
1
2
4 2 1 2 0 -1
4 2 1 1 0 2
tilted_haar_x2
2.290283e-001 0 -1
7.833815e-002 -2.349371e-001 
1
2
0 0 4 3 0 -1
2 0 2 3 0 2
haar_x2
-3.121089e-001 0 -1
-4.215692e-001 1.313191e-001 
1
2
4 1 1 2 0 -1
4 2 1 1 0 2
haar_y2
-1.917601e-002 0 -1
1.361456e-001 -2.336295e-001 
1
2
1 1 3 3 0 -1
1 2 3 1 0 3
haar_y3
4.823554e-001 0 -1
-1.019946e-001 1.820939e-001 
1
3
1 1 4 4 0 -1
3 1 2 2 0 2
1 3 2 2 0 2
haar_x2_y2
-5.865263e-001 0 -1
-4.526967e-001 8.604523e-002 
1
3
0 1 4 4 0 -1
0 1 2 2 0 2
2 3 2 2 0 2
haar_x2_y2
-5.177695e-001 0 -1
-2.880518e-001 6.160865e-002 
1
2
4 1 1 3 0 -1
4 2 1 1 0 3
haar_y3
1.094790e-001 0 -1
6.939113e-002 -1.752462e-001 
1
2
0 1 1 4 0 -1
0 3 1 2 0 2
haar_y2
-2.650259e-001 0 -1
-2.542205e-001 8.290934e-002 
1
3
3 0 2 2 0 -1
4 0 1 1 0 2
3 1 1 1 0 2
haar_x2_y2
-3.844862e-002 0 -1
1.987964e-001 -9.541778e-002 
1
2
2 1 2 2 0 -1
2 1 1 2 0 2
tilted_haar_x2
-1.956894e-001 0 -1
-4.908833e-001 3.069581e-002 
1
2
4 1 1 2 0 -1
4 2 1 1 0 2
haar_y2
1.670616e-002 0 -1
-5.719112e-002 2.307196e-001 
1
2
0 1 1 2 0 -1
0 2 1 1 0 2
haar_y2
-3.492801e-003 0 -1
1.006465e-001 -2.053045e-001 
1
2
3 0 2 1 0 -1
3 0 1 1 0 2
tilted_haar_y2
1.517758e-002 0 -1
-1.785026e-001 5.749378e-002 
1
2
2 0 1 2 0 -1
2 0 1 1 0 2
tilted_haar_y2
2.403615e-001 0 -1
3.538352e-002 -4.818327e-001 
1
2
4 0 1 3 0 -1
3 1 1 1 0 3
tilted_haar_x3
4.613079e-001 0 -1
-3.815559e-002 6.089255e-002 
1
2
1 0 3 1 0 -1
2 1 1 1 0 3
tilted_haar_x3
4.555783e-001 0 -1
-4.768896e-002 3.793372e-001 
1
3
1 1 4 4 0 -1
3 1 2 2 0 2
1 3 2 2 0 2
haar_x2_y2
-4.360452e-001 0 -1
-1.761707e-001 5.319724e-002 
1
2
1 0 3 5 0 -1
2 0 1 5 0 3
haar_x3
-3.544880e-001 0 -1
4.059097e-001 -3.425546e-002 
1
3
1 3 4 2 0 -1
3 3 2 1 0 2
1 4 2 1 0 2
haar_x2_y2
4.323042e-001 0 -1
2.435160e-002 -4.852065e-001 
1
3
0 3 4 2 0 -1
0 3 2 1 0 2
2 4 2 1 0 2
haar_x2_y2
4.406861e-001 0 -1
2.566157e-002 -6.843108e-001 
1
2
4 0 1 2 0 -1
4 1 1 1 0 2
haar_y2
-2.092173e-002 0 -1
1.240110e-001 -4.409371e-002 
1
3
0 3 2 2 0 -1
0 3 1 1 0 2
1 4 1 1 0 2
haar_x2_y2
5.171676e-002 0 -1
-9.970101e-002 1.223152e-001 
1
2
1 1 3 4 0 -1
1 3 3 2 0 2
haar_y2
-1.368193e+000 0 -1
2.917650e-001 -4.876311e-002 
1
2
0 0 1 4 0 -1
0 1 1 2 0 2
haar_y4
-3.871606e-001 0 -1
7.193208e-001 -1.750295e-002 
1
2
3 3 2 2 0 -1
3 3 1 2 0 2
haar_x2
-2.583438e-001 0 -1
-2.208985e-001 4.000290e-002 
1
2
0 3 2 2 0 -1
1 3 1 2 0 2
haar_x2
-2.347274e-001 0 -1
-2.710025e-001 5.318992e-002 
1
3
3 0 2 2 0 -1
4 0 1 1 0 2
3 1 1 1 0 2
haar_x2_y2
2.439476e-002 0 -1
-4.699318e-002 7.527605e-002 
1
3
0 0 2 2 0 -1
0 0 1 1 0 2
1 1 1 1 0 2
haar_x2_y2
-6.631774e-002 0 -1
2.181038e-001 -7.620548e-002 
1
2
2 4 3 1 0 -1
3 4 1 1 0 3
haar_x3
1.372987e-001 0 -1
2.726933e-002 -3.866219e-001 
1
2
0 1 4 4 0 -1
2 1 2 4 0 2
haar_x2
9.088670e-001 0 -1
-3.405913e-002 3.332823e-001 
1
2
2 2 1 2 0 -1
2 3 1 1 0 2
haar_y2
-1.063816e-001 0 -1
4.810763e-002 -2.316167e-001 
1
2
1 1 1 2 0 -1
1 2 1 1 0 2
haar_y2
9.411085e-002 0 -1
2.496802e-002 -4.292276e-001 
1
2
1 0 3 1 0 -1
2 0 1 1 0 3
haar_x3
9.676737e-002 0 -1
-1.472818e-001 7.630137e-002 
1
2
1 1 3 4 0 -1
2 1 1 4 0 3
haar_x3
-1.084702e-001 0 -1
2.221825e-001 -5.936697e-002 
1
2
2 4 3 1 0 -1
3 4 1 1 0 3
haar_x3
-8.285375e-002 0 -1
-1.122370e-001 3.760989e-002 
1
2
0 4 3 1 0 -1
1 4 1 1 0 3
haar_x3
5.684523e-002 0 -1
5.224099e-002 -1.911103e-001 
1
2
0 1 5 4 0 -1
0 3 5 2 0 2
haar_y2
-7.215898e-001 0 -1
-6.706592e-002 1.679270e-001 
1
2
1 1 2 3 0 -1
2 1 1 3 0 2
haar_x2
5.963282e-001 0 -1
1.256401e-002 -7.590193e-001 
1
2
4 1 1 2 0 -1
4 2 1 1 0 2
haar_y2
-1.210568e-001 0 -1
-1.138291e-001 2.360633e-002 
1
2
0 1 1 2 0 -1
0 2 1 1 0 2
haar_y2
-2.788398e-001 0 -1
5.758520e-001 -1.528686e-002 
1
2
1 2 4 2 0 -1
2 2 2 2 0 2
haar_x4
-1.867611e-002 0 -1
7.760064e-002 -6.945040e-002 
1
2
0 3 4 1 0 -1
1 3 2 1 0 2
haar_x4
-1.993532e-001 0 -1
-1.999842e-001 4.553878e-002 
1
2
2 1 1 3 0 -1
2 2 1 1 0 3
haar_y3
1.270065e-001 0 -1
-1.188356e-001 7.446907e-002 
1
2
0 2 1 3 0 -1
0 3 1 1 0 3
haar_y3
-2.584981e-001 0 -1
-3.052767e-001 3.240903e-002 
1
2
3 2 2 1 0 -1
3 2 1 1 0 2
tilted_haar_y2
-1.792858e-001 0 -1
-2.526910e-001 1.434409e-002 
1
2
2 2 1 2 0 -1
2 2 1 1 0 2
tilted_haar_y2
6.629623e-002 0 -1
7.119861e-002 -1.429284e-001 
1
2
1 2 3 3 0 -1
1 3 3 1 0 3
haar_y3
3.928409e-001 0 -1
-2.039282e-002 4.604296e-001 
1
2
1 0 3 5 0 -1
2 0 1 5 0 3
haar_x3
-1.008426e+000 0 -1
6.788006e-001 -1.052714e-002 
1
2
2 0 2 1 0 -1
2 0 1 1 0 2
haar_x2
4.401730e-002 0 -1
-1.204543e-001 8.367337e-002 
1
2
0 2 1 3 0 -1
0 3 1 1 0 3
haar_y3
1.867568e-001 0 -1
2.912330e-002 -3.683029e-001 
1
2
2 0 2 1 0 -1
2 0 1 1 0 2
haar_x2
-1.869323e-002 0 -1
1.230186e-001 -2.293896e-002 
1
2
1 0 2 1 0 -1
2 0 1 1 0 2
haar_x2
1.615041e-002 0 -1
-1.591921e-001 5.481349e-002 
1
2
2 0 3 4 0 -1
3 0 1 4 0 3
haar_x3
2.520213e-001 0 -1
-2.367427e-002 1.541179e-001 
1
2
0 0 3 4 0 -1
1 0 1 4 0 3
haar_x3
-3.409914e-002 0 -1
-7.625213e-002 1.629511e-001 
1
2
1 0 4 4 0 -1
1 2 4 2 0 2
haar_y2
-2.979696e-002 0 -1
-2.748496e-002 1.674266e-001 
1
2
0 0 4 4 0 -1
0 2 4 2 0 2
haar_y2
-8.643584e-001 0 -1
1.497572e-001 -9.935990e-002 
1
2
2 0 3 3 0 -1
3 1 1 1 0 9
haar_point
2.498993e-001 0 -1
4.630573e-002 -8.884659e-002 
1
2
0 0 3 3 0 -1
1 1 1 1 0 9
haar_point
1.946886e-001 0 -1
6.904928e-002 -1.406672e-001 
1
2
1 0 3 2 0 -1
1 1 3 1 0 2
haar_y2
2.604110e-002 0 -1
-1.140751e-001 6.972899e-002 
1
2
2 0 1 2 0 -1
2 1 1 1 0 2
haar_y2
6.972562e-002 0 -1
3.183593e-002 -2.495922e-001 
1
2
2 0 1 2 0 -1
2 1 1 1 0 2
haar_y2
-1.458949e-001 0 -1
-1.000000e+000 5.226321e-003 
1
2
0 1 5 3 0 -1
0 2 5 1 0 3
haar_y3
-4.897718e-001 0 -1
2.508824e-001 -3.252140e-002 
1
3
3 2 2 2 0 -1
4 2 1 1 0 2
3 3 1 1 0 2
haar_x2_y2
-6.676852e-002 0 -1
1.063760e-001 -1.224814e-001 
1
2
2 0 1 2 0 -1
2 0 1 1 0 2
tilted_haar_y2
3.693233e-001 0 -1
9.538770e-003 -6.973034e-001 
1
2
3 1 2 4 0 -1
3 1 1 4 0 2
haar_x2
-6.460899e+000 0 -1
-1.000000e+000 1.380764e-003 
1
2
0 1 2 4 0 -1
1 1 1 4 0 2
haar_x2
2.436600e-001 0 -1
-2.937218e-002 2.829818e-001 
1
2
2 3 3 1 0 -1
3 3 1 1 0 3
haar_x3
-1.056991e-001 0 -1
9.351561e-002 -4.854659e-002 
1
2
0 3 3 1 0 -1
1 3 1 1 0 3
haar_x3
-7.809480e-002 0 -1
1.010429e-001 -8.116639e-002 
1
3
1 0 4 2 0 -1
3 0 2 1 0 2
1 1 2 1 0 2
haar_x2_y2
1.211658e-001 0 -1
2.773987e-002 -1.638925e-001 
1
3
0 1 2 4 0 -1
0 1 1 2 0 2
1 3 1 2 0 2
haar_x2_y2
-6.369581e-001 0 -1
4.767960e-001 -1.444142e-002 
1
2
3 4 2 1 0 -1
3 4 1 1 0 2
haar_x2
-1.050497e-001 0 -1
-1.417694e-001 3.097687e-002 
1
2
0 4 2 1 0 -1
1 4 1 1 0 2
haar_x2
-1.316963e-001 0 -1
-1.965372e-001 3.013000e-002 
1
3
3 3 2 2 0 -1
4 3 1 1 0 2
3 4 1 1 0 2
haar_x2_y2
-2.043073e-001 0 -1
4.558246e-001 -2.668713e-002 
1
2
1 2 3 3 0 -1
1 3 3 1 0 3
haar_y3
-1.445374e+000 0 -1
-8.852489e-001 8.028130e-003 
1
2
2 3 1 2 0 -1
2 4 1 1 0 2
haar_y2
9.141022e-002 0 -1
-5.964623e-002 9.441333e-002 
1
2
1 4 3 1 0 -1
2 4 1 1 0 3
haar_x3
1.225703e-001 0 -1
3.418501e-002 -2.243415e-001 
1
2
3 0 2 3 0 -1
3 0 1 3 0 2
tilted_haar_y2
1.089381e-001 0 -1
-1.916623e-001 4.229318e-002 
1
2
0 0 4 5 0 -1
2 0 2 5 0 2
haar_x2
1.368623e+000 0 -1
-2.551878e-002 3.426085e-001 
-1.007182e+000

9
-1
