227
1
2
1 2 3 3 0 -1
1 3 3 1 0 3
haar_y3
-8.250686e-001 0 -1
3.991133e-001 -1.853240e-001 
1
2
1 0 3 4 0 -1
2 0 1 4 0 3
haar_x3
1.824235e-001 0 -1
-3.350074e-001 1.353903e-001 
1
2
2 0 1 2 0 -1
2 1 1 1 0 2
haar_y2
5.537862e-002 0 -1
7.363120e-002 -3.338555e-001 
1
3
1 1 4 2 0 -1
3 1 2 1 0 2
1 2 2 1 0 2
haar_x2_y2
-8.504438e-002 0 -1
-2.339714e-001 8.849379e-002 
1
3
0 1 4 2 0 -1
0 1 2 1 0 2
2 2 2 1 0 2
haar_x2_y2
-8.993040e-002 0 -1
-2.094572e-001 1.352119e-001 
1
2
1 2 4 3 0 -1
2 2 2 3 0 2
haar_x4
3.209296e-001 0 -1
1.674967e-002 -2.667351e-001 
1
2
0 2 4 3 0 -1
1 2 2 3 0 2
haar_x4
1.049526e-001 0 -1
9.782117e-002 -2.165643e-001 
1
2
2 0 2 2 0 -1
2 1 2 1 0 2
haar_y2
-3.013175e-002 0 -1
-2.708344e-001 6.832624e-002 
1
2
1 0 3 4 0 -1
2 0 1 4 0 3
haar_x3
4.274877e-001 0 -1
-1.226770e-001 1.322365e-001 
1
3
1 1 4 4 0 -1
3 1 2 2 0 2
1 3 2 2 0 2
haar_x2_y2
8.724027e-002 0 -1
5.047666e-002 -2.684573e-001 
1
3
0 3 2 2 0 -1
0 3 1 1 0 2
1 4 1 1 0 2
haar_x2_y2
3.837570e-002 0 -1
-1.309948e-001 1.024871e-001 
1
3
2 0 2 4 0 -1
3 0 1 2 0 2
2 2 1 2 0 2
haar_x2_y2
3.635613e-002 0 -1
3.407035e-002 -1.528187e-001 
1
2
1 2 1 3 0 -1
1 3 1 1 0 3
haar_y3
5.519753e-002 0 -1
-3.870164e-002 2.893191e-001 
1
2
4 1 1 4 0 -1
4 2 1 2 0 2
haar_y4
-2.123487e-003 0 -1
6.102246e-002 -1.039826e-001 
1
2
1 0 1 2 0 -1
1 1 1 1 0 2
haar_y2
-3.975758e-002 0 -1
-2.784142e-001 4.526728e-002 
1
2
1 0 4 5 0 -1
2 0 2 5 0 2
haar_x4
-1.091210e+000 0 -1
3.278917e-001 -1.651438e-002 
1
2
0 0 4 1 0 -1
1 0 2 1 0 2
haar_x4
-8.205874e-001 0 -1
7.939929e-001 -1.250714e-002 
1
2
1 3 4 2 0 -1
2 3 2 2 0 2
haar_x4
-2.787754e-001 0 -1
-2.121743e-001 5.108535e-002 
1
2
2 0 2 2 0 -1
2 0 2 1 0 2
tilted_haar_y2
5.318189e-001 0 -1
3.939113e-002 -2.982142e-001 
1
2
2 0 2 4 0 -1
2 1 2 2 0 2
haar_y4
6.606036e-001 0 -1
1.025872e-002 -2.613010e-001 
1
2
0 1 5 2 0 -1
0 2 5 1 0 2
haar_y2
4.062888e-001 0 -1
1.732629e-002 -5.537130e-001 
1
2
1 1 4 3 0 -1
1 2 4 1 0 3
haar_y3
4.643087e-001 0 -1
-8.833287e-002 1.031403e-001 
1
2
1 0 2 4 0 -1
1 1 2 2 0 2
haar_y4
6.220186e-001 0 -1
2.314007e-002 -4.412000e-001 
1
2
4 1 1 4 0 -1
4 2 1 2 0 2
haar_y4
1.878134e-003 0 -1
-3.716096e-002 6.442159e-002 
1
2
0 1 1 4 0 -1
0 2 1 2 0 2
haar_y4
-3.688229e-003 0 -1
8.181600e-002 -1.197988e-001 
1
3
1 0 4 4 0 -1
3 0 2 2 0 2
1 2 2 2 0 2
haar_x2_y2
-4.993386e-001 0 -1
-1.632615e-001 2.223238e-002 
1
3
0 0 4 4 0 -1
0 0 2 2 0 2
2 2 2 2 0 2
haar_x2_y2
-3.557585e-003 0 -1
6.114635e-002 -1.575009e-001 
1
3
2 0 2 2 0 -1
3 0 1 1 0 2
2 1 1 1 0 2
haar_x2_y2
3.508535e-002 0 -1
3.747190e-002 -1.245174e-001 
1
2
1 4 3 1 0 -1
2 4 1 1 0 3
haar_x3
2.731691e-003 0 -1
-9.545285e-002 9.299835e-002 
1
2
1 3 4 2 0 -1
2 3 2 2 0 2
haar_x4
9.896278e-002 0 -1
3.314455e-002 -1.837837e-001 
1
2
0 3 4 2 0 -1
1 3 2 2 0 2
haar_x4
-7.480063e-001 0 -1
4.772674e-001 -2.038295e-002 
1
2
3 3 2 2 0 -1
3 3 1 2 0 2
haar_x2
-1.874650e+000 0 -1
6.685570e-001 -5.630013e-003 
1
2
0 3 2 2 0 -1
1 3 1 2 0 2
haar_x2
-2.347888e-001 0 -1
-2.307902e-001 4.374796e-002 
1
3
2 0 2 4 0 -1
3 0 1 2 0 2
2 2 1 2 0 2
haar_x2_y2
-2.892754e-003 0 -1
2.092752e-002 -6.403956e-002 
1
3
1 0 2 4 0 -1
1 0 1 2 0 2
2 2 1 2 0 2
haar_x2_y2
-3.994335e-001 0 -1
-4.343059e-001 1.866963e-002 
1
2
0 0 5 2 0 -1
0 1 5 1 0 2
haar_y2
7.630337e-001 0 -1
-2.063194e-002 4.344459e-001 
1
2
1 0 2 1 0 -1
2 0 1 1 0 2
haar_x2
-3.782989e-001 0 -1
9.546460e-001 -6.837718e-003 
1
2
2 1 3 3 0 -1
3 2 1 1 0 9
haar_point
1.732003e+000 0 -1
-8.637494e-003 6.719555e-001 
1
2
0 1 3 3 0 -1
1 2 1 1 0 9
haar_point
1.169625e+000 0 -1
-1.882306e-002 3.758323e-001 
1
2
2 1 3 3 0 -1
3 1 1 3 0 3
haar_x3
-1.726974e-001 0 -1
1.002984e-001 -1.096340e-001 
1
3
0 3 4 2 0 -1
0 3 2 1 0 2
2 4 2 1 0 2
haar_x2_y2
2.989585e-001 0 -1
2.789781e-002 -3.117492e-001 
1
2
2 2 3 1 0 -1
3 2 1 1 0 3
haar_x3
8.428681e-002 0 -1
-3.115634e-002 1.328473e-001 
1
2
0 4 3 1 0 -1
1 4 1 1 0 3
haar_x3
1.051475e-001 0 -1
2.796720e-002 -2.661673e-001 
1
2
3 1 1 2 0 -1
3 2 1 1 0 2
haar_y2
1.114961e-001 0 -1
1.838262e-002 -3.030741e-001 
1
2
2 1 1 3 0 -1
2 2 1 1 0 3
haar_y3
1.517971e-001 0 -1
-9.852249e-002 8.075289e-002 
1
2
2 2 3 1 0 -1
3 2 1 1 0 3
haar_x3
2.687074e-001 0 -1
-6.596519e-003 1.942682e-001 
1
2
1 1 1 2 0 -1
1 2 1 1 0 2
haar_y2
8.669229e-002 0 -1
2.492586e-002 -3.381098e-001 
1
3
3 3 2 2 0 -1
4 3 1 1 0 2
3 4 1 1 0 2
haar_x2_y2
5.027079e-002 0 -1
-1.157627e-001 1.217636e-001 
1
2
0 1 3 3 0 -1
1 2 1 1 0 9
haar_point
1.984077e+000 0 -1
-8.208871e-003 8.383358e-001 
1
3
2 1 2 4 0 -1
3 1 1 2 0 2
2 3 1 2 0 2
haar_x2_y2
-6.919152e-002 0 -1
6.175683e-002 -1.004377e-001 
1
3
0 1 4 4 0 -1
0 1 2 2 0 2
2 3 2 2 0 2
haar_x2_y2
1.921680e-001 0 -1
2.640132e-002 -2.919325e-001 
1
3
3 2 2 2 0 -1
4 2 1 1 0 2
3 3 1 1 0 2
haar_x2_y2
7.334979e-003 0 -1
-3.469749e-002 1.313975e-001 
1
2
1 0 2 4 0 -1
1 1 2 2 0 2
haar_y4
-3.313568e-001 0 -1
6.126530e-001 -1.020087e-002 
1
2
4 2 1 2 0 -1
4 3 1 1 0 2
haar_y2
8.971612e-002 0 -1
1.445576e-002 -1.770897e-001 
1
2
0 2 4 1 0 -1
1 2 2 1 0 2
haar_x4
4.492711e-001 0 -1
6.697737e-003 -7.907895e-001 
1
2
2 2 1 2 0 -1
2 3 1 1 0 2
haar_y2
-3.405174e-001 0 -1
-7.755084e-001 5.367703e-003 
1
2
1 1 1 3 0 -1
1 2 1 1 0 3
haar_y3
1.440124e-001 0 -1
-6.067564e-002 9.067175e-002 
1
2
2 2 3 1 0 -1
3 2 1 1 0 3
haar_x3
1.276824e-001 0 -1
-1.769573e-002 1.211307e-001 
1
2
0 2 3 1 0 -1
1 2 1 1 0 3
haar_x3
-8.586314e-002 0 -1
9.998187e-002 -7.539660e-002 
1
2
3 2 2 1 0 -1
3 2 1 1 0 2
haar_x2
3.613162e-003 0 -1
-4.465947e-002 4.373359e-002 
1
2
1 0 1 2 0 -1
1 1 1 1 0 2
haar_y2
2.505808e-003 0 -1
-1.078015e-001 5.931152e-002 
1
2
1 0 4 4 0 -1
1 2 4 2 0 2
haar_y2
-6.203983e-001 0 -1
5.531600e-002 -8.148580e-002 
1
2
0 3 2 1 0 -1
1 3 1 1 0 2
haar_x2
1.000475e-001 0 -1
-1.650911e-002 3.717407e-001 
1
2
4 1 1 4 0 -1
4 3 1 2 0 2
haar_y2
-3.435130e-001 0 -1
-2.666455e-001 4.301289e-002 
1
2
1 1 3 3 0 -1
2 2 1 1 0 9
haar_point
1.889840e+000 0 -1
-1.628252e-002 3.886378e-001 
1
3
2 1 2 2 0 -1
3 1 1 1 0 2
2 2 1 1 0 2
haar_x2_y2
-2.667364e-001 0 -1
-8.600979e-001 4.306042e-003 
1
3
1 1 2 2 0 -1
1 1 1 1 0 2
2 2 1 1 0 2
haar_x2_y2
1.042903e-001 0 -1
1.998748e-002 -2.437208e-001 
1
2
4 0 1 2 0 -1
4 1 1 1 0 2
haar_y2
2.052824e-001 0 -1
-1.919644e-002 2.047840e-001 
1
2
2 0 1 4 0 -1
2 1 1 2 0 2
haar_y4
2.926663e-001 0 -1
3.090164e-002 -1.670938e-001 
1
3
2 0 2 2 0 -1
3 0 1 1 0 2
2 1 1 1 0 2
haar_x2_y2
2.972352e-001 0 -1
-3.917356e-003 6.734337e-001 
1
3
1 0 2 2 0 -1
1 0 1 1 0 2
2 1 1 1 0 2
haar_x2_y2
1.950019e-003 0 -1
-6.338838e-002 9.339081e-002 
1
2
3 2 2 1 0 -1
3 2 1 1 0 2
haar_x2
2.677411e-001 0 -1
-8.393127e-003 2.963693e-001 
1
2
0 2 2 1 0 -1
1 2 1 1 0 2
haar_x2
3.102837e-003 0 -1
-7.161043e-002 7.343415e-002 
1
3
3 3 2 2 0 -1
4 3 1 1 0 2
3 4 1 1 0 2
haar_x2_y2
-3.175854e-001 0 -1
5.894356e-001 -9.884799e-003 
1
3
0 3 2 2 0 -1
0 3 1 1 0 2
1 4 1 1 0 2
haar_x2_y2
1.009002e-001 0 -1
-4.833489e-002 1.282295e-001 
1
2
1 2 3 3 0 -1
1 3 3 1 0 3
haar_y3
-8.325808e-001 0 -1
-1.232012e-001 4.662089e-002 
1
2
0 2 5 3 0 -1
0 3 5 1 0 3
haar_y3
-9.182668e-001 0 -1
1.141521e-001 -6.280565e-002 
1
2
4 0 1 2 0 -1
4 1 1 1 0 2
haar_y2
-7.340735e-002 0 -1
-1.677187e-001 1.916675e-002 
1
2
0 0 1 2 0 -1
0 1 1 1 0 2
haar_y2
-2.186933e-001 0 -1
5.100324e-001 -1.130802e-002 
1
2
3 0 2 3 0 -1
3 1 2 1 0 3
haar_y3
3.642488e-001 0 -1
2.014983e-002 -1.109440e-001 
1
2
0 0 2 3 0 -1
0 1 2 1 0 3
haar_y3
-1.695629e-001 0 -1
-3.723296e-001 1.676480e-002 
1
2
1 2 4 1 0 -1
1 2 2 1 0 2
haar_x2
1.422600e-001 0 -1
5.249294e-002 -1.073500e-001 
1
2
0 2 4 1 0 -1
2 2 2 1 0 2
haar_x2
4.591788e-001 0 -1
7.782242e-003 -6.578503e-001 
1
2
1 1 3 4 0 -1
1 2 3 2 0 2
haar_y4
1.466349e-001 0 -1
-3.954783e-002 1.596797e-001 
1
2
0 3 4 1 0 -1
2 3 2 1 0 2
haar_x2
-1.163704e-003 0 -1
5.149652e-002 -1.080099e-001 
1
2
1 0 4 5 0 -1
1 0 2 5 0 2
haar_x2
7.034589e-001 0 -1
2.848162e-002 -1.003485e-001 
1
2
0 2 5 2 0 -1
0 3 5 1 0 2
haar_y2
-6.777569e-002 0 -1
-2.751920e-002 2.058325e-001 
1
2
2 1 1 3 0 -1
2 2 1 1 0 3
haar_y3
3.294975e-003 0 -1
-1.666044e-001 3.815534e-002 
1
2
1 4 3 1 0 -1
2 4 1 1 0 3
haar_x3
-3.264967e-002 0 -1
-1.091445e-001 5.503885e-002 
1
2
2 0 1 2 0 -1
2 1 1 1 0 2
haar_y2
1.688422e-001 0 -1
8.370931e-003 -5.766988e-001 
1
3
1 1 2 4 0 -1
1 1 1 2 0 2
2 3 1 2 0 2
haar_x2_y2
-1.093496e-001 0 -1
6.274112e-002 -8.661535e-002 
1
3
2 2 2 2 0 -1
3 2 1 1 0 2
2 3 1 1 0 2
haar_x2_y2
-1.170741e-001 0 -1
9.486514e-002 -3.147297e-002 
1
3
1 2 2 2 0 -1
1 2 1 1 0 2
2 3 1 1 0 2
haar_x2_y2
2.618202e-003 0 -1
-5.119303e-002 1.842038e-001 
1
2
3 0 1 2 0 -1
3 0 1 1 0 2
tilted_haar_x2
-1.362008e-001 0 -1
-2.765499e-001 1.361638e-002 
1
2
2 0 2 1 0 -1
2 0 1 1 0 2
tilted_haar_x2
8.455174e-002 0 -1
-3.390383e-002 2.197036e-001 
1
2
4 0 1 4 0 -1
4 1 1 2 0 2
haar_y4
4.645217e-002 0 -1
-7.763384e-002 4.252982e-002 
1
2
0 0 1 4 0 -1
0 1 1 2 0 2
haar_y4
2.324895e-003 0 -1
-1.264069e-001 3.853229e-002 
1
2
4 1 1 4 0 -1
4 3 1 2 0 2
haar_y2
-4.782323e-001 0 -1
-4.108115e-001 1.439582e-002 
1
3
1 1 2 4 0 -1
1 1 1 2 0 2
2 3 1 2 0 2
haar_x2_y2
-6.302154e-002 0 -1
5.083741e-002 -1.190775e-001 
1
3
2 2 2 2 0 -1
3 2 1 1 0 2
2 3 1 1 0 2
haar_x2_y2
1.755966e-001 0 -1
-6.956489e-003 2.822294e-001 
1
3
1 2 2 2 0 -1
1 2 1 1 0 2
2 3 1 1 0 2
haar_x2_y2
2.352860e-001 0 -1
-9.109820e-003 6.718252e-001 
1
2
1 1 4 1 0 -1
2 1 2 1 0 2
haar_x4
-3.996142e-003 0 -1
1.002406e-001 -4.404837e-002 
1
2
2 0 1 2 0 -1
2 1 1 1 0 2
haar_y2
-7.154396e-002 0 -1
-3.313531e-001 1.612352e-002 
1
2
0 0 5 2 0 -1
0 1 5 1 0 2
haar_y2
4.140791e-002 0 -1
9.989147e-002 -5.209212e-002 
1
2
1 0 3 1 0 -1
2 0 1 1 0 3
haar_x3
5.580372e-002 0 -1
-1.492294e-001 3.937141e-002 
1
2
1 0 4 4 0 -1
1 0 2 4 0 2
haar_x2
-4.115391e+000 0 -1
6.421636e-001 -3.435058e-003 
1
2
1 3 3 2 0 -1
2 3 1 2 0 3
haar_x3
5.708165e-001 0 -1
5.759387e-003 -8.867717e-001 
1
2
2 4 3 1 0 -1
3 4 1 1 0 3
haar_x3
-1.299906e-001 0 -1
-1.826122e-001 3.670726e-002 
1
2
0 4 3 1 0 -1
1 4 1 1 0 3
haar_x3
-5.066730e-001 0 -1
4.906077e-001 -1.103306e-002 
1
2
1 3 4 2 0 -1
2 3 2 2 0 2
haar_x4
-5.753480e-001 0 -1
2.206883e-001 -1.227696e-002 
1
2
0 3 4 2 0 -1
1 3 2 2 0 2
haar_x4
-2.858950e-001 0 -1
-1.874502e-001 3.803917e-002 
1
3
2 1 2 4 0 -1
3 1 1 2 0 2
2 3 1 2 0 2
haar_x2_y2
-5.601603e-001 0 -1
-6.678535e-001 6.907564e-003 
1
2
0 0 4 4 0 -1
0 2 4 2 0 2
haar_y2
-2.041340e-001 0 -1
-3.988040e-002 1.326717e-001 
1
2
1 0 4 4 0 -1
1 2 4 2 0 2
haar_y2
3.720343e-001 0 -1
1.290380e-002 -2.901962e-001 
1
2
0 2 5 3 0 -1
0 3 5 1 0 3
haar_y3
5.008204e-001 0 -1
-1.498237e-002 3.036109e-001 
1
2
1 2 3 3 0 -1
1 3 3 1 0 3
haar_y3
-3.521968e-001 0 -1
4.425728e-002 -1.113905e-001 
1
3
0 3 2 2 0 -1
0 3 1 1 0 2
1 4 1 1 0 2
haar_x2_y2
-1.658175e-001 0 -1
2.780001e-001 -1.664116e-002 
1
2
4 1 1 4 0 -1
4 3 1 2 0 2
haar_y2
-2.718509e-003 0 -1
3.029611e-002 -1.190174e-001 
1
2
0 1 1 4 0 -1
0 3 1 2 0 2
haar_y2
2.329630e-001 0 -1
1.308079e-002 -3.772240e-001 
1
2
0 1 5 4 0 -1
0 3 5 2 0 2
haar_y2
-6.366066e-001 0 -1
-4.744139e-002 1.400668e-001 
1
2
2 1 1 4 0 -1
2 3 1 2 0 2
haar_y2
-1.856523e-001 0 -1
2.874286e-002 -1.640663e-001 
1
2
4 2 1 2 0 -1
4 3 1 1 0 2
haar_y2
2.205384e-003 0 -1
-4.154193e-002 1.275800e-001 
1
2
0 3 3 2 0 -1
1 3 1 2 0 3
haar_x3
2.954222e-001 0 -1
9.805415e-003 -4.505892e-001 
1
2
1 3 3 2 0 -1
2 3 1 2 0 3
haar_x3
-9.803510e-001 0 -1
6.617178e-001 -6.877491e-003 
1
3
1 1 2 4 0 -1
1 1 1 2 0 2
2 3 1 2 0 2
haar_x2_y2
-3.861047e-001 0 -1
-2.653188e-001 1.912628e-002 
1
2
0 0 5 2 0 -1
0 1 5 1 0 2
haar_y2
9.407573e-001 0 -1
-1.022953e-002 4.172476e-001 
1
3
0 1 4 2 0 -1
0 1 2 1 0 2
2 2 2 1 0 2
haar_x2_y2
-3.426353e-002 0 -1
-8.187452e-002 5.685818e-002 
1
2
2 0 3 4 0 -1
2 1 3 2 0 2
haar_y4
9.711580e-001 0 -1
6.915159e-003 -2.548710e-001 
1
2
0 2 1 2 0 -1
0 3 1 1 0 2
haar_y2
-1.420447e-001 0 -1
-1.773073e-001 2.224851e-002 
1
2
4 2 1 2 0 -1
4 3 1 1 0 2
haar_y2
1.410860e-001 0 -1
6.528089e-003 -2.988503e-001 
1
2
0 2 4 1 0 -1
1 2 2 1 0 2
haar_x4
3.567161e-001 0 -1
1.008759e-002 -3.807704e-001 
1
2
3 0 1 4 0 -1
3 2 1 2 0 2
haar_y2
-3.782333e-001 0 -1
-1.450437e-001 1.093202e-002 
1
3
0 1 4 4 0 -1
0 1 2 2 0 2
2 3 2 2 0 2
haar_x2_y2
-9.408271e-001 0 -1
3.571777e-001 -9.985643e-003 
1
2
4 1 1 4 0 -1
4 3 1 2 0 2
haar_y2
-2.718509e-003 0 -1
2.251443e-002 -9.482738e-002 
1
3
0 2 2 2 0 -1
0 2 1 1 0 2
1 3 1 1 0 2
haar_x2_y2
5.622549e-002 0 -1
-2.378514e-002 1.719774e-001 
1
2
3 1 1 3 0 -1
3 2 1 1 0 3
haar_y3
-7.177353e-002 0 -1
1.327651e-001 -2.631372e-002 
1
2
1 1 1 3 0 -1
1 2 1 1 0 3
haar_y3
8.619909e-002 0 -1
-9.403683e-002 8.202851e-002 
1
2
3 1 1 2 0 -1
3 2 1 1 0 2
haar_y2
-3.000120e-003 0 -1
3.515791e-002 -5.924614e-002 
1
2
0 0 3 2 0 -1
0 1 3 1 0 2
haar_y2
-1.281232e-001 0 -1
-2.414154e-001 1.562603e-002 
1
2
0 0 5 3 0 -1
0 1 5 1 0 3
haar_y3
6.657223e-002 0 -1
1.191882e-001 -3.734175e-002 
1
2
1 1 1 2 0 -1
1 2 1 1 0 2
haar_y2
-2.276724e-003 0 -1
5.376029e-002 -9.384992e-002 
1
2
1 0 4 4 0 -1
1 2 4 2 0 2
haar_y2
-3.371476e-002 0 -1
-2.807549e-002 1.634378e-001 
1
2
1 2 3 3 0 -1
2 3 1 1 0 9
haar_point
2.249941e-001 0 -1
2.044969e-002 -1.903788e-001 
1
2
3 1 2 2 0 -1
3 1 1 2 0 2
tilted_haar_y2
1.129003e-001 0 -1
-1.516453e-001 2.760807e-002 
1
2
0 0 4 5 0 -1
2 0 2 5 0 2
haar_x2
8.975557e-001 0 -1
-3.269367e-002 1.825145e-001 
1
2
1 1 3 3 0 -1
1 2 3 1 0 3
haar_y3
9.354793e-001 0 -1
8.511821e-003 -4.514770e-001 
1
2
0 0 4 2 0 -1
2 0 2 2 0 2
haar_x2
8.788224e-001 0 -1
9.847870e-003 -3.645748e-001 
1
2
2 0 3 1 0 -1
3 0 1 1 0 3
haar_x3
-7.493304e-003 0 -1
3.966590e-002 -8.967897e-002 
1
2
0 0 4 1 0 -1
1 0 2 1 0 2
haar_x4
-1.384881e-001 0 -1
2.413719e-001 -1.903764e-002 
1
2
4 0 1 4 0 -1
4 0 1 2 0 2
tilted_haar_x2
-5.927807e-001 0 -1
-2.773667e-001 1.053058e-002 
1
2
2 0 2 2 0 -1
2 0 2 1 0 2
tilted_haar_y2
7.983997e-001 0 -1
2.961355e-003 -9.997700e-001 
1
2
3 1 2 2 0 -1
3 1 1 2 0 2
tilted_haar_y2
1.186109e+000 0 -1
7.520631e-004 -1.000125e+000 
1
2
2 1 2 2 0 -1
2 1 2 1 0 2
tilted_haar_y2
8.691794e-001 0 -1
-1.126539e-002 4.031149e-001 
1
2
4 1 1 4 0 -1
4 3 1 2 0 2
haar_y2
-2.197789e-001 0 -1
-7.623100e-002 4.380711e-002 
1
3
0 0 2 2 0 -1
0 0 1 1 0 2
1 1 1 1 0 2
haar_x2_y2
-9.115774e-004 0 -1
5.931413e-002 -6.253359e-002 
1
3
3 0 2 2 0 -1
4 0 1 1 0 2
3 1 1 1 0 2
haar_x2_y2
-1.170049e-001 0 -1
1.715213e-001 -2.759175e-002 
1
3
0 0 2 2 0 -1
0 0 1 1 0 2
1 1 1 1 0 2
haar_x2_y2
2.442517e-003 0 -1
-6.135164e-002 8.082239e-002 
1
2
2 0 2 4 0 -1
2 1 2 2 0 2
haar_y4
3.721122e-001 0 -1
-5.003101e-002 4.078389e-002 
1
2
1 0 3 4 0 -1
1 2 3 2 0 2
haar_y2
-1.061041e+000 0 -1
2.104035e-001 -2.598244e-002 
1
2
3 0 1 4 0 -1
3 2 1 2 0 2
haar_y2
2.412887e-001 0 -1
6.824501e-003 -2.808040e-001 
1
2
1 0 1 4 0 -1
1 2 1 2 0 2
haar_y2
-3.566753e-001 0 -1
-2.249186e-001 2.265820e-002 
1
2
2 0 2 4 0 -1
2 1 2 2 0 2
haar_y4
5.490906e-001 0 -1
1.526868e-002 -9.458095e-002 
1
2
2 0 3 1 0 -1
3 1 1 1 0 3
tilted_haar_x3
1.551546e-002 0 -1
2.252813e-001 -1.984948e-002 
1
2
1 1 3 3 0 -1
2 1 1 3 0 3
haar_x3
-4.192331e-001 0 -1
-5.043665e-001 1.266027e-002 
1
2
0 0 4 4 0 -1
0 2 4 2 0 2
haar_y2
2.207737e-001 0 -1
-2.252627e-002 2.467482e-001 
1
2
2 0 2 4 0 -1
2 1 2 2 0 2
haar_y4
2.209318e-001 0 -1
-9.096405e-002 2.325586e-002 
1
2
1 0 2 4 0 -1
1 1 2 2 0 2
haar_y4
5.382142e-001 0 -1
2.812297e-002 -1.923581e-001 
1
2
2 1 1 3 0 -1
2 2 1 1 0 3
haar_y3
4.059847e-001 0 -1
1.051831e-002 -3.557040e-001 
1
2
1 0 4 1 0 -1
2 1 2 1 0 2
tilted_haar_x4
3.072990e-001 0 -1
-4.199241e-002 9.199838e-002 
1
2
3 1 2 1 0 -1
3 1 1 1 0 2
haar_x2
-2.475984e-003 0 -1
6.595686e-002 -6.095688e-002 
1
2
2 0 1 2 0 -1
2 0 1 1 0 2
tilted_haar_y2
1.363961e-001 0 -1
3.193720e-002 -1.313289e-001 
1
2
4 1 1 4 0 -1
4 3 1 2 0 2
haar_y2
-7.764249e-001 0 -1
-8.613026e-001 2.520462e-003 
1
2
0 1 1 4 0 -1
0 3 1 2 0 2
haar_y2
-3.234384e-001 0 -1
-1.593993e-001 2.702746e-002 
1
2
0 2 5 2 0 -1
0 3 5 1 0 2
haar_y2
-8.392646e-001 0 -1
1.605400e-001 -2.966784e-002 
1
2
1 0 3 4 0 -1
1 2 3 2 0 2
haar_y2
-8.310694e-001 0 -1
1.029150e-001 -4.414156e-002 
1
2
4 2 1 3 0 -1
4 3 1 1 0 3
haar_y3
3.749623e-003 0 -1
-3.909066e-002 7.187877e-002 
1
2
0 0 4 1 0 -1
2 0 2 1 0 2
haar_x2
-6.876788e-001 0 -1
4.120586e-001 -7.991024e-003 
1
2
1 3 4 1 0 -1
1 3 2 1 0 2
haar_x2
-8.348909e-004 0 -1
3.549669e-002 -6.053092e-002 
1
2
0 0 4 5 0 -1
1 0 2 5 0 2
haar_x4
6.851125e-001 0 -1
-2.657575e-002 1.799638e-001 
1
2
1 0 4 2 0 -1
2 0 2 2 0 2
haar_x4
1.411330e-001 0 -1
-5.015888e-002 4.974236e-002 
1
2
0 0 4 2 0 -1
1 0 2 2 0 2
haar_x4
3.888169e-001 0 -1
2.924992e-002 -1.544201e-001 
1
2
4 0 1 4 0 -1
4 2 1 2 0 2
haar_y2
1.162152e-001 0 -1
2.472321e-002 -1.687710e-001 
1
2
0 0 4 1 0 -1
1 0 2 1 0 2
haar_x4
1.233583e-001 0 -1
-5.816544e-002 9.386945e-002 
1
2
2 0 1 4 0 -1
2 2 1 2 0 2
haar_y2
-5.502523e-001 0 -1
-4.864292e-001 8.522990e-003 
1
2
2 1 1 2 0 -1
2 2 1 1 0 2
haar_y2
-2.620158e-001 0 -1
3.231560e-001 -1.130941e-002 
1
2
2 0 1 3 0 -1
2 1 1 1 0 3
haar_y3
9.392573e-002 0 -1
4.681546e-002 -8.968382e-002 
1
2
2 0 1 2 0 -1
2 1 1 1 0 2
haar_y2
2.263072e-003 0 -1
-7.142829e-002 5.281471e-002 
1
2
2 0 1 2 0 -1
2 1 1 1 0 2
haar_y2
-2.327003e-003 0 -1
9.756723e-002 -5.050969e-002 
1
2
1 0 3 4 0 -1
2 0 1 4 0 3
haar_x3
1.484128e+000 0 -1
5.213723e-003 -7.055161e-001 
1
2
2 0 3 1 0 -1
3 0 1 1 0 3
haar_x3
-6.545278e-001 0 -1
4.440357e-001 -9.347155e-003 
1
2
0 0 3 1 0 -1
1 0 1 1 0 3
haar_x3
-2.767361e-002 0 -1
4.806630e-002 -8.033957e-002 
1
2
2 0 3 5 0 -1
3 0 1 5 0 3
haar_x3
6.547518e-001 0 -1
-1.195545e-002 3.557968e-001 
1
2
0 2 4 2 0 -1
2 2 2 2 0 2
haar_x2
2.764468e-001 0 -1
2.990060e-002 -1.461918e-001 
1
2
1 3 4 1 0 -1
1 3 2 1 0 2
haar_x2
3.451293e-002 0 -1
2.846124e-002 -6.992850e-002 
1
2
0 2 4 2 0 -1
1 2 2 2 0 2
haar_x4
-2.692812e-001 0 -1
-1.748433e-001 2.739805e-002 
1
2
4 0 1 4 0 -1
4 2 1 2 0 2
haar_y2
-3.152514e-001 0 -1
-1.566146e-001 2.060091e-002 
1
2
0 1 3 3 0 -1
1 2 1 1 0 9
haar_point
2.833843e-001 0 -1
4.457380e-002 -7.194849e-002 
1
2
2 0 3 4 0 -1
3 0 1 4 0 3
haar_x3
-4.584929e+000 0 -1
-7.200515e-001 1.545682e-003 
1
2
0 0 3 4 0 -1
1 0 1 4 0 3
haar_x3
6.580323e-002 0 -1
-3.862111e-002 1.372248e-001 
1
2
2 3 3 1 0 -1
3 3 1 1 0 3
haar_x3
-3.631688e-001 0 -1
-2.519735e-001 9.182630e-003 
1
2
0 3 3 1 0 -1
1 3 1 1 0 3
haar_x3
-6.226517e-002 0 -1
6.593668e-002 -6.545565e-002 
1
2
1 3 4 1 0 -1
2 3 2 1 0 2
haar_x4
-7.363664e-001 0 -1
5.006571e-001 -6.807032e-003 
1
2
0 3 4 1 0 -1
1 3 2 1 0 2
haar_x4
4.351633e-003 0 -1
-3.723017e-002 9.959149e-002 
1
2
1 2 3 3 0 -1
2 2 1 3 0 3
haar_x3
3.949009e-002 0 -1
7.089758e-002 -5.178591e-002 
1
2
1 2 2 1 0 -1
2 2 1 1 0 2
haar_x2
3.345827e-003 0 -1
-1.306563e-001 5.164147e-002 
1
3
2 3 2 2 0 -1
3 3 1 1 0 2
2 4 1 1 0 2
haar_x2_y2
-2.187527e-001 0 -1
-3.110546e-001 5.302526e-003 
1
2
0 0 4 4 0 -1
2 0 2 4 0 2
haar_x2
2.316979e-001 0 -1
4.749862e-002 -7.071538e-002 
1
2
2 4 2 1 0 -1
2 4 1 1 0 2
haar_x2
1.413516e-001 0 -1
1.054966e-002 -1.596103e-001 
1
2
1 4 2 1 0 -1
2 4 1 1 0 2
haar_x2
3.550376e-003 0 -1
-6.294627e-002 7.431074e-002 
1
2
2 4 3 1 0 -1
3 4 1 1 0 3
haar_x3
1.483202e-001 0 -1
2.126738e-002 -4.019181e-001 
1
2
0 0 1 4 0 -1
0 2 1 2 0 2
haar_y2
-2.924007e-001 0 -1
-1.582418e-001 2.125356e-002 
1
2
0 0 5 4 0 -1
0 2 5 2 0 2
haar_y2
-1.601917e+000 0 -1
2.290040e-001 -2.090017e-002 
1
3
0 1 2 2 0 -1
0 1 1 1 0 2
1 2 1 1 0 2
haar_x2_y2
2.571508e-003 0 -1
-6.026629e-002 6.451287e-002 
1
2
0 0 5 4 0 -1
0 1 5 2 0 2
haar_y4
8.203983e-001 0 -1
-4.769734e-002 7.037147e-002 
1
2
1 1 2 4 0 -1
1 3 2 2 0 2
haar_y2
-2.711030e-001 0 -1
-3.174991e-002 1.488861e-001 
1
2
3 1 2 2 0 -1
3 1 2 1 0 2
tilted_haar_x2
-3.347597e-002 0 -1
-1.416158e-001 1.583888e-002 
1
2
0 1 1 4 0 -1
0 3 1 2 0 2
haar_y2
-2.153473e-001 0 -1
-8.271758e-002 4.305402e-002 
1
2
4 2 1 2 0 -1
4 3 1 1 0 2
haar_y2
-2.070435e-001 0 -1
1.974513e-001 -1.004747e-002 
1
2
2 1 2 2 0 -1
2 1 1 2 0 2
tilted_haar_x2
-2.670707e-001 0 -1
-3.627183e-001 1.027485e-002 
1
2
1 4 4 1 0 -1
1 4 2 1 0 2
haar_x2
4.877816e-001 0 -1
-1.207483e-002 4.300859e-001 
1
3
0 1 4 4 0 -1
0 1 2 2 0 2
2 3 2 2 0 2
haar_x2_y2
-4.425505e-001 0 -1
-1.120186e-001 3.578639e-002 
1
2
1 4 4 1 0 -1
2 4 2 1 0 2
haar_x4
-2.805436e-001 0 -1
2.313492e-001 -1.886985e-002 
1
2
1 1 2 4 0 -1
1 2 2 2 0 2
haar_y4
-9.090049e-001 0 -1
-6.156209e-001 6.817816e-003 
1
2
1 4 3 1 0 -1
2 4 1 1 0 3
haar_x3
2.572977e-001 0 -1
7.948287e-003 -3.734922e-001 
1
2
1 0 2 5 0 -1
2 0 1 5 0 2
haar_x2
7.467037e-001 0 -1
-1.761870e-002 2.550587e-001 
1
2
2 4 3 1 0 -1
3 4 1 1 0 3
haar_x3
-6.768622e-002 0 -1
-6.593142e-002 2.963950e-002 
1
2
0 4 3 1 0 -1
1 4 1 1 0 3
haar_x3
-5.179730e-002 0 -1
-7.854241e-002 4.293276e-002 
-9.344625e-001

11
-1
