23
1
2
2 1 2 4 0 -1
2 2 2 2 0 2
haar_y4
-2.665254e-001 0 -1
4.726527e-001 -3.346171e-001 
1
2
4 5 2 1 0 -1
5 5 1 1 0 2
haar_x2
-3.541704e-002 0 -1
-7.038016e-001 1.631002e-001 
1
2
1 0 3 1 0 -1
2 0 1 1 0 3
haar_x3
5.832344e-002 0 -1
1.474994e-001 -7.480434e-001 
1
2
1 4 2 2 0 -1
2 4 1 2 0 2
haar_x2
5.799352e-002 0 -1
7.448218e-002 -7.577608e-001 
1
2
2 5 2 1 0 -1
3 5 1 1 0 2
haar_x2
-4.231865e-002 0 -1
-7.211885e-001 9.688642e-002 
1
2
2 5 2 1 0 -1
3 5 1 1 0 2
haar_x2
3.882701e-002 0 -1
7.022171e-002 -7.050095e-001 
1
2
2 0 4 1 0 -1
3 1 2 1 0 2
tilted_haar_x4
-1.700892e-001 0 -1
2.104141e-001 -3.377494e-001 
1
2
1 0 3 2 0 -1
2 0 1 2 0 3
haar_x3
-9.473523e-002 0 -1
-6.274930e-001 1.204297e-001 
1
2
4 0 2 2 0 -1
5 0 1 2 0 2
haar_x2
-5.468683e-002 0 -1
-5.264779e-001 7.296118e-002 
1
2
4 0 2 3 0 -1
3 1 2 1 0 3
tilted_haar_y3
-3.386597e-001 0 -1
2.480010e-001 -2.006039e-001 
1
2
5 0 1 6 0 -1
5 3 1 3 0 2
haar_y2
-1.476209e-001 0 -1
-6.684451e-001 7.020833e-002 
1
2
1 0 5 3 0 -1
1 1 5 1 0 3
haar_y3
4.424250e-001 0 -1
-1.013530e-001 5.013363e-001 
1
2
2 4 3 2 0 -1
2 5 3 1 0 2
haar_y2
-5.735938e-002 0 -1
-6.499916e-001 7.711537e-002 
1
2
0 0 3 2 0 -1
1 0 1 2 0 3
haar_x3
7.919602e-002 0 -1
7.714537e-002 -5.014976e-001 
1
2
2 0 1 2 0 -1
2 0 1 1 0 2
tilted_haar_y2
-8.334865e-002 0 -1
-3.779023e-001 1.107847e-001 
1
2
0 5 2 1 0 -1
1 5 1 1 0 2
haar_x2
3.688640e-002 0 -1
8.311654e-002 -5.319286e-001 
1
2
1 2 3 2 0 -1
2 2 1 2 0 3
haar_x3
-1.608852e-001 0 -1
3.689231e-001 -1.203576e-001 
1
2
3 5 2 1 0 -1
4 5 1 1 0 2
haar_x2
4.133385e-002 0 -1
8.496434e-002 -4.889878e-001 
1
2
2 3 3 1 0 -1
3 3 1 1 0 3
haar_x3
-7.805046e-002 0 -1
2.705087e-001 -1.579981e-001 
1
2
2 0 3 3 0 -1
2 1 3 1 0 3
haar_y3
-1.869109e-001 0 -1
4.614161e-001 -8.309404e-002 
1
2
3 5 2 1 0 -1
4 5 1 1 0 2
haar_x2
-2.565394e-002 0 -1
-4.214854e-001 9.384356e-002 
1
2
2 2 3 2 0 -1
3 2 1 2 0 3
haar_x3
1.680166e-001 0 -1
-4.505583e-002 7.617778e-001 
1
2
3 0 2 2 0 -1
4 0 1 2 0 2
haar_x2
-9.137727e-002 0 -1
-5.087640e-001 7.346528e-002 
-1.368559e+000

2
-1
