75
1
2
0 1 5 3 0 -1
0 2 5 1 0 3
haar_y3
-4.547450e-001 0 -1
3.512828e-001 -2.158935e-001 
1
3
2 0 4 6 0 -1
2 0 2 3 0 2
4 3 2 3 0 2
haar_x2_y2
1.937944e-001 0 -1
1.150477e-001 -4.705749e-001 
1
2
2 0 3 2 0 -1
3 0 1 2 0 3
haar_x3
-6.662586e-002 0 -1
-5.246857e-001 6.726647e-002 
1
2
2 0 4 2 0 -1
3 0 2 2 0 2
haar_x4
1.227892e-001 0 -1
9.578498e-002 -6.212069e-001 
1
2
0 3 3 1 0 -1
1 3 1 1 0 3
haar_x3
1.083398e-001 0 -1
-1.270526e-001 3.437487e-001 
1
2
5 2 1 4 0 -1
5 4 1 2 0 2
haar_y2
1.279306e-001 0 -1
-2.530439e-001 1.381438e-001 
1
2
3 0 2 4 0 -1
4 0 1 4 0 2
haar_x2
4.314347e-002 0 -1
-2.551250e-001 1.590566e-001 
1
2
1 3 2 1 0 -1
1 3 1 1 0 2
tilted_haar_x2
-1.366018e-001 0 -1
-5.297530e-001 5.883215e-002 
1
2
2 0 3 3 0 -1
2 1 3 1 0 3
haar_y3
3.052763e-001 0 -1
-1.053818e-001 3.581402e-001 
1
2
1 5 2 1 0 -1
2 5 1 1 0 2
haar_x2
3.811995e-002 0 -1
5.584900e-002 -6.873523e-001 
1
2
1 5 3 1 0 -1
2 5 1 1 0 3
haar_x3
-4.973553e-002 0 -1
-4.996045e-001 5.186990e-002 
1
3
3 2 2 2 0 -1
3 2 1 1 0 2
4 3 1 1 0 2
haar_x2_y2
3.065063e-002 0 -1
-1.090636e-001 2.741216e-001 
1
2
0 4 1 2 0 -1
0 5 1 1 0 2
haar_y2
-2.702048e-002 0 -1
-4.435928e-001 6.608132e-002 
1
2
0 1 1 4 0 -1
0 3 1 2 0 2
haar_y2
1.504802e-003 0 -1
-3.816146e-001 6.905203e-002 
1
2
4 3 2 2 0 -1
5 3 1 2 0 2
haar_x2
3.148003e-001 0 -1
-3.409362e-002 7.724997e-001 
1
2
3 0 3 1 0 -1
4 0 1 1 0 3
haar_x3
-2.284878e-002 0 -1
-3.771526e-001 8.911866e-002 
1
2
2 5 3 1 0 -1
3 5 1 1 0 3
haar_x3
-3.936232e-002 0 -1
-4.060540e-001 5.493928e-002 
1
2
2 5 3 1 0 -1
3 5 1 1 0 3
haar_x3
4.379898e-002 0 -1
3.184405e-002 -7.018853e-001 
1
2
0 0 3 1 0 -1
1 0 1 1 0 3
haar_x3
3.558022e-002 0 -1
4.061149e-002 -4.867486e-001 
1
2
2 0 3 3 0 -1
2 1 3 1 0 3
haar_y3
-3.239954e-001 0 -1
5.129400e-001 -4.660634e-002 
1
2
3 1 3 2 0 -1
4 2 1 2 0 3
tilted_haar_x3
-1.395555e-001 0 -1
1.064184e-001 -2.372316e-001 
1
2
1 3 3 1 0 -1
2 3 1 1 0 3
haar_x3
7.299123e-002 0 -1
-5.753385e-002 4.317184e-001 
1
2
1 2 3 2 0 -1
2 2 1 2 0 3
haar_x3
-8.957874e-002 0 -1
1.775488e-001 -1.262396e-001 
1
2
3 2 1 2 0 -1
3 3 1 1 0 2
haar_y2
8.710544e-002 0 -1
-7.359599e-002 2.890534e-001 
1
2
0 0 3 2 0 -1
1 0 1 2 0 3
haar_x3
-1.041226e-001 0 -1
-4.053036e-001 5.342345e-002 
1
2
0 1 3 1 0 -1
1 1 1 1 0 3
haar_x3
-1.331494e-003 0 -1
1.322347e-001 -1.888842e-001 
1
2
3 3 3 1 0 -1
4 3 1 1 0 3
haar_x3
-3.277395e-002 0 -1
2.604099e-001 -8.918867e-002 
1
2
5 4 1 2 0 -1
5 5 1 1 0 2
haar_y2
1.696517e-003 0 -1
-2.754620e-001 8.836079e-002 
1
2
2 3 3 1 0 -1
3 3 1 1 0 3
haar_x3
-6.585680e-002 0 -1
1.636745e-001 -1.255711e-001 
1
3
3 0 2 2 0 -1
3 0 1 1 0 2
4 1 1 1 0 2
haar_x2_y2
-4.960106e-002 0 -1
-4.770140e-001 4.422620e-002 
1
2
0 3 2 1 0 -1
1 3 1 1 0 2
haar_x2
-1.537551e-001 0 -1
6.935564e-001 -3.022956e-002 
1
2
3 5 3 1 0 -1
4 5 1 1 0 3
haar_x3
-3.512009e-002 0 -1
-3.593767e-001 5.975978e-002 
1
2
2 4 4 2 0 -1
3 4 2 2 0 2
haar_x4
7.772468e-002 0 -1
4.402107e-002 -4.220526e-001 
1
2
0 0 6 3 0 -1
0 1 6 1 0 3
haar_y3
4.982372e-001 0 -1
-5.744162e-002 3.397526e-001 
1
2
3 0 3 2 0 -1
4 0 1 2 0 3
haar_x3
6.619275e-002 0 -1
6.004567e-002 -3.383647e-001 
1
2
4 3 2 1 0 -1
5 3 1 1 0 2
haar_x2
-1.053754e-002 0 -1
2.099319e-001 -9.184825e-002 
1
2
2 3 4 2 0 -1
4 3 2 2 0 2
haar_x2
6.367167e-001 0 -1
-3.827592e-002 5.698241e-001 
1
2
1 0 3 2 0 -1
2 0 1 2 0 3
haar_x3
3.794016e-002 0 -1
6.409801e-002 -3.298853e-001 
1
2
1 0 3 2 0 -1
2 0 1 2 0 3
haar_x3
-1.117189e-001 0 -1
-5.380780e-001 3.914296e-002 
1
2
4 0 1 6 0 -1
4 3 1 3 0 2
haar_y2
3.448314e-001 0 -1
5.339983e-002 -3.955860e-001 
1
2
3 0 1 6 0 -1
3 3 1 3 0 2
haar_y2
-9.324713e-002 0 -1
-3.660627e-001 4.906756e-002 
1
2
1 2 3 4 0 -1
1 3 3 2 0 2
haar_y4
2.695226e-001 0 -1
3.644425e-002 -4.439073e-001 
1
2
2 2 3 1 0 -1
3 3 1 1 0 3
tilted_haar_x3
-3.310353e-001 0 -1
-6.251608e-001 2.175914e-002 
1
3
0 3 2 2 0 -1
0 3 1 1 0 2
1 4 1 1 0 2
haar_x2_y2
-1.195203e-002 0 -1
1.638768e-001 -1.013344e-001 
1
2
2 4 2 1 0 -1
3 4 1 1 0 2
haar_x2
-2.186940e-002 0 -1
-2.179241e-001 7.523390e-002 
1
2
3 0 3 6 0 -1
4 2 1 2 0 9
haar_point
-4.557223e-001 0 -1
8.264300e-002 -1.799114e-001 
1
2
0 1 1 4 0 -1
0 2 1 2 0 2
haar_y4
-1.327308e-001 0 -1
-3.866228e-001 4.713268e-002 
1
2
1 2 3 3 0 -1
2 3 1 1 0 9
haar_point
-5.725518e-001 0 -1
3.380421e-001 -5.263087e-002 
1
2
2 3 2 1 0 -1
2 3 1 1 0 2
tilted_haar_x2
-1.406055e-001 0 -1
-4.006432e-001 3.996761e-002 
1
2
0 3 3 1 0 -1
1 3 1 1 0 3
haar_x3
-5.576598e-002 0 -1
3.608269e-001 -5.029688e-002 
1
2
3 4 2 1 0 -1
4 4 1 1 0 2
haar_x2
-3.636712e-002 0 -1
-6.197433e-001 2.967299e-002 
1
3
0 2 2 2 0 -1
0 2 1 1 0 2
1 3 1 1 0 2
haar_x2_y2
1.746881e-002 0 -1
-1.082579e-001 1.475484e-001 
1
2
0 1 1 3 0 -1
0 2 1 1 0 3
haar_y3
-1.425967e-003 0 -1
7.553552e-002 -2.157871e-001 
1
2
0 0 2 4 0 -1
0 1 2 2 0 2
haar_y4
-3.365720e-001 0 -1
-4.416392e-001 3.056126e-002 
1
3
4 1 2 2 0 -1
4 1 1 1 0 2
5 2 1 1 0 2
haar_x2_y2
-6.190994e-002 0 -1
3.696481e-001 -3.960771e-002 
1
2
4 0 2 2 0 -1
5 0 1 2 0 2
haar_x2
8.758986e-002 0 -1
5.522622e-002 -3.195420e-001 
1
2
0 0 6 3 0 -1
2 0 2 3 0 3
haar_x3
-8.824000e-001 0 -1
4.439867e-001 -3.821781e-002 
1
2
3 0 3 3 0 -1
4 1 1 3 0 3
tilted_haar_x3
-6.254624e-001 0 -1
-4.360798e-001 3.581860e-002 
1
2
1 0 2 1 0 -1
2 0 1 1 0 2
haar_x2
1.902079e-003 0 -1
-1.299318e-001 9.805989e-002 
1
2
2 0 3 1 0 -1
3 0 1 1 0 3
haar_x3
4.672915e-002 0 -1
4.016044e-002 -3.447519e-001 
1
3
2 2 2 2 0 -1
2 2 1 1 0 2
3 3 1 1 0 2
haar_x2_y2
1.577685e-002 0 -1
-7.410945e-002 1.683316e-001 
1
3
1 1 2 2 0 -1
1 1 1 1 0 2
2 2 1 1 0 2
haar_x2_y2
-4.359721e-002 0 -1
1.446531e-001 -9.020623e-002 
1
2
0 3 3 1 0 -1
1 3 1 1 0 3
haar_x3
-6.465340e-003 0 -1
1.733111e-001 -8.352122e-002 
1
3
1 2 4 4 0 -1
1 2 2 2 0 2
3 4 2 2 0 2
haar_x2_y2
-2.777816e-001 0 -1
-6.513497e-001 2.162658e-002 
1
3
2 0 2 6 0 -1
2 0 1 3 0 2
3 3 1 3 0 2
haar_x2_y2
9.982011e-002 0 -1
3.103264e-002 -4.191720e-001 
1
3
0 0 6 4 0 -1
0 0 3 2 0 2
3 2 3 2 0 2
haar_x2_y2
-7.611117e-001 0 -1
-4.581035e-001 3.072380e-002 
1
2
5 2 1 2 0 -1
5 3 1 1 0 2
haar_y2
-7.641675e-002 0 -1
4.293931e-001 -3.607295e-002 
1
2
3 5 3 1 0 -1
4 5 1 1 0 3
haar_x3
1.389194e-002 0 -1
7.805663e-002 -1.908370e-001 
1
3
4 1 2 2 0 -1
4 1 1 1 0 2
5 2 1 1 0 2
haar_x2_y2
-1.775050e-002 0 -1
1.928146e-001 -6.573735e-002 
1
3
4 1 2 2 0 -1
4 1 1 1 0 2
5 2 1 1 0 2
haar_x2_y2
1.769551e-002 0 -1
-1.076058e-001 1.339186e-001 
1
2
4 2 2 1 0 -1
5 2 1 1 0 2
haar_x2
5.304201e-002 0 -1
6.602716e-002 -1.958253e-001 
1
2
3 2 3 1 0 -1
4 2 1 1 0 3
haar_x3
-9.540129e-003 0 -1
1.389780e-001 -1.164845e-001 
1
2
1 2 4 2 0 -1
2 2 2 2 0 2
haar_x4
-6.957014e-002 0 -1
7.399854e-002 -1.830564e-001 
1
2
4 1 1 2 0 -1
4 1 1 1 0 2
tilted_haar_y2
-2.492593e-001 0 -1
7.278197e-001 -2.202871e-002 
1
2
0 4 1 2 0 -1
0 5 1 1 0 2
haar_y2
1.513689e-003 0 -1
-1.780306e-001 8.582939e-002 
-1.220125e+000

10
-1
