71
1
2
4 0 3 3 0 -1
3 1 3 1 0 3
tilted_haar_y3
-1.454719e-001 0 -1
2.786279e-001 -3.052313e-001 
1
2
4 3 1 4 0 -1
4 3 1 2 0 2
tilted_haar_x2
-1.093829e-001 0 -1
1.052171e-001 -2.394626e-001 
1
3
2 3 2 2 0 -1
2 3 1 1 0 2
3 4 1 1 0 2
haar_x2_y2
-1.629131e-002 0 -1
3.610379e-001 -1.362646e-001 
1
2
7 3 1 4 0 -1
7 3 1 2 0 2
tilted_haar_x2
-3.363753e-002 0 -1
1.100790e-001 -1.890022e-001 
1
2
0 0 8 2 0 -1
4 0 4 2 0 2
haar_x2
8.396015e-002 0 -1
-2.007679e-001 2.101783e-001 
1
2
6 0 2 1 0 -1
6 0 1 1 0 2
tilted_haar_y2
5.840197e-002 0 -1
1.831428e-002 -1.708316e-001 
1
2
2 0 1 2 0 -1
2 0 1 1 0 2
tilted_haar_y2
-3.990301e-002 0 -1
-5.149833e-001 7.164104e-002 
1
2
5 1 3 5 0 -1
6 1 1 5 0 3
haar_x3
6.081942e-002 0 -1
-1.020049e-001 2.971833e-001 
1
2
0 0 3 2 0 -1
1 0 1 2 0 3
haar_x3
-5.957545e-004 0 -1
1.391267e-001 -2.210849e-001 
1
2
7 6 1 2 0 -1
7 7 1 1 0 2
haar_y2
5.690613e-004 0 -1
-2.850344e-001 1.017905e-001 
1
2
1 5 2 1 0 -1
1 5 1 1 0 2
tilted_haar_x2
-4.304752e-002 0 -1
-5.546398e-001 5.568158e-002 
1
3
0 1 8 6 0 -1
4 1 4 3 0 2
0 4 4 3 0 2
haar_x2_y2
2.468839e-001 0 -1
8.225549e-002 -3.134662e-001 
1
2
4 2 2 2 0 -1
4 2 2 1 0 2
tilted_haar_y2
-1.512966e-001 0 -1
3.348708e-001 -7.810844e-002 
1
2
4 4 3 1 0 -1
5 4 1 1 0 3
haar_x3
1.625708e-002 0 -1
-8.131947e-002 2.669466e-001 
1
2
0 6 3 2 0 -1
1 6 1 2 0 3
haar_x3
-2.392050e-002 0 -1
-4.219496e-001 6.813351e-002 
1
2
4 4 3 1 0 -1
5 4 1 1 0 3
haar_x3
-1.124032e-002 0 -1
2.090503e-001 -1.018356e-001 
1
2
1 4 3 1 0 -1
2 4 1 1 0 3
haar_x3
-2.249688e-002 0 -1
3.336999e-001 -7.748181e-002 
1
2
7 3 1 4 0 -1
7 3 1 2 0 2
tilted_haar_x2
-7.123806e-002 0 -1
9.087273e-002 -1.841991e-001 
1
2
0 3 3 3 0 -1
1 3 1 3 0 3
haar_x3
-2.275586e-002 0 -1
2.631282e-001 -1.115041e-001 
1
2
3 3 3 3 0 -1
4 3 1 3 0 3
haar_x3
-2.724900e-002 0 -1
1.208381e-001 -1.392236e-001 
1
2
2 3 3 3 0 -1
3 3 1 3 0 3
haar_x3
-3.050230e-002 0 -1
1.907271e-001 -1.893177e-001 
1
2
4 6 3 2 0 -1
5 6 1 2 0 3
haar_x3
1.824093e-002 0 -1
8.017969e-002 -5.656801e-001 
1
2
1 6 3 2 0 -1
2 6 1 2 0 3
haar_x3
-1.870210e-002 0 -1
-3.787467e-001 6.304592e-002 
1
2
7 6 1 2 0 -1
7 7 1 1 0 2
haar_y2
3.105050e-002 0 -1
4.088816e-002 -4.415088e-001 
1
2
0 6 1 2 0 -1
0 7 1 1 0 2
haar_y2
8.581372e-004 0 -1
-2.328006e-001 1.295140e-001 
1
2
5 0 3 1 0 -1
6 1 1 1 0 3
tilted_haar_y3
1.491651e-001 0 -1
3.075375e-003 -9.193149e-001 
1
2
3 0 1 3 0 -1
2 1 1 1 0 3
tilted_haar_y3
4.932184e-002 0 -1
4.081131e-002 -5.672302e-001 
1
2
7 2 1 4 0 -1
7 3 1 2 0 2
haar_y4
-2.574832e-002 0 -1
1.091816e-001 -1.205616e-001 
1
2
0 4 3 1 0 -1
1 4 1 1 0 3
haar_x3
4.662291e-002 0 -1
-6.719914e-002 3.593112e-001 
1
2
6 3 2 4 0 -1
6 5 2 2 0 2
haar_y2
2.125977e-001 0 -1
4.146600e-002 -3.057054e-001 
1
2
0 3 2 4 0 -1
0 5 2 2 0 2
haar_y2
1.793320e-002 0 -1
-3.306966e-001 7.677755e-002 
1
2
3 0 3 2 0 -1
4 0 1 2 0 3
haar_x3
1.257564e-002 0 -1
4.730817e-002 -1.899655e-001 
1
3
0 0 2 2 0 -1
0 0 1 1 0 2
1 1 1 1 0 2
haar_x2_y2
8.696254e-004 0 -1
-1.400923e-001 1.679395e-001 
1
2
5 0 3 1 0 -1
6 0 1 1 0 3
haar_x3
1.780046e-002 0 -1
3.661105e-002 -4.269626e-001 
1
2
2 0 3 2 0 -1
3 0 1 2 0 3
haar_x3
3.141275e-002 0 -1
2.738421e-002 -7.022875e-001 
1
2
3 3 3 2 0 -1
4 3 1 2 0 3
haar_x3
2.485269e-002 0 -1
-4.119590e-002 3.205899e-001 
1
2
2 3 3 2 0 -1
3 3 1 2 0 3
haar_x3
3.222274e-002 0 -1
-5.443661e-002 3.983649e-001 
1
2
5 3 1 4 0 -1
4 4 1 2 0 2
tilted_haar_x4
-3.268395e-002 0 -1
-1.661500e-001 3.486505e-002 
1
2
3 3 4 1 0 -1
4 4 2 1 0 2
tilted_haar_x4
4.024232e-002 0 -1
6.215152e-002 -4.281181e-001 
1
2
3 7 3 1 0 -1
4 7 1 1 0 3
haar_x3
1.614821e-002 0 -1
3.588409e-002 -7.670401e-001 
1
2
0 2 3 3 0 -1
0 3 3 1 0 3
haar_y3
-2.188333e-002 0 -1
1.019303e-001 -1.990601e-001 
1
2
5 2 2 4 0 -1
5 4 2 2 0 2
haar_y2
1.117575e-001 0 -1
-7.963376e-002 1.352794e-001 
1
2
0 2 3 4 0 -1
0 4 3 2 0 2
haar_y2
2.809498e-001 0 -1
4.512825e-002 -5.042473e-001 
1
2
5 0 3 1 0 -1
6 0 1 1 0 3
haar_x3
6.005268e-004 0 -1
-7.838777e-002 6.707408e-002 
1
2
0 0 3 1 0 -1
1 0 1 1 0 3
haar_x3
-1.967585e-002 0 -1
-4.964561e-001 4.100238e-002 
1
3
6 3 2 2 0 -1
7 3 1 1 0 2
6 4 1 1 0 2
haar_x2_y2
1.505418e-002 0 -1
-1.083097e-001 3.246215e-001 
1
2
0 3 8 3 0 -1
2 3 4 3 0 2
haar_x4
-5.448960e-001 0 -1
5.304840e-001 -3.529608e-002 
1
2
3 7 3 1 0 -1
4 7 1 1 0 3
haar_x3
-1.882679e-002 0 -1
-7.500860e-001 4.207081e-002 
1
3
0 5 2 2 0 -1
0 5 1 1 0 2
1 6 1 1 0 2
haar_x2_y2
-7.375429e-004 0 -1
1.401486e-001 -1.413480e-001 
1
3
6 3 2 2 0 -1
7 3 1 1 0 2
6 4 1 1 0 2
haar_x2_y2
-7.023609e-003 0 -1
2.553446e-001 -1.067562e-001 
1
3
0 3 2 2 0 -1
0 3 1 1 0 2
1 4 1 1 0 2
haar_x2_y2
-1.787069e-002 0 -1
3.789694e-001 -6.255627e-002 
1
2
4 1 4 2 0 -1
5 1 2 2 0 2
haar_x4
3.075804e-002 0 -1
4.633280e-002 -2.775667e-001 
1
2
0 1 6 3 0 -1
2 1 2 3 0 3
haar_x3
-3.196053e-002 0 -1
1.152726e-001 -1.927640e-001 
1
2
5 0 1 3 0 -1
4 1 1 1 0 3
tilted_haar_x3
3.621231e-002 0 -1
-3.761590e-002 1.766780e-001 
1
2
3 5 2 1 0 -1
3 5 1 1 0 2
tilted_haar_x2
-6.445259e-002 0 -1
-7.734455e-001 2.459570e-002 
1
3
6 4 2 2 0 -1
7 4 1 1 0 2
6 5 1 1 0 2
haar_x2_y2
-4.879735e-003 0 -1
1.920231e-001 -9.813020e-002 
1
3
0 4 2 2 0 -1
0 4 1 1 0 2
1 5 1 1 0 2
haar_x2_y2
-1.061235e-002 0 -1
2.241200e-001 -8.460536e-002 
1
2
4 0 3 1 0 -1
5 0 1 1 0 3
haar_x3
-7.409451e-003 0 -1
-2.351709e-001 4.792845e-002 
1
2
0 4 1 4 0 -1
0 5 1 2 0 2
haar_y4
4.159006e-002 0 -1
3.842815e-002 -4.444957e-001 
1
3
5 4 2 2 0 -1
6 4 1 1 0 2
5 5 1 1 0 2
haar_x2_y2
1.535913e-002 0 -1
-5.510957e-002 1.562637e-001 
1
3
1 4 2 2 0 -1
1 4 1 1 0 2
2 5 1 1 0 2
haar_x2_y2
-6.293402e-004 0 -1
1.641168e-001 -1.090743e-001 
1
2
5 4 1 3 0 -1
4 5 1 1 0 3
tilted_haar_x3
-6.690050e-002 0 -1
-2.536968e-001 1.288752e-002 
1
2
0 7 2 1 0 -1
1 7 1 1 0 2
haar_x2
1.091207e-003 0 -1
-1.093692e-001 1.598439e-001 
1
2
5 1 3 3 0 -1
6 2 1 3 0 3
tilted_haar_y3
-3.498055e-001 0 -1
-4.976103e-001 1.365877e-002 
1
2
3 1 3 3 0 -1
2 2 3 1 0 3
tilted_haar_y3
-1.518554e-001 0 -1
2.242382e-001 -7.958423e-002 
1
2
1 2 6 1 0 -1
1 2 3 1 0 2
haar_x2
9.274422e-002 0 -1
-3.971237e-002 4.182724e-001 
1
2
0 1 4 2 0 -1
1 1 2 2 0 2
haar_x4
-8.409891e-004 0 -1
1.079877e-001 -1.829609e-001 
1
3
4 3 2 2 0 -1
5 3 1 1 0 2
4 4 1 1 0 2
haar_x2_y2
-1.831676e-002 0 -1
1.866954e-001 -3.921809e-002 
1
3
2 3 2 2 0 -1
2 3 1 1 0 2
3 4 1 1 0 2
haar_x2_y2
1.409069e-002 0 -1
-6.618339e-002 2.908794e-001 
1
2
4 0 3 1 0 -1
5 0 1 1 0 3
haar_x3
2.523684e-002 0 -1
2.205420e-002 -5.962875e-001 
1
2
0 0 6 2 0 -1
3 0 3 2 0 2
haar_x2
3.376130e-002 0 -1
-1.320427e-001 1.274729e-001 
-1.144789e+000

12
-1
