12
1
2
4 1 7 4 0 -1
4 2 7 2 0 2
haar_y4
-1.729881e-001 0 -1
7.515789e-001 -3.371025e-001 
1
2
9 0 2 6 0 -1
9 0 1 6 0 2
tilted_haar_y2
-5.940083e-002 0 -1
-4.151945e-001 1.570678e-001 
1
2
4 5 5 2 0 -1
4 6 5 1 0 2
haar_y2
-2.248401e-002 0 -1
5.610880e-001 -2.765945e-001 
1
2
13 2 2 2 0 -1
13 2 1 2 0 2
haar_x2
-7.413904e-003 0 -1
4.335274e-001 -3.604185e-001 
1
2
0 1 1 6 0 -1
0 3 1 2 0 3
haar_y3
3.240020e-002 0 -1
2.234365e-001 -7.175246e-001 
1
2
3 5 9 1 0 -1
6 5 3 1 0 3
haar_x3
-1.770185e-002 0 -1
5.431448e-001 -3.204744e-001 
1
2
1 4 12 3 0 -1
5 5 4 1 0 9
haar_point
3.520610e-001 0 -1
-1.187755e-001 9.772028e-001 
1
2
13 3 2 1 0 -1
13 3 1 1 0 2
haar_x2
-8.041580e-004 0 -1
2.068129e-001 -1.939983e-001 
1
2
2 1 3 2 0 -1
3 1 1 2 0 3
haar_x3
1.234437e-002 0 -1
1.858927e-001 -7.105590e-001 
1
2
7 0 3 8 0 -1
7 4 3 4 0 2
haar_y2
-1.369013e-001 0 -1
-7.348738e-001 8.412264e-002 
1
2
0 3 2 1 0 -1
1 3 1 1 0 2
haar_x2
-2.285268e-003 0 -1
3.438123e-001 -3.413848e-001 
1
2
6 7 3 1 0 -1
7 7 1 1 0 3
haar_x3
5.903668e-003 0 -1
1.523104e-001 -8.002057e-001 
-1.145918e+000

6
-1
