14
1
2
1 1 6 6 0 -1
3 3 2 2 0 9
haar_point
-6.873281e-001 0 -1
7.697949e-001 -6.775576e-001 
1
2
5 2 2 6 0 -1
5 5 2 3 0 2
haar_y2
6.928916e-002 0 -1
-6.007707e-001 4.387869e-001 
1
2
0 1 8 4 0 -1
0 2 8 2 0 2
haar_y4
-1.127143e-001 0 -1
4.190607e-001 -4.872973e-001 
1
2
5 5 1 2 0 -1
5 5 1 1 0 2
tilted_haar_y2
-9.153757e-004 0 -1
3.426572e-001 -5.130241e-001 
1
2
7 6 1 2 0 -1
7 7 1 1 0 2
haar_y2
5.690207e-004 0 -1
-4.225696e-001 2.885897e-001 
1
2
3 3 3 3 0 -1
4 4 1 1 0 9
haar_point
-7.701693e-002 0 -1
3.367694e-001 -3.570749e-001 
1
2
1 2 6 4 0 -1
4 2 3 4 0 2
haar_x2
3.017667e-001 0 -1
-1.678391e-001 7.513283e-001 
1
2
0 2 1 6 0 -1
0 5 1 3 0 2
haar_y2
4.176360e-004 0 -1
-5.458539e-001 2.263601e-001 
1
2
0 2 8 2 0 -1
2 2 4 2 0 2
haar_x4
-5.623664e-004 0 -1
2.021363e-001 -6.212040e-001 
1
2
7 5 1 2 0 -1
7 6 1 1 0 2
haar_y2
5.210263e-004 0 -1
-4.409637e-001 2.546311e-001 
1
2
3 0 3 3 0 -1
3 1 3 1 0 3
haar_y3
1.001543e-002 0 -1
-3.781337e-001 2.681367e-001 
1
2
4 3 1 2 0 -1
4 4 1 1 0 2
haar_y2
1.157297e-003 0 -1
-4.409401e-001 2.891355e-001 
1
2
0 4 6 1 0 -1
3 4 3 1 0 2
haar_x2
-8.036634e-004 0 -1
2.496265e-001 -6.136078e-001 
1
2
4 1 3 4 0 -1
4 1 3 2 0 2
tilted_haar_y2
4.996199e-001 0 -1
-3.780239e-002 -4.058449e+004 
-2.348682e+000

0
-1
