18
1
2
4 0 6 3 0 -1
4 1 6 1 0 3
haar_y3
4.610930e-002 0 -1
-3.485422e-001 5.282842e-001 
1
2
4 1 8 3 0 -1
4 2 8 1 0 3
haar_y3
4.654292e-002 0 -1
-2.267024e-001 5.942826e-001 
1
3
3 3 4 4 0 -1
3 3 2 2 0 2
5 5 2 2 0 2
haar_x2_y2
-2.074485e-002 0 -1
3.844984e-001 -3.636651e-001 
1
2
14 6 1 2 0 -1
14 7 1 1 0 2
haar_y2
4.109638e-003 0 -1
1.556721e-001 -6.677435e-001 
1
2
1 0 4 8 0 -1
1 2 4 4 0 2
haar_y4
-9.765433e-002 0 -1
2.854693e-001 -3.221272e-001 
1
2
13 6 1 2 0 -1
13 7 1 1 0 2
haar_y2
-1.077146e-002 0 -1
-7.940937e-001 4.203943e-002 
1
2
1 6 1 2 0 -1
1 7 1 1 0 2
haar_y2
-4.834882e-004 0 -1
3.034288e-001 -3.297698e-001 
1
2
4 2 8 2 0 -1
4 3 8 1 0 2
haar_y2
7.206273e-002 0 -1
-1.868291e-001 4.999375e-001 
1
2
5 3 5 2 0 -1
5 4 5 1 0 2
haar_y2
7.022645e-002 0 -1
-2.087553e-001 4.346978e-001 
1
2
6 3 3 3 0 -1
6 4 3 1 0 3
haar_y3
-5.148165e-002 0 -1
7.136405e-001 -1.162081e-001 
1
2
0 1 2 3 0 -1
1 1 1 3 0 2
haar_x2
-6.623204e-003 0 -1
2.792858e-001 -2.745813e-001 
1
3
1 2 14 6 0 -1
8 2 7 3 0 2
1 5 7 3 0 2
haar_x2_y2
1.442114e-001 0 -1
1.185432e-001 -4.444808e-001 
1
2
0 7 2 1 0 -1
1 7 1 1 0 2
haar_x2
4.860183e-004 0 -1
-2.930717e-001 2.548673e-001 
1
2
0 2 15 1 0 -1
5 2 5 1 0 3
haar_x3
-8.627719e-002 0 -1
5.642391e-001 -1.490586e-001 
1
2
4 1 2 3 0 -1
4 2 2 1 0 3
haar_y3
1.668987e-002 0 -1
-1.562144e-001 4.432689e-001 
1
2
8 1 1 4 0 -1
8 1 1 2 0 2
tilted_haar_x2
1.592623e-002 0 -1
1.165442e-001 -2.935454e-001 
1
2
0 6 2 2 0 -1
0 7 2 1 0 2
haar_y2
-1.358214e-002 0 -1
-6.509616e-001 9.349541e-002 
1
2
14 4 1 2 0 -1
14 5 1 1 0 2
haar_y2
-5.464775e-004 0 -1
2.057272e-001 -1.655461e-001 
-1.097125e+000

5
-1
