161
1
2
1 2 4 4 0 -1
2 2 2 4 0 2
haar_x4
-1.210152e-001 0 -1
1.783545e-001 -3.448864e-001 
1
2
1 2 1 2 0 -1
1 3 1 1 0 2
haar_y2
2.915764e-002 0 -1
-2.491304e-001 1.158819e-001 
1
2
0 2 6 4 0 -1
0 3 6 2 0 2
haar_y4
4.815029e-001 0 -1
1.108424e-001 -4.988991e-001 
1
3
3 3 2 2 0 -1
3 3 1 1 0 2
4 4 1 1 0 2
haar_x2_y2
-7.272986e-002 0 -1
2.470838e-001 -1.198727e-001 
1
2
2 2 4 4 0 -1
2 4 4 2 0 2
haar_y2
5.726917e-001 0 -1
-2.466089e-001 8.328059e-002 
1
2
4 2 1 3 0 -1
4 3 1 1 0 3
haar_y3
-4.493134e-002 0 -1
-2.307718e-001 9.646056e-002 
1
2
0 5 3 1 0 -1
1 5 1 1 0 3
haar_x3
3.757179e-002 0 -1
5.461454e-002 -3.681140e-001 
1
2
3 5 3 1 0 -1
4 5 1 1 0 3
haar_x3
6.094518e-002 0 -1
1.657546e-002 -6.104084e-001 
1
2
3 3 3 1 0 -1
4 3 1 1 0 3
haar_x3
-3.976711e-002 0 -1
2.737660e-001 -6.000515e-002 
1
2
4 3 2 1 0 -1
5 3 1 1 0 2
haar_x2
5.669167e-003 0 -1
1.140048e-001 -1.222317e-001 
1
2
2 2 3 2 0 -1
3 2 1 2 0 3
haar_x3
-1.264499e-001 0 -1
1.496259e-001 -9.611830e-002 
1
2
3 5 3 1 0 -1
4 5 1 1 0 3
haar_x3
-5.385125e-002 0 -1
-5.211559e-001 3.047322e-002 
1
2
1 2 3 2 0 -1
2 2 1 2 0 3
haar_x3
-8.720654e-002 0 -1
1.267222e-001 -1.197119e-001 
1
2
0 4 2 2 0 -1
0 5 2 1 0 2
haar_y2
2.666019e-002 0 -1
-1.483106e-001 9.516378e-002 
1
2
5 2 1 2 0 -1
5 2 1 1 0 2
tilted_haar_y2
4.334645e-002 0 -1
5.584237e-002 -2.297826e-001 
1
2
1 3 3 1 0 -1
2 3 1 1 0 3
haar_x3
7.782610e-002 0 -1
-3.115988e-002 3.767363e-001 
1
2
1 1 3 1 0 -1
2 1 1 1 0 3
haar_x3
6.007847e-002 0 -1
2.796306e-002 -4.243705e-001 
1
2
0 0 6 2 0 -1
3 0 3 2 0 2
haar_x2
-1.857696e-001 0 -1
1.597795e-001 -8.101154e-002 
1
2
1 0 3 2 0 -1
2 0 1 2 0 3
haar_x3
-1.126357e-001 0 -1
-5.664420e-001 2.073537e-002 
1
2
1 0 4 2 0 -1
3 0 2 2 0 2
haar_x2
8.084267e-002 0 -1
-6.446122e-002 1.882788e-001 
1
2
2 0 3 2 0 -1
3 0 1 2 0 3
haar_x3
6.236583e-002 0 -1
2.984963e-002 -3.494253e-001 
1
3
1 2 2 2 0 -1
1 2 1 1 0 2
2 3 1 1 0 2
haar_x2_y2
-1.870986e-002 0 -1
1.292566e-001 -8.119330e-002 
1
2
3 0 3 2 0 -1
4 0 1 2 0 3
haar_x3
1.154496e-001 0 -1
1.498049e-002 -7.112238e-001 
1
2
3 3 3 3 0 -1
3 4 3 1 0 3
haar_y3
-3.214232e-001 0 -1
-6.321017e-001 1.169987e-002 
1
2
5 3 1 3 0 -1
5 4 1 1 0 3
haar_y3
5.766849e-002 0 -1
5.199677e-002 -1.968805e-001 
1
3
0 2 4 4 0 -1
0 2 2 2 0 2
2 4 2 2 0 2
haar_x2_y2
3.005934e-001 0 -1
4.126511e-002 -2.666221e-001 
1
2
0 2 2 4 0 -1
0 4 2 2 0 2
haar_y2
4.658321e-001 0 -1
4.970801e-002 -1.977843e-001 
1
2
2 5 3 1 0 -1
3 5 1 1 0 3
haar_x3
-3.125100e-002 0 -1
-2.686357e-001 3.458720e-002 
1
2
2 5 4 1 0 -1
3 5 2 1 0 2
haar_x4
-1.969748e-003 0 -1
8.867235e-002 -1.088961e-001 
1
2
0 0 1 6 0 -1
0 2 1 2 0 3
haar_y3
-3.924913e-002 0 -1
4.736769e-002 -1.945146e-001 
1
2
0 1 6 2 0 -1
0 2 6 1 0 2
haar_y2
-6.685166e-001 0 -1
-4.175300e-001 2.286283e-002 
1
2
5 0 1 4 0 -1
5 1 1 2 0 2
haar_y4
-1.567560e-001 0 -1
-3.026447e-001 3.178772e-002 
1
3
4 1 2 4 0 -1
4 1 1 2 0 2
5 3 1 2 0 2
haar_x2_y2
-1.273833e-001 0 -1
-3.410898e-001 2.614063e-002 
1
2
0 0 3 2 0 -1
1 0 1 2 0 3
haar_x3
8.312376e-002 0 -1
2.247098e-002 -3.959216e-001 
1
2
2 0 4 1 0 -1
3 1 2 1 0 2
tilted_haar_x4
-4.011826e-001 0 -1
2.311966e-001 -4.673614e-002 
1
3
0 0 6 4 0 -1
0 0 3 2 0 2
3 2 3 2 0 2
haar_x2_y2
-4.119887e-001 0 -1
2.585958e-001 -3.524992e-002 
1
3
0 1 2 2 0 -1
0 1 1 1 0 2
1 2 1 1 0 2
haar_x2_y2
-3.426623e-002 0 -1
1.489002e-001 -6.261326e-002 
1
2
1 5 3 1 0 -1
2 5 1 1 0 3
haar_x3
-7.223083e-002 0 -1
-5.763576e-001 1.532654e-002 
1
3
0 2 2 2 0 -1
0 2 1 1 0 2
1 3 1 1 0 2
haar_x2_y2
-3.080901e-002 0 -1
2.007678e-001 -4.862991e-002 
1
2
0 0 1 3 0 -1
0 1 1 1 0 3
haar_y3
-8.599465e-002 0 -1
-2.807266e-001 3.266209e-002 
1
3
4 3 2 2 0 -1
4 3 1 1 0 2
5 4 1 1 0 2
haar_x2_y2
2.711323e-002 0 -1
-6.246881e-002 1.511516e-001 
1
2
1 5 3 1 0 -1
2 5 1 1 0 3
haar_x3
4.214187e-002 0 -1
1.734212e-002 -5.526527e-001 
1
2
3 0 1 3 0 -1
3 1 1 1 0 3
haar_y3
-3.752415e-002 0 -1
1.437097e-001 -5.869856e-002 
1
2
4 1 2 3 0 -1
4 2 2 1 0 3
haar_y3
-2.909998e-002 0 -1
4.918240e-002 -1.747861e-001 
1
3
3 2 2 2 0 -1
3 2 1 1 0 2
4 3 1 1 0 2
haar_x2_y2
-5.622011e-002 0 -1
2.548944e-001 -3.573371e-002 
1
2
0 2 2 2 0 -1
0 3 2 1 0 2
haar_y2
2.513549e-001 0 -1
1.859814e-002 -4.797077e-001 
1
2
3 0 3 2 0 -1
4 0 1 2 0 3
haar_x3
6.114936e-002 0 -1
2.404364e-002 -2.809809e-001 
1
2
2 1 3 4 0 -1
2 2 3 2 0 2
haar_y4
-6.373688e-001 0 -1
2.503971e-001 -2.843318e-002 
1
2
5 1 1 2 0 -1
5 2 1 1 0 2
haar_y2
-1.012826e-001 0 -1
-2.793980e-001 2.661571e-002 
1
2
2 0 4 1 0 -1
4 0 2 1 0 2
haar_x2
7.674478e-002 0 -1
-3.971201e-002 1.747751e-001 
1
2
2 4 3 2 0 -1
3 4 1 2 0 3
haar_x3
7.480516e-002 0 -1
1.711394e-002 -4.256037e-001 
1
2
2 2 3 1 0 -1
3 2 1 1 0 3
haar_x3
4.919842e-002 0 -1
-2.808329e-002 2.839599e-001 
1
2
2 3 3 1 0 -1
3 3 1 1 0 3
haar_x3
-6.006324e-002 0 -1
1.081013e-001 -7.089265e-002 
1
2
4 1 2 2 0 -1
5 1 1 2 0 2
haar_x2
7.561862e-002 0 -1
4.524912e-002 -1.909753e-001 
1
2
3 2 3 1 0 -1
4 2 1 1 0 3
haar_x3
-2.684247e-002 0 -1
1.492151e-001 -5.615949e-002 
1
2
2 2 4 1 0 -1
4 2 2 1 0 2
haar_x2
2.892670e-002 0 -1
-1.732944e-001 7.028076e-002 
1
2
5 1 1 2 0 -1
5 1 1 1 0 2
tilted_haar_y2
1.947351e-001 0 -1
2.971409e-002 -3.342937e-001 
1
2
2 2 2 2 0 -1
2 2 1 2 0 2
tilted_haar_x2
-3.119397e-001 0 -1
-3.679251e-001 1.911559e-002 
1
3
4 2 2 2 0 -1
4 2 1 1 0 2
5 3 1 1 0 2
haar_x2_y2
4.350670e-002 0 -1
-3.205042e-002 2.090039e-001 
1
2
0 3 6 1 0 -1
2 3 2 1 0 3
haar_x3
-1.510027e-001 0 -1
-8.176003e-002 9.407900e-002 
1
2
1 2 4 2 0 -1
2 2 2 2 0 2
haar_x4
-2.849800e-001 0 -1
2.333236e-001 -4.155488e-002 
1
2
2 0 3 6 0 -1
3 0 1 6 0 3
haar_x3
-4.547345e-001 0 -1
-6.640067e-001 1.166509e-002 
1
2
0 2 2 2 0 -1
1 2 1 2 0 2
haar_x2
-2.537476e-001 0 -1
4.344236e-001 -1.805183e-002 
1
2
0 0 3 1 0 -1
1 0 1 1 0 3
haar_x3
-7.805769e-002 0 -1
-4.720158e-001 2.388138e-002 
1
2
5 4 1 2 0 -1
5 5 1 1 0 2
haar_y2
9.184886e-003 0 -1
-1.235267e-001 5.161227e-002 
1
2
2 0 2 3 0 -1
3 0 1 3 0 2
haar_x2
-2.269327e-001 0 -1
6.341506e-001 -9.626386e-003 
1
2
2 1 1 2 0 -1
2 1 1 1 0 2
tilted_haar_y2
1.554248e-001 0 -1
1.505186e-002 -4.521603e-001 
1
2
4 0 1 4 0 -1
4 0 1 2 0 2
tilted_haar_y2
3.401856e-001 0 -1
-1.731928e-002 5.097212e-001 
1
2
5 0 1 2 0 -1
5 1 1 1 0 2
haar_y2
-1.544584e-001 0 -1
-7.254227e-001 8.207800e-003 
1
2
0 3 2 1 0 -1
1 3 1 1 0 2
haar_x2
9.535536e-003 0 -1
-6.471793e-002 9.684640e-002 
1
2
0 0 6 4 0 -1
0 2 6 2 0 2
haar_y2
1.859210e-001 0 -1
4.483591e-002 -1.443884e-001 
1
2
0 0 4 1 0 -1
2 0 2 1 0 2
haar_x2
-3.431328e-002 0 -1
9.864029e-002 -6.859552e-002 
1
2
1 0 2 1 0 -1
2 0 1 1 0 2
haar_x2
-3.326830e-002 0 -1
-2.220137e-001 3.493394e-002 
1
2
4 3 2 1 0 -1
5 3 1 1 0 2
haar_x2
2.204066e-001 0 -1
-8.946584e-003 8.148757e-001 
1
3
1 3 4 2 0 -1
1 3 2 1 0 2
3 4 2 1 0 2
haar_x2_y2
1.772935e-001 0 -1
1.724215e-002 -4.150440e-001 
1
2
0 0 3 6 0 -1
0 2 3 2 0 3
haar_y3
1.793537e-001 0 -1
-2.089741e-002 3.506589e-001 
1
3
0 4 6 2 0 -1
0 4 3 1 0 2
3 5 3 1 0 2
haar_x2_y2
1.954869e-001 0 -1
1.822260e-002 -3.979931e-001 
1
2
0 3 6 2 0 -1
0 4 6 1 0 2
haar_y2
-2.447110e-001 0 -1
-9.472874e-001 5.543669e-003 
1
2
2 1 3 1 0 -1
3 1 1 1 0 3
haar_x3
6.248865e-002 0 -1
1.212819e-002 -3.970142e-001 
1
2
0 0 4 1 0 -1
1 0 2 1 0 2
haar_x4
-5.794100e-002 0 -1
1.959810e-001 -3.292977e-002 
1
2
5 2 1 2 0 -1
5 2 1 1 0 2
tilted_haar_y2
-1.837701e-001 0 -1
-3.701716e-001 1.759577e-002 
1
2
1 0 4 6 0 -1
2 0 2 6 0 2
haar_x4
-6.775021e-001 0 -1
-8.618830e-001 6.226441e-003 
1
3
0 2 4 2 0 -1
0 2 2 1 0 2
2 3 2 1 0 2
haar_x2_y2
2.252352e-001 0 -1
1.179278e-002 -4.291137e-001 
1
3
0 3 2 2 0 -1
0 3 1 1 0 2
1 4 1 1 0 2
haar_x2_y2
6.719074e-002 0 -1
-2.648016e-002 2.350905e-001 
1
2
3 2 1 2 0 -1
3 3 1 1 0 2
haar_y2
7.451072e-002 0 -1
-5.890513e-002 1.104463e-001 
1
2
2 3 3 1 0 -1
3 3 1 1 0 3
haar_x3
-1.005517e-001 0 -1
1.551793e-001 -4.599706e-002 
1
2
0 0 3 4 0 -1
0 1 3 2 0 2
haar_y4
5.696979e-001 0 -1
-9.967976e-003 6.343390e-001 
1
2
0 0 2 3 0 -1
0 1 2 1 0 3
haar_y3
5.237375e-001 0 -1
8.242575e-003 -9.316435e-001 
1
2
0 1 3 1 0 -1
1 1 1 1 0 3
haar_x3
-6.768953e-002 0 -1
-2.886643e-001 1.924758e-002 
1
2
0 1 4 2 0 -1
1 1 2 2 0 2
haar_x4
-3.798544e-001 0 -1
5.658180e-001 -1.177754e-002 
1
2
0 3 1 3 0 -1
0 4 1 1 0 3
haar_y3
-5.754467e-002 0 -1
-2.263309e-001 2.679956e-002 
1
3
1 3 2 2 0 -1
1 3 1 1 0 2
2 4 1 1 0 2
haar_x2_y2
2.888775e-002 0 -1
-6.992324e-002 8.755337e-002 
1
3
3 3 2 2 0 -1
3 3 1 1 0 2
4 4 1 1 0 2
haar_x2_y2
1.090085e-002 0 -1
-3.750247e-002 1.646762e-001 
1
2
0 0 6 1 0 -1
2 0 2 1 0 3
haar_x3
5.673007e-002 0 -1
-5.047301e-002 1.062011e-001 
1
2
2 0 3 1 0 -1
3 0 1 1 0 3
haar_x3
3.649322e-002 0 -1
3.006950e-002 -2.677118e-001 
1
2
1 0 3 1 0 -1
2 0 1 1 0 3
haar_x3
4.943528e-002 0 -1
2.334883e-002 -2.689658e-001 
1
2
5 0 1 4 0 -1
4 1 1 2 0 2
tilted_haar_y4
6.574383e-002 0 -1
-1.251060e-002 4.885012e-001 
1
2
0 1 3 1 0 -1
1 1 1 1 0 3
haar_x3
2.030413e-002 0 -1
4.256373e-002 -1.252161e-001 
1
3
1 0 2 6 0 -1
1 0 1 3 0 2
2 3 1 3 0 2
haar_x2_y2
1.915101e-001 0 -1
-1.256193e-002 4.932163e-001 
1
2
0 5 2 1 0 -1
1 5 1 1 0 2
haar_x2
4.980713e-002 0 -1
8.531748e-003 -7.158864e-001 
1
2
0 2 2 1 0 -1
1 2 1 1 0 2
haar_x2
-6.465830e-002 0 -1
-1.802105e-001 2.878010e-002 
1
2
0 2 2 1 0 -1
1 2 1 1 0 2
haar_x2
-1.989367e-003 0 -1
5.197381e-002 -1.296100e-001 
1
2
0 2 3 3 0 -1
1 2 1 3 0 3
haar_x3
6.032857e-002 0 -1
-6.633380e-002 8.682315e-002 
1
2
0 2 3 2 0 -1
1 2 1 2 0 3
haar_x3
-8.196128e-002 0 -1
1.883171e-001 -3.552453e-002 
1
2
4 4 2 1 0 -1
5 4 1 1 0 2
haar_x2
-6.369901e-002 0 -1
-4.999171e-001 1.045693e-002 
1
2
2 3 4 3 0 -1
3 3 2 3 0 2
haar_x4
3.360628e-001 0 -1
-9.760794e-003 6.995423e-001 
1
2
1 1 1 4 0 -1
1 3 1 2 0 2
haar_y2
2.780206e-001 0 -1
9.311320e-003 -6.246108e-001 
1
2
2 2 4 4 0 -1
2 3 4 2 0 2
haar_y4
-5.396768e-001 0 -1
-5.166695e-001 8.540411e-003 
1
2
2 4 3 2 0 -1
2 5 3 1 0 2
haar_y2
1.318361e-001 0 -1
-5.721149e-002 1.105383e-001 
1
2
4 0 2 6 0 -1
4 3 2 3 0 2
haar_y2
8.878798e-001 0 -1
1.196132e-002 -5.151942e-001 
1
3
3 3 2 2 0 -1
3 3 1 1 0 2
4 4 1 1 0 2
haar_x2_y2
-1.487409e-003 0 -1
4.326344e-002 -1.198035e-001 
1
2
3 4 2 1 0 -1
4 4 1 1 0 2
haar_x2
1.017792e-001 0 -1
-1.160314e-002 4.080198e-001 
1
2
3 4 2 1 0 -1
4 4 1 1 0 2
haar_x2
3.796170e-002 0 -1
3.348615e-002 -1.729358e-001 
1
2
0 4 6 2 0 -1
2 4 2 2 0 3
haar_x3
-9.547108e-002 0 -1
8.253159e-002 -6.437995e-002 
1
2
0 0 2 5 0 -1
1 0 1 5 0 2
haar_x2
1.374593e-002 0 -1
-5.011303e-002 1.114720e-001 
1
2
3 1 2 3 0 -1
3 1 1 3 0 2
tilted_haar_x2
1.698102e-001 0 -1
2.659665e-002 -2.002259e-001 
1
2
0 0 4 2 0 -1
2 0 2 2 0 2
haar_x2
-6.800623e-002 0 -1
8.082964e-002 -6.930874e-002 
1
2
1 0 4 3 0 -1
2 0 2 3 0 2
haar_x4
-1.511017e-001 0 -1
-1.484088e-001 4.473832e-002 
1
2
3 1 1 2 0 -1
3 1 1 1 0 2
tilted_haar_y2
-2.688931e-001 0 -1
4.321206e-001 -1.645358e-002 
1
2
3 3 2 1 0 -1
3 3 1 1 0 2
tilted_haar_x2
-3.820226e-002 0 -1
3.662296e-002 -1.586442e-001 
1
2
0 3 3 3 0 -1
1 4 1 1 0 9
haar_point
8.850724e-002 0 -1
8.138343e-002 -7.775468e-002 
1
2
1 4 2 2 0 -1
1 5 2 1 0 2
haar_y2
-3.173303e-002 0 -1
2.109699e-001 -2.923855e-002 
1
2
0 0 6 1 0 -1
3 0 3 1 0 2
haar_x2
1.182594e-001 0 -1
-3.582134e-002 1.516066e-001 
1
2
1 3 3 3 0 -1
2 4 1 1 0 9
haar_point
5.479721e-001 0 -1
8.813124e-003 -5.781008e-001 
1
2
2 0 4 1 0 -1
4 0 2 1 0 2
haar_x2
-3.269088e-002 0 -1
8.719614e-002 -6.093519e-002 
1
2
2 0 1 2 0 -1
2 1 1 1 0 2
haar_y2
8.434441e-003 0 -1
-4.909234e-002 1.119983e-001 
1
2
1 1 3 1 0 -1
2 1 1 1 0 3
haar_x3
-1.869633e-003 0 -1
7.267451e-002 -9.078587e-002 
1
2
1 1 3 3 0 -1
2 1 1 3 0 3
haar_x3
1.930162e-002 0 -1
-4.136759e-002 1.435640e-001 
1
2
2 0 2 1 0 -1
2 0 1 1 0 2
tilted_haar_x2
-5.659571e-002 0 -1
-3.606967e-001 1.699762e-002 
1
3
1 2 2 2 0 -1
1 2 1 1 0 2
2 3 1 1 0 2
haar_x2_y2
-4.211683e-002 0 -1
1.440880e-001 -3.894039e-002 
1
2
5 3 1 3 0 -1
5 4 1 1 0 3
haar_y3
1.619537e-001 0 -1
7.762251e-003 -6.790980e-001 
1
3
1 1 2 2 0 -1
1 1 1 1 0 2
2 2 1 1 0 2
haar_x2_y2
-4.536035e-002 0 -1
1.069135e-001 -4.552381e-002 
1
2
1 2 2 1 0 -1
2 2 1 1 0 2
haar_x2
-7.664484e-002 0 -1
-2.011543e-001 3.213039e-002 
1
2
2 5 3 1 0 -1
3 5 1 1 0 3
haar_x3
4.174981e-002 0 -1
1.219802e-002 -3.821428e-001 
1
2
0 4 6 2 0 -1
2 4 2 2 0 3
haar_x3
1.570923e-001 0 -1
-2.190893e-002 2.432646e-001 
1
2
1 4 4 1 0 -1
2 4 2 1 0 2
haar_x4
6.574836e-002 0 -1
1.289598e-002 -4.336224e-001 
1
2
1 2 3 3 0 -1
2 2 1 3 0 3
haar_x3
-3.616951e-002 0 -1
4.787803e-002 -9.550861e-002 
1
2
2 0 3 4 0 -1
3 0 1 4 0 3
haar_x3
-1.122277e-001 0 -1
9.178621e-002 -6.704447e-002 
1
2
2 2 4 2 0 -1
4 2 2 2 0 2
haar_x2
2.722570e-001 0 -1
4.998098e-002 -1.311462e-001 
1
2
2 1 3 2 0 -1
3 2 1 2 0 3
tilted_haar_x3
6.211085e-003 0 -1
3.824984e-002 -1.491821e-001 
1
2
0 1 4 4 0 -1
0 3 4 2 0 2
haar_y2
9.525071e-001 0 -1
-1.419544e-002 4.502214e-001 
1
2
4 1 1 2 0 -1
4 1 1 1 0 2
tilted_haar_y2
-1.967286e-001 0 -1
2.998368e-001 -1.494695e-002 
1
2
3 3 2 2 0 -1
4 3 1 2 0 2
haar_x2
1.983611e-001 0 -1
-1.541338e-002 3.064053e-001 
1
2
4 2 1 2 0 -1
4 3 1 1 0 2
haar_y2
1.434607e-001 0 -1
1.405070e-002 -3.592384e-001 
1
2
0 0 6 2 0 -1
0 1 6 1 0 2
haar_y2
-7.225534e-001 0 -1
-4.159884e-001 1.109732e-002 
1
2
2 0 2 2 0 -1
2 1 2 1 0 2
haar_y2
-2.142209e-001 0 -1
2.138754e-001 -2.993579e-002 
1
3
0 0 2 2 0 -1
0 0 1 1 0 2
1 1 1 1 0 2
haar_x2_y2
-9.987955e-002 0 -1
-4.139815e-001 1.162852e-002 
1
2
1 4 2 1 0 -1
2 4 1 1 0 2
haar_x2
-1.179906e-001 0 -1
4.875039e-001 -1.027375e-002 
1
2
1 2 3 3 0 -1
2 2 1 3 0 3
haar_x3
-4.495400e-001 0 -1
-7.079117e-001 8.276342e-003 
1
2
2 2 3 3 0 -1
3 2 1 3 0 3
haar_x3
3.127180e-001 0 -1
-1.163189e-002 5.580445e-001 
1
2
1 5 3 1 0 -1
2 5 1 1 0 3
haar_x3
2.242682e-002 0 -1
2.536531e-002 -1.856143e-001 
1
2
1 4 3 2 0 -1
2 4 1 2 0 3
haar_x3
-7.171109e-002 0 -1
-1.763587e-001 2.796871e-002 
1
2
1 3 3 2 0 -1
2 3 1 2 0 3
haar_x3
-1.312398e-001 0 -1
1.521486e-001 -3.729787e-002 
1
2
5 1 1 3 0 -1
4 2 1 1 0 3
tilted_haar_y3
2.677611e-002 0 -1
2.250901e-002 -2.690707e-001 
1
2
3 2 3 3 0 -1
4 2 1 3 0 3
haar_x3
-6.527445e-002 0 -1
1.422457e-001 -3.471083e-002 
1
2
4 3 2 1 0 -1
5 3 1 1 0 2
haar_x2
4.878369e-002 0 -1
3.708696e-002 -1.834007e-001 
1
3
4 2 2 2 0 -1
4 2 1 1 0 2
5 3 1 1 0 2
haar_x2_y2
3.075514e-002 0 -1
-3.261270e-002 1.549162e-001 
1
2
2 1 3 1 0 -1
3 1 1 1 0 3
haar_x3
-1.134013e-001 0 -1
-6.093449e-001 8.032680e-003 
1
2
1 0 2 3 0 -1
1 1 2 1 0 3
haar_y3
4.097852e-001 0 -1
-1.665605e-002 3.135832e-001 
1
2
0 0 6 3 0 -1
0 1 6 1 0 3
haar_y3
9.888227e-001 0 -1
1.481379e-002 -5.677021e-001 
1
2
2 0 4 2 0 -1
2 1 4 1 0 2
haar_y2
2.136977e-001 0 -1
-2.384440e-002 2.285026e-001 
-9.554957e-001

13
-1
