54
1
2
1 0 6 6 0 -1
3 2 2 2 0 9
haar_point
8.187762e-001 0 -1
-3.498265e-001 3.196464e-001 
1
2
0 1 8 6 0 -1
0 4 8 3 0 2
haar_y2
-6.206912e-001 0 -1
2.449702e-001 -2.768696e-001 
1
2
2 0 4 1 0 -1
3 0 2 1 0 2
haar_x4
1.964657e-002 0 -1
-3.318526e-001 1.741716e-001 
1
2
1 4 6 3 0 -1
1 5 6 1 0 3
haar_y3
-3.032926e-001 0 -1
4.431046e-001 -1.012080e-001 
1
3
0 0 2 2 0 -1
0 0 1 1 0 2
1 1 1 1 0 2
haar_x2_y2
-6.711308e-004 0 -1
1.934720e-001 -2.348382e-001 
1
2
3 0 2 4 0 -1
3 2 2 2 0 2
haar_y2
7.784040e-002 0 -1
1.138621e-001 -4.739070e-001 
1
2
3 2 1 2 0 -1
3 3 1 1 0 2
haar_y2
5.496816e-004 0 -1
-2.148985e-001 1.676553e-001 
1
2
0 5 8 2 0 -1
2 5 4 2 0 2
haar_x4
-4.484923e-002 0 -1
1.427176e-001 -2.302536e-001 
1
2
1 3 6 3 0 -1
1 4 6 1 0 3
haar_y3
-2.530662e-001 0 -1
4.994656e-001 -6.320773e-002 
1
2
1 1 7 3 0 -1
1 2 7 1 0 3
haar_y3
-1.150744e-001 0 -1
-6.414441e-001 4.731860e-002 
1
2
2 5 3 3 0 -1
3 5 1 3 0 3
haar_x3
1.087357e-001 0 -1
2.123207e-002 -8.456427e-001 
1
2
6 0 2 6 0 -1
6 0 1 6 0 2
tilted_haar_y2
2.416942e-001 0 -1
3.592991e-002 -3.455852e-001 
1
2
1 4 2 1 0 -1
1 4 1 1 0 2
tilted_haar_x2
1.073790e-003 0 -1
-2.990989e-001 1.027032e-001 
1
2
6 0 2 6 0 -1
6 0 1 6 0 2
tilted_haar_y2
-1.828609e-001 0 -1
-6.737776e-001 3.513611e-003 
1
2
2 0 6 2 0 -1
2 0 6 1 0 2
tilted_haar_y2
2.169712e-001 0 -1
5.573985e-002 -4.968251e-001 
1
2
6 0 1 3 0 -1
6 1 1 1 0 3
haar_y3
8.580479e-004 0 -1
-2.095515e-001 1.510657e-001 
1
2
0 5 3 3 0 -1
0 6 3 1 0 3
haar_y3
2.825256e-002 0 -1
-1.366743e-001 1.945258e-001 
1
2
2 3 4 4 0 -1
2 4 4 2 0 2
haar_y4
7.653482e-002 0 -1
-6.667118e-002 4.734066e-001 
1
3
0 1 8 6 0 -1
0 1 4 3 0 2
4 4 4 3 0 2
haar_x2_y2
-2.126527e-001 0 -1
-4.501239e-001 6.703193e-002 
1
2
4 1 2 1 0 -1
4 1 1 1 0 2
tilted_haar_y2
-1.090816e-002 0 -1
8.162425e-002 -6.023419e-002 
1
2
4 1 1 2 0 -1
4 1 1 1 0 2
tilted_haar_y2
6.299748e-004 0 -1
-2.572067e-001 1.098962e-001 
1
2
0 0 8 1 0 -1
2 0 4 1 0 2
haar_x4
-1.042605e-001 0 -1
5.631360e-001 -4.943529e-002 
1
2
0 5 4 3 0 -1
2 5 2 3 0 2
haar_x2
-1.603208e-001 0 -1
-3.762567e-001 7.582916e-002 
1
2
2 5 6 1 0 -1
2 5 3 1 0 2
haar_x2
1.811709e-001 0 -1
2.868877e-003 -9.998914e-001 
1
2
0 5 6 1 0 -1
3 5 3 1 0 2
haar_x2
-1.718865e-002 0 -1
1.503356e-001 -2.173416e-001 
1
2
5 3 2 1 0 -1
5 3 1 1 0 2
haar_x2
6.361452e-004 0 -1
-1.984385e-001 1.008397e-001 
1
2
2 1 1 2 0 -1
2 2 1 1 0 2
haar_y2
7.785502e-004 0 -1
-1.762574e-001 1.466720e-001 
1
2
5 0 2 3 0 -1
5 1 2 1 0 3
haar_y3
-3.148870e-002 0 -1
-4.687509e-001 4.702206e-002 
1
2
1 0 2 3 0 -1
1 1 2 1 0 3
haar_y3
-1.332422e-002 0 -1
-3.894381e-001 7.381450e-002 
1
2
5 0 3 1 0 -1
6 1 1 1 0 3
tilted_haar_y3
2.942985e-002 0 -1
8.747406e-002 -5.303704e-001 
1
2
0 2 2 6 0 -1
0 5 2 3 0 2
haar_y2
-2.137969e-001 0 -1
-3.978764e-001 6.079672e-002 
1
2
5 0 3 1 0 -1
6 1 1 1 0 3
tilted_haar_y3
-6.812284e-004 0 -1
9.059218e-002 -1.250985e-001 
1
2
3 0 1 3 0 -1
2 1 1 1 0 3
tilted_haar_y3
3.606070e-002 0 -1
6.717953e-002 -4.591920e-001 
1
2
3 2 3 4 0 -1
3 3 3 2 0 2
haar_y4
7.201563e-002 0 -1
-1.536863e-001 9.916106e-002 
1
2
2 1 4 3 0 -1
3 1 2 3 0 2
haar_x4
-1.530172e-002 0 -1
4.460771e-001 -6.532981e-002 
1
3
6 0 2 2 0 -1
7 0 1 1 0 2
6 1 1 1 0 2
haar_x2_y2
-5.318690e-004 0 -1
2.277870e-001 -2.297821e-001 
1
3
0 0 2 2 0 -1
0 0 1 1 0 2
1 1 1 1 0 2
haar_x2_y2
5.971728e-004 0 -1
-1.419715e-001 2.199997e-001 
1
2
5 0 1 3 0 -1
5 1 1 1 0 3
haar_y3
-1.257777e-002 0 -1
-3.436471e-001 5.319200e-002 
1
2
2 0 3 1 0 -1
3 1 1 1 0 3
tilted_haar_x3
-2.549706e-002 0 -1
2.064559e-001 -1.301119e-001 
1
2
1 0 6 6 0 -1
1 2 6 2 0 3
haar_y3
1.271527e-001 0 -1
-3.679568e-001 7.241997e-002 
1
2
0 0 4 1 0 -1
2 0 2 1 0 2
haar_x2
4.011681e-003 0 -1
-1.929846e-001 1.084211e-001 
1
2
3 0 4 4 0 -1
4 0 2 4 0 2
haar_x4
9.694287e-002 0 -1
-6.451229e-002 2.627596e-001 
1
2
1 0 6 1 0 -1
3 0 2 1 0 3
haar_x3
-7.987247e-002 0 -1
7.820481e-001 -3.734340e-002 
1
2
0 5 8 3 0 -1
0 6 8 1 0 3
haar_y3
-3.014911e-001 0 -1
5.096679e-001 -3.921064e-002 
1
2
0 5 8 3 0 -1
0 6 8 1 0 3
haar_y3
1.153574e-001 0 -1
-1.072838e-001 2.429178e-001 
1
2
5 6 2 2 0 -1
5 7 2 1 0 2
haar_y2
6.250802e-003 0 -1
-1.214693e-001 1.127132e-001 
1
3
0 6 8 2 0 -1
0 6 4 1 0 2
4 7 4 1 0 2
haar_x2_y2
5.593591e-002 0 -1
8.884843e-002 -3.571962e-001 
1
2
6 7 2 1 0 -1
6 7 1 1 0 2
haar_x2
-6.957878e-004 0 -1
1.577863e-001 -1.806680e-001 
1
2
2 0 1 3 0 -1
2 1 1 1 0 3
haar_y3
3.245638e-002 0 -1
3.532278e-002 -6.690649e-001 
1
3
4 0 2 2 0 -1
5 0 1 1 0 2
4 1 1 1 0 2
haar_x2_y2
-7.243673e-004 0 -1
1.272570e-001 -1.694556e-001 
1
2
4 0 4 1 0 -1
4 0 2 1 0 2
tilted_haar_x2
1.650364e-002 0 -1
-2.569757e-001 1.060692e-001 
1
2
3 0 3 2 0 -1
3 1 3 1 0 2
haar_y2
-2.078051e-002 0 -1
-3.701388e-001 3.298789e-002 
1
3
0 0 8 2 0 -1
0 0 4 1 0 2
4 1 4 1 0 2
haar_x2_y2
3.716147e-002 0 -1
7.633765e-002 -3.526841e-001 
1
2
5 5 1 2 0 -1
5 6 1 1 0 2
haar_y2
3.661594e-003 0 -1
-1.307970e-001 1.139989e-001 
-1.208314e+000

11
-1
