29
1
2
1 3 6 2 0 -1
3 3 2 2 0 3
haar_x3
-9.032857e-002 0 -1
4.500819e-001 -5.587758e-001 
1
2
0 6 8 2 0 -1
0 7 8 1 0 2
haar_y2
1.359881e-002 0 -1
-4.707181e-001 2.693362e-001 
1
2
3 0 2 3 0 -1
3 1 2 1 0 3
haar_y3
4.489927e-002 0 -1
-2.259200e-001 3.044454e-001 
1
2
0 3 8 4 0 -1
0 4 8 2 0 2
haar_y4
3.784839e-001 0 -1
8.144412e-002 -8.248935e-001 
1
2
1 1 1 4 0 -1
1 2 1 2 0 2
haar_y4
-2.406645e-002 0 -1
2.399514e-001 -2.416563e-001 
1
2
3 7 3 1 0 -1
4 7 1 1 0 3
haar_x3
1.350310e-002 0 -1
6.820206e-002 -6.797829e-001 
1
2
1 5 2 1 0 -1
1 5 1 1 0 2
tilted_haar_x2
-9.007045e-004 0 -1
1.121185e-001 -3.288526e-001 
1
2
2 6 4 2 0 -1
3 6 2 2 0 2
haar_x4
-2.916869e-002 0 -1
-4.356765e-001 1.202049e-001 
1
2
0 4 3 1 0 -1
1 4 1 1 0 3
haar_x3
-2.282326e-002 0 -1
4.494035e-001 -9.215482e-002 
1
2
3 1 3 1 0 -1
4 1 1 1 0 3
haar_x3
-2.290366e-002 0 -1
-7.490212e-001 3.787083e-002 
1
2
0 7 2 1 0 -1
1 7 1 1 0 2
haar_x2
1.312433e-002 0 -1
5.109761e-002 -6.233403e-001 
1
2
5 3 3 3 0 -1
6 3 1 3 0 3
haar_x3
8.395767e-002 0 -1
-9.667807e-002 3.977284e-001 
1
2
2 7 3 1 0 -1
3 7 1 1 0 3
haar_x3
1.240313e-002 0 -1
7.512657e-002 -6.130655e-001 
1
3
6 3 2 2 0 -1
7 3 1 1 0 2
6 4 1 1 0 2
haar_x2_y2
1.119915e-002 0 -1
-1.485323e-001 2.679481e-001 
1
2
3 0 2 3 0 -1
3 1 2 1 0 3
haar_y3
-2.743567e-002 0 -1
4.444030e-001 -6.998535e-002 
1
3
6 3 2 2 0 -1
7 3 1 1 0 2
6 4 1 1 0 2
haar_x2_y2
-1.653920e-002 0 -1
3.417354e-001 -4.760339e-002 
1
2
2 1 3 1 0 -1
3 1 1 1 0 3
haar_x3
-1.861705e-002 0 -1
-6.572381e-001 5.690668e-002 
1
2
3 1 3 1 0 -1
4 1 1 1 0 3
haar_x3
2.673643e-002 0 -1
1.601640e-002 -7.206696e-001 
1
3
0 3 2 2 0 -1
0 3 1 1 0 2
1 4 1 1 0 2
haar_x2_y2
1.951844e-002 0 -1
-1.092338e-001 3.632741e-001 
1
2
3 1 3 1 0 -1
4 1 1 1 0 3
haar_x3
-1.551334e-002 0 -1
-3.025165e-001 2.874457e-002 
1
2
2 1 2 1 0 -1
3 1 1 1 0 2
haar_x2
-7.933484e-004 0 -1
2.114722e-001 -1.790264e-001 
1
2
7 3 1 4 0 -1
7 4 1 2 0 2
haar_y4
4.342512e-002 0 -1
3.910752e-002 -3.298280e-001 
1
2
0 2 8 3 0 -1
0 3 8 1 0 3
haar_y3
-1.570869e-001 0 -1
2.090081e-001 -1.843946e-001 
1
2
2 1 5 3 0 -1
2 2 5 1 0 3
haar_y3
-1.225839e-001 0 -1
2.725331e-001 -1.283329e-001 
1
2
2 1 1 2 0 -1
2 1 1 1 0 2
tilted_haar_y2
4.991625e-002 0 -1
7.976418e-002 -5.504252e-001 
1
2
4 2 3 2 0 -1
5 3 1 2 0 3
tilted_haar_y3
-1.101482e-001 0 -1
1.729645e-001 -1.171637e-001 
1
2
0 3 1 4 0 -1
0 4 1 2 0 2
haar_y4
2.322063e-004 0 -1
-1.987608e-001 1.877907e-001 
1
2
3 3 5 3 0 -1
3 4 5 1 0 3
haar_y3
-8.625679e-002 0 -1
1.635206e-001 -7.085076e-002 
1
2
2 4 4 1 0 -1
3 4 2 1 0 2
haar_x4
2.213736e-002 0 -1
-5.080640e-002 6.431262e-001 
-1.285684e+000

7
-1
