15
1
2
1 0 6 6 0 -1
3 2 2 2 0 9
haar_point
6.577433e-001 0 -1
-5.655884e-001 6.173096e-001 
1
2
2 4 5 2 0 -1
2 5 5 1 0 2
haar_y2
-1.129877e-001 0 -1
6.450299e-001 -3.965323e-001 
1
2
2 2 4 4 0 -1
2 4 4 2 0 2
haar_y2
-3.101789e-001 0 -1
7.993248e-001 -2.843277e-001 
1
2
4 0 2 1 0 -1
4 0 1 1 0 2
haar_x2
9.949352e-004 0 -1
-3.761393e-001 3.222398e-001 
1
2
2 0 2 1 0 -1
3 0 1 1 0 2
haar_x2
1.416686e-003 0 -1
-4.557066e-001 3.060604e-001 
1
2
7 3 1 2 0 -1
7 3 1 1 0 2
tilted_haar_x2
5.582130e-004 0 -1
-3.330916e-001 2.008283e-001 
1
2
1 3 2 1 0 -1
1 3 1 1 0 2
tilted_haar_x2
3.532751e-003 0 -1
-4.977448e-001 2.890482e-001 
1
2
4 0 1 3 0 -1
4 1 1 1 0 3
haar_y3
-2.089715e-002 0 -1
-8.020400e-001 7.255084e-002 
1
2
0 0 1 4 0 -1
0 1 1 2 0 2
haar_y4
7.413471e-004 0 -1
-4.112815e-001 2.502783e-001 
1
2
6 6 2 2 0 -1
6 6 1 2 0 2
haar_x2
-8.703900e-004 0 -1
2.340217e-001 -3.111613e-001 
1
2
1 5 6 2 0 -1
1 6 6 1 0 2
haar_y2
7.157621e-002 0 -1
-2.234543e-001 4.389033e-001 
1
2
6 6 2 2 0 -1
6 6 1 2 0 2
haar_x2
5.498856e-004 0 -1
-1.333030e-001 1.499106e-001 
1
2
0 6 2 2 0 -1
1 6 1 2 0 2
haar_x2
-5.231902e-004 0 -1
3.118096e-001 -4.849938e-001 
1
2
2 1 4 6 0 -1
2 4 4 3 0 2
haar_y2
-1.831990e-002 0 -1
1.464948e-001 -7.009304e-001 
1
2
3 0 1 3 0 -1
3 1 1 1 0 3
haar_y3
-2.341258e-002 0 -1
-8.731593e-001 7.023922e-002 
-1.779120e+000

0
-1
