25
1
2
2 1 6 6 0 -1
4 3 2 2 0 9
haar_point
4.036979e-001 0 -1
-4.018236e-001 4.863433e-001 
1
2
3 5 5 2 0 -1
3 6 5 1 0 2
haar_y2
-6.078676e-002 0 -1
3.722481e-001 -3.858745e-001 
1
2
2 0 6 1 0 -1
4 0 2 1 0 3
haar_x3
1.908785e-002 0 -1
-4.249888e-001 2.603632e-001 
1
2
4 0 4 8 0 -1
4 4 4 4 0 2
haar_y2
-1.889695e-002 0 -1
1.838159e-001 -5.505332e-001 
1
2
1 0 5 3 0 -1
1 1 5 1 0 3
haar_y3
-2.618326e-002 0 -1
-8.012869e-001 7.629710e-002 
1
2
3 1 4 2 0 -1
3 2 4 1 0 2
haar_y2
-1.570293e-002 0 -1
-7.666333e-001 1.116561e-001 
1
2
0 2 2 7 0 -1
1 2 1 7 0 2
haar_x2
-8.776107e-003 0 -1
2.491461e-001 -3.498621e-001 
1
2
2 6 6 2 0 -1
2 7 6 1 0 2
haar_y2
-8.872250e-002 0 -1
6.412082e-001 -1.191288e-001 
1
2
2 4 6 4 0 -1
2 5 6 2 0 2
haar_y4
-1.536234e-001 0 -1
5.491466e-001 -1.124654e-001 
1
2
5 1 5 3 0 -1
5 2 5 1 0 3
haar_y3
-4.383833e-002 0 -1
-7.341236e-001 7.720685e-002 
1
2
2 5 6 4 0 -1
2 6 6 2 0 2
haar_y4
-1.327498e-001 0 -1
3.413538e-001 -2.010338e-001 
1
2
5 0 1 2 0 -1
5 1 1 1 0 2
haar_y2
4.851808e-003 0 -1
1.329594e-001 -4.711268e-001 
1
2
2 0 3 2 0 -1
2 0 3 1 0 2
tilted_haar_y2
3.920276e-002 0 -1
7.422648e-002 -6.568911e-001 
1
2
9 5 1 2 0 -1
9 6 1 1 0 2
haar_y2
-2.175710e-002 0 -1
-6.663138e-001 3.154513e-002 
1
2
2 1 2 3 0 -1
2 2 2 1 0 3
haar_y3
-1.797412e-002 0 -1
-7.188550e-001 6.433059e-002 
1
2
7 0 3 10 0 -1
7 5 3 5 0 2
haar_y2
-3.775258e-001 0 -1
-6.910401e-001 4.273038e-002 
1
3
0 0 6 10 0 -1
0 0 3 5 0 2
3 5 3 5 0 2
haar_x2_y2
-2.975929e-002 0 -1
1.153954e-001 -3.930991e-001 
1
3
2 0 8 10 0 -1
6 0 4 5 0 2
2 5 4 5 0 2
haar_x2_y2
3.320891e-002 0 -1
8.166601e-002 -2.363118e-001 
1
2
1 0 8 2 0 -1
3 0 4 2 0 2
haar_x4
-9.091595e-002 0 -1
7.827794e-001 -6.400681e-002 
1
2
5 0 1 3 0 -1
5 1 1 1 0 3
haar_y3
-8.368187e-003 0 -1
-7.783507e-001 9.245086e-002 
1
2
5 0 1 2 0 -1
5 0 1 1 0 2
tilted_haar_y2
6.846678e-004 0 -1
-3.051296e-001 1.489104e-001 
1
2
6 0 2 2 0 -1
6 0 1 2 0 2
tilted_haar_y2
2.038776e-003 0 -1
-1.561476e-001 1.214334e-001 
1
2
4 0 2 2 0 -1
4 0 2 1 0 2
tilted_haar_y2
5.267055e-002 0 -1
7.400072e-002 -7.764868e-001 
1
2
2 0 6 8 0 -1
2 2 6 4 0 2
haar_y4
2.551480e-001 0 -1
-1.912787e-001 2.281529e-001 
1
2
0 6 10 3 0 -1
0 7 10 1 0 3
haar_y3
2.471088e-002 0 -1
-1.623752e-001 3.193820e-001 
-1.452728e+000

3
-1
