274
1
2
1 1 3 1 0 -1
2 1 1 1 0 3
haar_x3
4.828712e-002 0 -1
-3.213544e-001 9.487949e-002 
1
2
2 2 3 3 0 -1
3 3 1 1 0 9
haar_point
-4.557839e-001 0 -1
1.023077e-001 -2.733906e-001 
1
2
0 3 4 1 0 -1
1 3 2 1 0 2
haar_x4
-4.657545e-003 0 -1
1.200744e-001 -2.182907e-001 
1
2
4 1 1 4 0 -1
4 3 1 2 0 2
haar_y2
-5.493015e-003 0 -1
7.892188e-002 -2.464881e-001 
1
2
0 2 1 2 0 -1
0 3 1 1 0 2
haar_y2
-3.607780e-003 0 -1
9.115772e-002 -2.093074e-001 
1
2
1 0 3 1 0 -1
2 0 1 1 0 3
haar_x3
9.653170e-002 0 -1
-2.250011e-001 7.689068e-002 
1
2
0 0 5 4 0 -1
0 2 5 2 0 2
haar_y2
-9.526654e-001 0 -1
1.367041e-001 -1.060854e-001 
1
3
3 1 2 2 0 -1
4 1 1 1 0 2
3 2 1 1 0 2
haar_x2_y2
3.881053e-003 0 -1
-1.393146e-001 1.360143e-001 
1
2
0 2 5 2 0 -1
0 3 5 1 0 2
haar_y2
-7.172701e-002 0 -1
-3.416319e-002 3.000283e-001 
1
3
3 2 2 2 0 -1
4 2 1 1 0 2
3 3 1 1 0 2
haar_x2_y2
-7.553315e-002 0 -1
9.742822e-002 -1.104943e-001 
1
2
1 0 1 2 0 -1
1 1 1 1 0 2
haar_y2
-2.962004e-002 0 -1
-2.443923e-001 4.861948e-002 
1
2
1 0 3 2 0 -1
2 0 1 2 0 3
haar_x3
-1.219135e-001 0 -1
5.584875e-001 -2.227098e-002 
1
3
1 1 2 2 0 -1
1 1 1 1 0 2
2 2 1 1 0 2
haar_x2_y2
1.043952e-001 0 -1
3.214018e-002 -3.613673e-001 
1
2
2 0 1 2 0 -1
2 1 1 1 0 2
haar_y2
7.912569e-002 0 -1
3.218461e-002 -3.077106e-001 
1
2
0 2 3 3 0 -1
1 3 1 1 0 9
haar_point
-9.842757e-001 0 -1
1.306202e-001 -6.899215e-002 
1
2
1 2 4 1 0 -1
2 2 2 1 0 2
haar_x4
3.026381e-003 0 -1
-4.956973e-002 2.398493e-002 
1
2
0 2 4 1 0 -1
1 2 2 1 0 2
haar_x4
4.107713e-003 0 -1
-1.266509e-001 6.741882e-002 
1
2
1 1 3 3 0 -1
1 2 3 1 0 3
haar_y3
-8.597316e-001 0 -1
5.635766e-001 -1.598446e-002 
1
2
0 1 3 1 0 -1
1 1 1 1 0 3
haar_x3
-5.968303e-002 0 -1
7.406004e-002 -9.490152e-002 
1
2
2 1 2 1 0 -1
2 1 1 1 0 2
haar_x2
1.557355e-002 0 -1
-8.564404e-002 3.037712e-002 
1
2
1 1 3 1 0 -1
2 1 1 1 0 3
haar_x3
5.255303e-002 0 -1
1.933786e-001 -5.744126e-002 
1
2
1 0 3 2 0 -1
1 1 3 1 0 2
haar_y2
-8.670436e-002 0 -1
-2.900153e-001 2.267217e-002 
1
2
0 0 4 5 0 -1
2 0 2 5 0 2
haar_x2
1.243061e+000 0 -1
-2.420284e-002 2.697313e-001 
1
2
1 3 4 1 0 -1
1 3 2 1 0 2
haar_x2
-1.741376e-001 0 -1
-8.180994e-002 3.184870e-002 
1
2
1 3 3 2 0 -1
2 3 1 2 0 3
haar_x3
3.709702e-001 0 -1
1.616200e-002 -4.076766e-001 
1
2
2 2 3 2 0 -1
3 2 1 2 0 3
haar_x3
-1.415508e-001 0 -1
1.324602e-001 -1.203192e-001 
1
2
1 2 2 1 0 -1
1 2 1 1 0 2
tilted_haar_x2
3.318070e-003 0 -1
-1.622696e-001 3.570388e-002 
1
2
4 3 1 2 0 -1
4 4 1 1 0 2
haar_y2
4.465124e-003 0 -1
-7.706898e-002 7.729264e-002 
1
3
0 3 4 2 0 -1
0 3 2 1 0 2
2 4 2 1 0 2
haar_x2_y2
2.444921e-001 0 -1
3.337692e-002 -2.055206e-001 
1
2
2 3 1 2 0 -1
2 4 1 1 0 2
haar_y2
4.919954e-002 0 -1
-8.397339e-002 7.283117e-002 
1
2
0 3 5 2 0 -1
0 4 5 1 0 2
haar_y2
-3.860935e-001 0 -1
2.798955e-001 -3.996387e-002 
1
2
4 1 1 4 0 -1
4 3 1 2 0 2
haar_y2
-3.434927e-001 0 -1
-1.785069e-001 2.642260e-002 
1
3
0 1 2 2 0 -1
0 1 1 1 0 2
1 2 1 1 0 2
haar_x2_y2
3.002869e-003 0 -1
-7.564720e-002 7.139328e-002 
1
2
3 1 1 2 0 -1
3 2 1 1 0 2
haar_y2
-3.514708e-003 0 -1
4.252311e-002 -6.711049e-002 
1
2
1 2 2 1 0 -1
2 2 1 1 0 2
haar_x2
3.662875e-003 0 -1
-1.463959e-001 4.969619e-002 
1
2
4 0 1 3 0 -1
3 1 1 1 0 3
tilted_haar_x3
1.347099e-001 0 -1
1.575641e-001 -2.152829e-002 
1
2
0 1 5 2 0 -1
0 2 5 1 0 2
haar_y2
-2.028302e-001 0 -1
-8.930286e-002 7.680421e-002 
1
2
3 1 1 2 0 -1
3 2 1 1 0 2
haar_y2
-2.316601e-001 0 -1
-3.377645e-001 6.243060e-003 
1
2
1 1 1 2 0 -1
1 2 1 1 0 2
haar_y2
-2.483284e-003 0 -1
7.836371e-002 -1.285124e-001 
1
3
2 1 2 2 0 -1
3 1 1 1 0 2
2 2 1 1 0 2
haar_x2_y2
-6.253901e-002 0 -1
-1.383871e-001 3.400933e-002 
1
3
1 1 2 2 0 -1
1 1 1 1 0 2
2 2 1 1 0 2
haar_x2_y2
-3.127532e-003 0 -1
1.020322e-001 -1.001895e-001 
1
3
2 1 2 2 0 -1
3 1 1 1 0 2
2 2 1 1 0 2
haar_x2_y2
-2.799565e-003 0 -1
7.442373e-002 -7.748875e-002 
1
3
1 1 2 2 0 -1
1 1 1 1 0 2
2 2 1 1 0 2
haar_x2_y2
3.336367e-003 0 -1
-1.002386e-001 1.401006e-001 
1
2
3 1 1 2 0 -1
3 2 1 1 0 2
haar_y2
3.310724e-003 0 -1
-3.044586e-002 5.691678e-002 
1
3
1 1 2 2 0 -1
1 1 1 1 0 2
2 2 1 1 0 2
haar_x2_y2
-3.108399e-003 0 -1
9.161033e-002 -9.120762e-002 
1
3
2 1 2 2 0 -1
3 1 1 1 0 2
2 2 1 1 0 2
haar_x2_y2
3.025695e-003 0 -1
-8.017334e-002 1.167603e-001 
1
2
0 4 4 1 0 -1
1 4 2 1 0 2
haar_x4
2.872740e-003 0 -1
-6.560788e-002 8.856203e-002 
1
2
4 0 1 3 0 -1
3 1 1 1 0 3
tilted_haar_x3
2.980851e-001 0 -1
-7.426652e-002 3.174369e-002 
1
2
1 0 3 1 0 -1
2 1 1 1 0 3
tilted_haar_x3
4.524650e-001 0 -1
-2.837116e-002 2.636047e-001 
1
2
1 2 4 3 0 -1
2 2 2 3 0 2
haar_x4
-2.081723e+000 0 -1
3.396584e-001 -4.153038e-003 
1
2
0 2 4 3 0 -1
1 2 2 3 0 2
haar_x4
-1.111704e-003 0 -1
8.219822e-002 -9.813671e-002 
1
2
1 3 4 1 0 -1
2 3 2 1 0 2
haar_x4
-3.319166e-003 0 -1
4.581591e-002 -1.192104e-001 
1
2
0 3 4 1 0 -1
1 3 2 1 0 2
haar_x4
2.579995e-003 0 -1
-6.067750e-002 1.673382e-001 
1
3
1 0 4 4 0 -1
3 0 2 2 0 2
1 2 2 2 0 2
haar_x2_y2
1.699005e-001 0 -1
4.037251e-002 -2.515773e-001 
1
2
2 0 1 4 0 -1
2 2 1 2 0 2
haar_y2
-2.918055e-002 0 -1
-2.885832e-002 2.480839e-001 
1
3
3 3 2 2 0 -1
4 3 1 1 0 2
3 4 1 1 0 2
haar_x2_y2
2.100917e-001 0 -1
1.316393e-002 -1.958163e-001 
1
3
0 3 2 2 0 -1
0 3 1 1 0 2
1 4 1 1 0 2
haar_x2_y2
5.124183e-003 0 -1
-1.177219e-001 5.384135e-002 
1
2
3 0 2 3 0 -1
3 0 1 3 0 2
haar_x2
8.726782e-002 0 -1
-3.052618e-002 5.332579e-002 
1
2
0 0 2 3 0 -1
1 0 1 3 0 2
haar_x2
-7.658376e-001 0 -1
4.177908e-001 -1.697095e-002 
1
2
1 2 3 3 0 -1
2 3 1 1 0 9
haar_point
-1.362933e+000 0 -1
-2.308735e-001 2.615443e-002 
1
2
0 1 1 4 0 -1
0 2 1 2 0 2
haar_y4
-4.180283e-003 0 -1
6.235030e-002 -1.054458e-001 
1
3
2 0 2 4 0 -1
3 0 1 2 0 2
2 2 1 2 0 2
haar_x2_y2
-2.912987e-003 0 -1
5.106323e-002 -1.319097e-001 
1
2
0 1 1 4 0 -1
0 2 1 2 0 2
haar_y4
-1.782455e-001 0 -1
-1.781524e-001 3.977200e-002 
1
2
0 1 5 4 0 -1
0 2 5 2 0 2
haar_y4
-1.051207e+000 0 -1
1.772178e-001 -2.962863e-002 
1
2
1 1 1 2 0 -1
1 2 1 1 0 2
haar_y2
2.553341e-003 0 -1
-5.783918e-002 1.322848e-001 
1
3
2 1 2 2 0 -1
3 1 1 1 0 2
2 2 1 1 0 2
haar_x2_y2
-9.770320e-002 0 -1
-1.866616e-001 2.420733e-002 
1
2
1 1 2 3 0 -1
1 2 2 1 0 3
haar_y3
4.956172e-001 0 -1
3.752339e-002 -2.034750e-001 
1
2
2 1 1 2 0 -1
2 2 1 1 0 2
haar_y2
2.431137e-003 0 -1
-4.883577e-002 1.086328e-001 
1
2
2 1 1 2 0 -1
2 2 1 1 0 2
haar_y2
-2.829432e-001 0 -1
5.816923e-001 -1.029559e-002 
1
2
1 0 3 4 0 -1
2 0 1 4 0 3
haar_x3
1.482368e+000 0 -1
8.740912e-003 -6.917924e-001 
1
3
0 0 4 2 0 -1
0 0 2 1 0 2
2 1 2 1 0 2
haar_x2_y2
1.249999e-001 0 -1
2.693349e-002 -1.573894e-001 
1
2
3 0 2 2 0 -1
3 1 2 1 0 2
haar_y2
3.912495e-001 0 -1
-9.054318e-003 1.541923e-001 
1
2
0 0 2 2 0 -1
0 1 2 1 0 2
haar_y2
-4.617730e-003 0 -1
1.219385e-001 -5.281585e-002 
1
2
3 0 1 2 0 -1
3 1 1 1 0 2
haar_y2
3.504048e-003 0 -1
-1.065944e-001 6.364285e-002 
1
2
1 0 1 2 0 -1
1 1 1 1 0 2
haar_y2
3.720485e-003 0 -1
-9.633846e-002 5.665563e-002 
1
2
0 0 5 2 0 -1
0 1 5 1 0 2
haar_y2
-3.725009e-003 0 -1
1.566985e-001 -5.560981e-002 
1
2
0 0 1 2 0 -1
0 1 1 1 0 2
haar_y2
3.486091e-003 0 -1
-1.035540e-001 6.768202e-002 
1
2
2 0 3 4 0 -1
2 1 3 2 0 2
haar_y4
9.225746e-001 0 -1
9.473529e-003 -2.635390e-001 
1
3
1 0 2 2 0 -1
1 0 1 1 0 2
2 1 1 1 0 2
haar_x2_y2
2.021030e-003 0 -1
-6.519119e-002 8.960667e-002 
1
3
2 0 2 2 0 -1
3 0 1 1 0 2
2 1 1 1 0 2
haar_x2_y2
6.786054e-002 0 -1
1.529418e-002 -1.191840e-001 
1
3
1 0 2 2 0 -1
1 0 1 1 0 2
2 1 1 1 0 2
haar_x2_y2
-3.428923e-003 0 -1
8.290719e-002 -8.142548e-002 
1
3
2 1 2 4 0 -1
3 1 1 2 0 2
2 3 1 2 0 2
haar_x2_y2
-1.185434e-001 0 -1
7.410935e-002 -8.324466e-002 
1
2
0 2 5 2 0 -1
0 3 5 1 0 2
haar_y2
-8.844616e-001 0 -1
2.187731e-001 -2.730267e-002 
1
2
4 2 1 2 0 -1
4 3 1 1 0 2
haar_y2
-4.654336e-003 0 -1
4.065179e-002 -9.129115e-002 
1
2
0 2 1 2 0 -1
0 3 1 1 0 2
haar_y2
-1.281211e-001 0 -1
-2.230191e-001 3.872034e-002 
1
2
4 0 1 2 0 -1
4 1 1 1 0 2
haar_y2
-2.536017e-001 0 -1
2.860751e-001 -7.346948e-003 
1
2
0 0 1 2 0 -1
0 1 1 1 0 2
haar_y2
-3.223451e-003 0 -1
9.973644e-002 -4.846098e-002 
1
3
3 0 2 2 0 -1
4 0 1 1 0 2
3 1 1 1 0 2
haar_x2_y2
-3.972068e-002 0 -1
1.201870e-001 -6.273559e-002 
1
2
0 0 4 3 0 -1
2 0 2 3 0 2
haar_x2
1.315922e+000 0 -1
6.345013e-003 -6.561423e-001 
1
3
2 1 2 4 0 -1
3 1 1 2 0 2
2 3 1 2 0 2
haar_x2_y2
-5.023782e-001 0 -1
-3.321167e-001 6.963022e-003 
1
3
1 1 2 4 0 -1
1 1 1 2 0 2
2 3 1 2 0 2
haar_x2_y2
-1.010668e-001 0 -1
5.225843e-002 -9.269989e-002 
1
2
2 4 2 1 0 -1
2 4 1 1 0 2
haar_x2
3.022967e-001 0 -1
3.178792e-003 -9.449274e-001 
1
2
1 4 2 1 0 -1
2 4 1 1 0 2
haar_x2
3.564229e-003 0 -1
-6.962569e-002 8.243530e-002 
1
2
4 0 1 4 0 -1
4 1 1 2 0 2
haar_y4
1.895078e-001 0 -1
2.391700e-002 -8.445382e-002 
1
2
0 0 1 4 0 -1
0 1 1 2 0 2
haar_y4
5.741737e-002 0 -1
-9.785182e-002 6.273322e-002 
1
3
2 2 2 2 0 -1
3 2 1 1 0 2
2 3 1 1 0 2
haar_x2_y2
2.067531e-001 0 -1
-1.274510e-002 6.675715e-001 
1
3
0 0 4 2 0 -1
0 0 2 1 0 2
2 1 2 1 0 2
haar_x2_y2
-2.219843e-001 0 -1
-1.881090e-001 2.773070e-002 
1
3
3 1 2 4 0 -1
4 1 1 2 0 2
3 3 1 2 0 2
haar_x2_y2
3.451628e-003 0 -1
-3.009589e-002 7.985128e-002 
1
2
1 1 3 4 0 -1
2 1 1 4 0 3
haar_x3
-1.671844e-001 0 -1
1.712926e-001 -2.956902e-002 
1
2
2 0 1 4 0 -1
2 1 1 2 0 2
haar_y4
1.720875e-001 0 -1
-1.013326e-001 3.997609e-002 
1
2
0 2 5 2 0 -1
0 3 5 1 0 2
haar_y2
-4.109667e-001 0 -1
-4.608201e-002 1.137750e-001 
1
2
1 2 3 2 0 -1
1 3 3 1 0 2
haar_y2
-5.031700e-001 0 -1
6.711684e-002 -7.421460e-002 
1
2
2 1 1 2 0 -1
2 2 1 1 0 2
haar_y2
-3.887346e-003 0 -1
5.353121e-002 -9.126674e-002 
1
2
3 1 1 3 0 -1
2 2 1 1 0 3
tilted_haar_x3
4.113523e-001 0 -1
-5.934545e-003 5.850112e-001 
1
2
1 3 3 1 0 -1
2 3 1 1 0 3
haar_x3
2.888316e-003 0 -1
-6.926320e-002 8.112064e-002 
1
2
3 0 2 2 0 -1
3 0 1 2 0 2
tilted_haar_y2
-1.818167e-001 0 -1
1.775122e-001 -1.247325e-002 
1
2
0 0 2 1 0 -1
1 0 1 1 0 2
haar_x2
3.405000e-003 0 -1
-6.246975e-002 6.898782e-002 
1
2
3 0 2 2 0 -1
3 0 1 2 0 2
tilted_haar_y2
7.275250e-001 0 -1
3.047743e-003 -3.981095e-001 
1
2
2 0 2 2 0 -1
2 0 2 1 0 2
tilted_haar_y2
5.922289e-001 0 -1
1.721091e-002 -3.146547e-001 
1
2
0 0 5 4 0 -1
0 2 5 2 0 2
haar_y2
-1.449741e+000 0 -1
1.800192e-001 -2.941759e-002 
1
2
0 1 1 4 0 -1
0 3 1 2 0 2
haar_y2
-3.041560e-001 0 -1
-1.490579e-001 3.079944e-002 
1
2
2 0 3 1 0 -1
3 0 1 1 0 3
haar_x3
-4.140512e-002 0 -1
6.197031e-002 -8.906229e-002 
1
2
0 0 3 1 0 -1
1 0 1 1 0 3
haar_x3
-4.055536e-002 0 -1
5.027786e-002 -7.672753e-002 
1
2
1 0 3 4 0 -1
2 0 1 4 0 3
haar_x3
7.618392e-001 0 -1
4.370449e-002 -1.359998e-001 
1
2
1 2 3 3 0 -1
2 2 1 3 0 3
haar_x3
7.794113e-001 0 -1
-1.320404e-002 4.162520e-001 
1
3
2 1 2 2 0 -1
3 1 1 1 0 2
2 2 1 1 0 2
haar_x2_y2
3.861339e-002 0 -1
3.841184e-002 -1.299936e-001 
1
3
1 1 2 2 0 -1
1 1 1 1 0 2
2 2 1 1 0 2
haar_x2_y2
-3.294556e-002 0 -1
-9.937730e-002 5.288174e-002 
1
2
3 1 2 2 0 -1
3 2 2 1 0 2
haar_y2
7.657947e-002 0 -1
1.925011e-002 -1.223402e-001 
1
2
0 1 2 2 0 -1
0 2 2 1 0 2
haar_y2
-1.832733e-001 0 -1
-1.545055e-001 4.266714e-002 
1
2
1 2 3 3 0 -1
1 3 3 1 0 3
haar_y3
3.931249e-001 0 -1
-1.499301e-002 3.562572e-001 
1
2
0 4 3 1 0 -1
1 4 1 1 0 3
haar_x3
-4.938380e-001 0 -1
3.532481e-001 -9.684519e-003 
1
2
2 4 3 1 0 -1
3 4 1 1 0 3
haar_x3
-1.159984e-001 0 -1
-1.917142e-001 4.441604e-002 
1
2
1 4 3 1 0 -1
2 4 1 1 0 3
haar_x3
3.494722e-003 0 -1
-7.962667e-002 7.041509e-002 
1
2
2 4 2 1 0 -1
2 4 1 1 0 2
haar_x2
3.518556e-003 0 -1
-4.573800e-002 4.937234e-002 
1
2
1 4 2 1 0 -1
2 4 1 1 0 2
haar_x2
-3.586660e-003 0 -1
8.955443e-002 -7.419909e-002 
1
2
1 0 4 2 0 -1
1 0 2 2 0 2
haar_x2
-2.054408e-001 0 -1
1.210877e-001 -2.533564e-002 
1
2
0 2 2 1 0 -1
1 2 1 1 0 2
haar_x2
6.460859e-003 0 -1
-6.131372e-002 6.991091e-002 
1
2
3 2 2 1 0 -1
3 2 1 1 0 2
haar_x2
-1.551408e-001 0 -1
1.600592e-001 -1.838284e-002 
1
2
0 2 2 1 0 -1
1 2 1 1 0 2
haar_x2
-2.269998e-003 0 -1
7.458442e-002 -6.397611e-002 
1
2
2 0 3 4 0 -1
2 1 3 2 0 2
haar_y4
3.247453e-001 0 -1
-8.654798e-002 3.206551e-002 
1
2
0 2 1 2 0 -1
0 3 1 1 0 2
haar_y2
1.700150e-001 0 -1
9.584360e-003 -4.136952e-001 
1
2
4 1 1 3 0 -1
4 2 1 1 0 3
haar_y3
-6.368910e-002 0 -1
8.254120e-002 -3.649204e-002 
1
2
0 1 2 2 0 -1
1 1 1 2 0 2
haar_x2
5.361325e-002 0 -1
-4.725822e-002 9.102888e-002 
1
2
3 1 2 1 0 -1
3 1 1 1 0 2
haar_x2
7.136963e-002 0 -1
-2.451067e-002 8.434022e-002 
1
2
0 1 2 1 0 -1
1 1 1 1 0 2
haar_x2
-4.259634e-002 0 -1
1.046710e-001 -5.744202e-002 
1
2
3 0 2 5 0 -1
3 0 1 5 0 2
haar_x2
-4.285859e-001 0 -1
-1.077208e-001 2.173172e-002 
1
2
0 3 2 2 0 -1
1 3 1 2 0 2
haar_x2
1.686839e-001 0 -1
8.653094e-003 -4.328668e-001 
1
2
3 0 2 5 0 -1
3 0 1 5 0 2
haar_x2
-7.153673e-002 0 -1
4.173316e-002 -4.666476e-002 
1
2
0 0 2 5 0 -1
1 0 1 5 0 2
haar_x2
-3.944446e-001 0 -1
-1.477221e-001 3.064619e-002 
1
2
4 0 1 4 0 -1
4 1 1 2 0 2
haar_y4
3.096107e-001 0 -1
-1.331987e-002 1.479329e-001 
1
2
0 0 1 4 0 -1
0 1 1 2 0 2
haar_y4
-3.880053e-001 0 -1
4.985293e-001 -1.043119e-002 
1
2
3 0 2 3 0 -1
3 1 2 1 0 3
haar_y3
9.599326e-001 0 -1
5.829385e-003 -1.000043e+000 
1
2
0 0 2 3 0 -1
0 1 2 1 0 3
haar_y3
-2.030176e-001 0 -1
-3.842371e-001 9.125634e-003 
1
2
1 0 4 2 0 -1
2 0 2 2 0 2
haar_x4
8.582780e-001 0 -1
2.994229e-003 -5.320901e-001 
1
2
0 0 4 2 0 -1
1 0 2 2 0 2
haar_x4
7.735246e-001 0 -1
-7.637554e-003 4.693284e-001 
1
2
2 2 3 2 0 -1
3 2 1 2 0 3
haar_x3
-7.695343e-001 0 -1
1.846888e-001 -5.839332e-003 
1
2
0 2 3 2 0 -1
1 2 1 2 0 3
haar_x3
-1.045777e-001 0 -1
5.277650e-002 -6.815805e-002 
1
3
2 0 2 4 0 -1
3 0 1 2 0 2
2 2 1 2 0 2
haar_x2_y2
1.387608e-001 0 -1
1.301624e-002 -2.153703e-001 
1
2
0 2 2 1 0 -1
1 2 1 1 0 2
haar_x2
3.110392e-003 0 -1
-6.052961e-002 6.469806e-002 
1
3
3 1 2 4 0 -1
4 1 1 2 0 2
3 3 1 2 0 2
haar_x2_y2
-9.262097e-001 0 -1
3.850425e-001 -5.930773e-003 
1
3
0 1 2 4 0 -1
0 1 1 2 0 2
1 3 1 2 0 2
haar_x2_y2
3.352163e-003 0 -1
-4.176711e-002 1.000312e-001 
1
2
2 1 2 4 0 -1
2 3 2 2 0 2
haar_y2
-1.548220e+000 0 -1
-8.483716e-001 3.159638e-003 
1
2
1 1 2 4 0 -1
1 3 2 2 0 2
haar_y2
-8.150492e-001 0 -1
1.134218e-001 -3.995655e-002 
1
2
1 3 4 1 0 -1
1 3 2 1 0 2
haar_x2
-3.270430e-003 0 -1
4.609707e-002 -8.321872e-002 
1
2
0 3 4 1 0 -1
2 3 2 1 0 2
haar_x2
-2.301261e-003 0 -1
5.682696e-002 -1.214348e-001 
1
2
1 0 4 2 0 -1
1 0 2 2 0 2
haar_x2
9.420732e-002 0 -1
-4.152004e-002 3.212615e-002 
1
2
0 0 4 2 0 -1
2 0 2 2 0 2
haar_x2
5.099589e-001 0 -1
-3.609819e-002 1.816978e-001 
1
2
1 0 4 3 0 -1
1 1 4 1 0 3
haar_y3
2.106125e-001 0 -1
6.546355e-002 -5.883726e-002 
1
2
1 0 3 4 0 -1
1 2 3 2 0 2
haar_y2
-8.303928e-001 0 -1
1.185277e-001 -4.752135e-002 
1
2
2 0 1 2 0 -1
2 1 1 1 0 2
haar_y2
3.663395e-003 0 -1
-7.189748e-002 5.182783e-002 
1
2
2 0 1 2 0 -1
2 1 1 1 0 2
haar_y2
2.118152e-002 0 -1
5.969660e-002 -7.623429e-002 
1
2
2 1 1 4 0 -1
2 2 1 2 0 2
haar_y4
2.251358e-001 0 -1
-1.525263e-002 2.558199e-001 
1
2
0 2 4 1 0 -1
2 2 2 1 0 2
haar_x2
4.503839e-001 0 -1
6.413531e-003 -6.425296e-001 
1
2
3 3 1 2 0 -1
3 4 1 1 0 2
haar_y2
4.973955e-003 0 -1
-7.273988e-002 3.871395e-002 
1
3
0 0 4 4 0 -1
0 0 2 2 0 2
2 2 2 2 0 2
haar_x2_y2
-4.289851e-001 0 -1
-1.334479e-001 2.650657e-002 
1
2
2 0 2 1 0 -1
2 0 1 1 0 2
haar_x2
6.332740e-002 0 -1
-5.716005e-002 4.360371e-002 
1
2
1 0 2 1 0 -1
2 0 1 1 0 2
haar_x2
4.396968e-002 0 -1
-9.134820e-002 4.973617e-002 
1
2
1 0 3 1 0 -1
2 0 1 1 0 3
haar_x3
1.115793e-001 0 -1
1.036726e-001 -5.825394e-002 
1
2
2 0 2 1 0 -1
2 0 1 1 0 2
tilted_haar_x2
-4.680578e-001 0 -1
2.491776e-001 -1.616445e-002 
1
2
2 1 1 3 0 -1
2 2 1 1 0 3
haar_y3
4.037979e-001 0 -1
1.124537e-002 -3.160741e-001 
1
2
1 1 3 3 0 -1
2 2 1 1 0 9
haar_point
2.159577e+000 0 -1
-8.683264e-003 5.092480e-001 
1
2
3 1 1 2 0 -1
3 1 1 1 0 2
tilted_haar_x2
5.675898e-001 0 -1
4.368985e-003 -9.773603e-001 
1
3
1 2 2 2 0 -1
1 2 1 1 0 2
2 3 1 1 0 2
haar_x2_y2
2.204849e-001 0 -1
-8.048842e-003 5.296077e-001 
1
2
0 0 5 4 0 -1
0 1 5 2 0 2
haar_y4
8.506088e-001 0 -1
-4.385870e-002 7.457837e-002 
1
2
1 0 3 4 0 -1
1 1 3 2 0 2
haar_y4
8.077728e-001 0 -1
2.197776e-002 -1.979959e-001 
1
2
1 4 4 1 0 -1
1 4 2 1 0 2
haar_x2
3.810565e-001 0 -1
-2.328911e-002 3.949254e-001 
1
2
0 4 3 1 0 -1
1 4 1 1 0 3
haar_x3
1.051580e-001 0 -1
2.227309e-002 -1.984140e-001 
1
2
4 2 1 3 0 -1
4 3 1 1 0 3
haar_y3
3.629642e-003 0 -1
-3.145061e-002 5.938693e-002 
1
2
1 2 3 3 0 -1
2 3 1 1 0 9
haar_point
2.250867e-001 0 -1
1.920318e-002 -1.841589e-001 
1
2
3 3 2 1 0 -1
3 3 1 1 0 2
haar_x2
-1.738129e-001 0 -1
-1.365104e-001 2.162302e-002 
1
2
0 3 2 1 0 -1
1 3 1 1 0 2
haar_x2
1.000787e-001 0 -1
-1.093948e-002 3.591687e-001 
1
2
4 2 1 3 0 -1
4 3 1 1 0 3
haar_y3
1.217487e+000 0 -1
1.337210e-003 -1.000029e+000 
1
2
0 2 1 3 0 -1
0 3 1 1 0 3
haar_y3
8.131157e-002 0 -1
-2.945331e-002 1.365226e-001 
1
3
2 3 2 2 0 -1
3 3 1 1 0 2
2 4 1 1 0 2
haar_x2_y2
3.620061e-001 0 -1
1.382677e-003 -9.998567e-001 
1
3
1 3 2 2 0 -1
1 3 1 1 0 2
2 4 1 1 0 2
haar_x2_y2
1.880042e-001 0 -1
1.024303e-002 -3.920701e-001 
1
2
3 0 2 1 0 -1
3 0 1 1 0 2
tilted_haar_y2
8.511905e-002 0 -1
-8.467962e-002 4.827140e-002 
1
2
1 0 3 3 0 -1
2 1 1 1 0 9
haar_point
1.041029e-001 0 -1
1.639531e-001 -3.206203e-002 
1
2
2 0 2 2 0 -1
2 1 2 1 0 2
haar_y2
3.129759e-003 0 -1
-9.672499e-002 5.053170e-002 
1
2
0 2 3 3 0 -1
1 2 1 3 0 3
haar_x3
5.342909e-001 0 -1
4.470081e-003 -8.445088e-001 
1
2
2 0 2 1 0 -1
2 0 1 1 0 2
haar_x2
-3.922933e-002 0 -1
1.888070e-001 -1.783474e-002 
1
2
1 0 2 1 0 -1
2 0 1 1 0 2
haar_x2
7.606687e-003 0 -1
-1.196279e-001 3.237338e-002 
1
2
2 0 2 1 0 -1
2 0 1 1 0 2
haar_x2
3.630720e-003 0 -1
-1.055542e-001 2.612023e-002 
1
2
1 0 2 1 0 -1
2 0 1 1 0 2
haar_x2
-2.050428e-002 0 -1
1.739101e-001 -2.519699e-002 
1
2
0 3 5 2 0 -1
0 4 5 1 0 2
haar_y2
4.205501e-001 0 -1
-4.134669e-002 8.961049e-002 
1
3
0 3 2 2 0 -1
0 3 1 1 0 2
1 4 1 1 0 2
haar_x2_y2
-5.071220e-002 0 -1
1.383063e-001 -2.918791e-002 
1
2
3 4 2 1 0 -1
3 4 1 1 0 2
haar_x2
9.149881e-002 0 -1
1.795736e-002 -2.040035e-001 
1
2
0 4 2 1 0 -1
1 4 1 1 0 2
haar_x2
-1.754073e-001 0 -1
-2.269361e-001 1.787733e-002 
1
2
3 0 2 1 0 -1
3 0 1 1 0 2
tilted_haar_y2
5.861225e-001 0 -1
3.766937e-003 -6.258250e-001 
1
2
2 0 1 2 0 -1
2 0 1 1 0 2
tilted_haar_y2
1.378157e-001 0 -1
3.187104e-002 -1.512730e-001 
1
2
2 1 1 3 0 -1
2 2 1 1 0 3
haar_y3
4.496542e-001 0 -1
7.918731e-003 -4.360886e-001 
1
2
1 1 3 4 0 -1
1 3 3 2 0 2
haar_y2
-9.529263e-002 0 -1
-1.814037e-002 2.173992e-001 
1
2
3 1 1 4 0 -1
3 3 1 2 0 2
haar_y2
-5.330176e-001 0 -1
2.238279e-001 -1.808879e-002 
1
2
0 3 2 2 0 -1
0 4 2 1 0 2
haar_y2
-2.235244e-001 0 -1
-2.234253e-001 2.273938e-002 
1
2
3 1 1 4 0 -1
3 3 1 2 0 2
haar_y2
-8.071845e-001 0 -1
-1.000000e+000 3.912276e-004 
1
2
1 1 1 4 0 -1
1 3 1 2 0 2
haar_y2
-2.779469e-002 0 -1
2.797330e-002 -1.513983e-001 
1
2
4 2 1 3 0 -1
4 3 1 1 0 3
haar_y3
3.629642e-003 0 -1
-3.013437e-002 5.640410e-002 
1
2
0 2 1 3 0 -1
0 3 1 1 0 3
haar_y3
3.425725e-003 0 -1
-4.427584e-002 8.617985e-002 
1
2
0 2 5 3 0 -1
0 3 5 1 0 3
haar_y3
-5.471771e-001 0 -1
4.213612e-002 -7.518844e-002 
1
2
1 2 1 3 0 -1
1 3 1 1 0 3
haar_y3
-4.691744e-001 0 -1
-3.384696e-001 1.134206e-002 
1
2
3 4 2 1 0 -1
3 4 1 1 0 2
haar_x2
-4.613774e-001 0 -1
2.742349e-001 -8.665833e-003 
1
2
1 2 3 3 0 -1
2 3 1 1 0 9
haar_point
1.001167e+000 0 -1
-7.605839e-003 4.113657e-001 
1
2
1 1 4 1 0 -1
2 1 2 1 0 2
haar_x4
2.355598e-001 0 -1
1.737997e-002 -1.426713e-001 
1
2
1 1 3 1 0 -1
2 1 1 1 0 3
haar_x3
9.318596e-002 0 -1
-7.772791e-002 4.809871e-002 
1
2
4 0 1 2 0 -1
4 1 1 1 0 2
haar_y2
2.425094e-001 0 -1
-9.869359e-003 1.460195e-001 
1
2
0 0 1 2 0 -1
0 1 1 1 0 2
haar_y2
-2.160504e-001 0 -1
3.675487e-001 -9.179657e-003 
1
2
4 0 1 4 0 -1
4 2 1 2 0 2
haar_y2
-2.767034e-001 0 -1
-1.669302e-001 3.470056e-002 
1
2
2 0 1 2 0 -1
2 1 1 1 0 2
haar_y2
1.690150e-001 0 -1
7.476329e-003 -5.017361e-001 
1
2
4 1 1 4 0 -1
4 3 1 2 0 2
haar_y2
1.139131e-001 0 -1
1.725248e-002 -2.064514e-001 
1
2
0 1 1 4 0 -1
0 3 1 2 0 2
haar_y2
-5.015497e-001 0 -1
-3.949989e-001 8.243160e-003 
1
2
2 0 1 2 0 -1
2 1 1 1 0 2
haar_y2
-2.341050e-003 0 -1
8.308407e-002 -4.086730e-002 
1
2
2 0 1 2 0 -1
2 1 1 1 0 2
haar_y2
2.091981e-003 0 -1
-7.345654e-002 5.168667e-002 
1
2
0 0 5 2 0 -1
0 1 5 1 0 2
haar_y2
-1.146494e-001 0 -1
1.519425e-001 -2.258140e-002 
1
2
0 0 3 4 0 -1
0 1 3 2 0 2
haar_y4
1.735242e-001 0 -1
-1.826556e-001 2.926688e-002 
1
2
0 2 5 2 0 -1
0 3 5 1 0 2
haar_y2
-2.739455e-001 0 -1
-3.407150e-002 1.489612e-001 
1
2
1 2 2 2 0 -1
2 2 1 2 0 2
haar_x2
-3.622557e-001 0 -1
-1.000000e+000 3.407575e-003 
1
2
2 0 3 3 0 -1
3 0 1 3 0 3
haar_x3
3.828000e-001 0 -1
-1.633234e-002 2.511642e-001 
1
2
0 2 4 2 0 -1
2 2 2 2 0 2
haar_x2
7.336855e-001 0 -1
-6.986789e-003 4.542868e-001 
1
2
2 3 2 1 0 -1
2 3 1 1 0 2
haar_x2
-1.715335e-001 0 -1
-3.851235e-001 1.131463e-002 
1
2
0 3 4 1 0 -1
1 3 2 1 0 2
haar_x4
-3.668005e-001 0 -1
3.080300e-001 -1.456500e-002 
1
2
4 2 1 2 0 -1
4 3 1 1 0 2
haar_y2
-2.364049e-001 0 -1
-3.818657e-001 7.302626e-003 
1
2
0 2 5 2 0 -1
0 3 5 1 0 2
haar_y2
-1.056792e+000 0 -1
5.291947e-001 -9.067678e-003 
1
2
4 2 1 2 0 -1
4 3 1 1 0 2
haar_y2
1.435494e-001 0 -1
8.809210e-003 -2.668833e-001 
1
2
0 0 2 3 0 -1
0 1 2 1 0 3
haar_y3
-1.168167e-001 0 -1
-2.401172e-001 1.564848e-002 
1
2
0 0 5 2 0 -1
0 1 5 1 0 2
haar_y2
1.371132e-001 0 -1
5.928696e-002 -6.786047e-002 
1
2
1 0 1 2 0 -1
1 1 1 1 0 2
haar_y2
3.720485e-003 0 -1
-8.572584e-002 5.040270e-002 
1
2
3 0 1 2 0 -1
3 1 1 1 0 2
haar_y2
-2.338874e-003 0 -1
6.834900e-002 -3.019658e-002 
1
2
1 0 1 2 0 -1
1 1 1 1 0 2
haar_y2
-2.840207e-003 0 -1
1.136721e-001 -4.914002e-002 
1
2
4 0 1 4 0 -1
4 0 1 2 0 2
tilted_haar_x2
1.110486e+000 0 -1
4.924355e-003 -5.782705e-001 
1
2
1 0 4 1 0 -1
1 0 2 1 0 2
tilted_haar_x2
6.665953e-001 0 -1
3.598985e-002 -1.389837e-001 
1
2
2 2 2 1 0 -1
2 2 1 1 0 2
haar_x2
1.088539e-001 0 -1
3.064463e-002 -8.193132e-002 
1
2
0 0 3 4 0 -1
1 0 1 4 0 3
haar_x3
6.570072e-002 0 -1
-3.038348e-002 1.301779e-001 
1
2
1 1 3 3 0 -1
2 2 1 1 0 9
haar_point
1.884618e+000 0 -1
-1.303914e-002 3.169462e-001 
1
2
2 1 2 1 0 -1
2 1 1 1 0 2
tilted_haar_x2
-3.159573e-001 0 -1
-4.644908e-001 8.882212e-003 
1
2
2 0 3 1 0 -1
3 0 1 1 0 3
haar_x3
-6.842475e-003 0 -1
4.041617e-002 -9.082766e-002 
1
3
1 1 2 4 0 -1
1 1 1 2 0 2
2 3 1 2 0 2
haar_x2_y2
-4.235741e-003 0 -1
2.873591e-002 -1.335576e-001 
1
2
2 2 2 1 0 -1
2 2 1 1 0 2
haar_x2
2.243367e-003 0 -1
-6.700078e-002 2.967418e-002 
1
2
1 2 2 1 0 -1
2 2 1 1 0 2
haar_x2
-3.285055e-003 0 -1
1.301209e-001 -3.743634e-002 
1
2
1 1 4 4 0 -1
1 1 2 4 0 2
haar_x2
-2.117034e-001 0 -1
7.857509e-002 -4.031875e-002 
1
2
1 0 2 2 0 -1
1 1 2 1 0 2
haar_y2
3.176280e-003 0 -1
-8.415938e-002 4.439636e-002 
1
2
2 0 2 2 0 -1
2 1 2 1 0 2
haar_y2
-9.008439e-002 0 -1
-1.629282e-001 1.215187e-002 
1
2
1 0 2 2 0 -1
1 1 2 1 0 2
haar_y2
-3.548999e-003 0 -1
1.077366e-001 -4.509016e-002 
1
2
2 0 3 1 0 -1
3 0 1 1 0 3
haar_x3
2.653932e-001 0 -1
-6.580985e-003 3.937758e-001 
1
2
0 0 3 1 0 -1
1 0 1 1 0 3
haar_x3
-2.020071e-003 0 -1
4.028499e-002 -9.099632e-002 
1
3
2 1 2 2 0 -1
3 1 1 1 0 2
2 2 1 1 0 2
haar_x2_y2
2.835793e-001 0 -1
1.843302e-003 -9.998876e-001 
1
3
1 1 2 2 0 -1
1 1 1 1 0 2
2 2 1 1 0 2
haar_x2_y2
3.098562e-003 0 -1
-5.256650e-002 7.086474e-002 
1
3
1 1 4 2 0 -1
3 1 2 1 0 2
1 2 2 1 0 2
haar_x2_y2
-1.904462e-001 0 -1
-1.571303e-001 1.515687e-002 
1
2
1 2 3 2 0 -1
1 3 3 1 0 2
haar_y2
-1.704492e-002 0 -1
-1.617201e-002 2.022532e-001 
1
2
3 0 1 4 0 -1
3 1 1 2 0 2
haar_y4
5.219414e-001 0 -1
-8.679241e-003 6.078686e-001 
1
2
1 0 1 4 0 -1
1 1 1 2 0 2
haar_y4
1.363909e-001 0 -1
-7.604751e-002 5.415748e-002 
1
2
1 1 3 3 0 -1
1 2 3 1 0 3
haar_y3
9.302682e-001 0 -1
8.654486e-003 -4.262664e-001 
1
2
0 3 4 2 0 -1
1 3 2 2 0 2
haar_x4
2.452361e-001 0 -1
-1.564700e-002 2.043406e-001 
1
2
0 3 5 2 0 -1
0 4 5 1 0 2
haar_y2
6.000550e-001 0 -1
-2.623533e-002 1.168220e-001 
1
2
0 2 1 2 0 -1
0 3 1 1 0 2
haar_y2
1.128078e-001 0 -1
1.125573e-002 -2.458724e-001 
1
2
2 0 3 3 0 -1
3 0 1 3 0 3
haar_x3
9.760846e-002 0 -1
-2.472820e-002 9.256599e-002 
1
2
0 1 2 4 0 -1
0 3 2 2 0 2
haar_y2
2.794385e-001 0 -1
-1.192094e-002 2.673852e-001 
1
2
1 1 4 1 0 -1
2 1 2 1 0 2
haar_x4
-3.826596e-003 0 -1
7.284383e-002 -3.284762e-002 
1
2
1 1 2 1 0 -1
2 1 1 1 0 2
haar_x2
3.725339e-003 0 -1
-1.178423e-001 3.663340e-002 
1
2
2 1 2 1 0 -1
2 1 1 1 0 2
haar_x2
2.162858e-002 0 -1
-1.091589e-001 4.713057e-002 
1
2
1 1 2 1 0 -1
2 1 1 1 0 2
haar_x2
-5.851224e-003 0 -1
1.470116e-001 -3.231541e-002 
1
2
1 1 4 4 0 -1
1 1 2 4 0 2
haar_x2
5.969697e-001 0 -1
2.593827e-002 -1.173988e-001 
1
2
1 2 3 2 0 -1
2 2 1 2 0 3
haar_x3
-2.192740e-001 0 -1
-2.041205e-001 1.552744e-002 
1
2
1 3 3 1 0 -1
2 3 1 1 0 3
haar_x3
-1.120512e-001 0 -1
1.208452e-001 -3.005872e-002 
1
2
1 3 3 2 0 -1
2 3 1 2 0 3
haar_x3
-1.856361e-001 0 -1
-1.544990e-001 2.688039e-002 
1
2
1 2 3 3 0 -1
2 2 1 3 0 3
haar_x3
-4.813340e-001 0 -1
2.986607e-001 -1.155384e-002 
-8.755118e-001

12
-1
