135
1
2
0 2 3 3 0 -1
1 3 1 1 0 9
haar_point
-5.896572e-001 0 -1
2.248817e-001 -3.103708e-001 
1
2
2 0 1 2 0 -1
2 1 1 1 0 2
haar_y2
7.070754e-002 0 -1
8.562376e-002 -4.898316e-001 
1
2
1 1 3 1 0 -1
2 1 1 1 0 3
haar_x3
8.555763e-002 0 -1
-2.715626e-001 1.766334e-001 
1
2
1 0 3 4 0 -1
1 1 3 2 0 2
haar_y4
5.190265e-001 0 -1
-2.209959e-001 2.043884e-001 
1
2
0 1 1 2 0 -1
0 2 1 1 0 2
haar_y2
-1.222191e-003 0 -1
1.587078e-001 -3.147598e-001 
1
3
1 3 4 2 0 -1
3 3 2 1 0 2
1 4 2 1 0 2
haar_x2_y2
3.406185e-001 0 -1
2.214648e-002 -3.171436e-001 
1
3
0 3 4 2 0 -1
0 3 2 1 0 2
2 4 2 1 0 2
haar_x2_y2
3.683124e-003 0 -1
-1.872996e-001 1.253148e-001 
1
3
2 1 2 4 0 -1
3 1 1 2 0 2
2 3 1 2 0 2
haar_x2_y2
-5.319159e-003 0 -1
5.111499e-002 -1.884270e-001 
1
3
1 1 2 4 0 -1
1 1 1 2 0 2
2 3 1 2 0 2
haar_x2_y2
-9.075104e-002 0 -1
1.273891e-001 -1.886799e-001 
1
2
3 0 1 2 0 -1
3 1 1 1 0 2
haar_y2
-6.273946e-002 0 -1
-3.568050e-001 3.363027e-002 
1
2
2 0 1 2 0 -1
2 1 1 1 0 2
haar_y2
3.899708e-002 0 -1
9.375516e-002 -2.054067e-001 
1
2
3 0 1 2 0 -1
3 1 1 1 0 2
haar_y2
5.247411e-002 0 -1
6.517313e-002 -1.228194e-001 
1
2
1 0 1 2 0 -1
1 1 1 1 0 2
haar_y2
2.649639e-003 0 -1
-1.969615e-001 1.331522e-001 
1
2
4 3 1 2 0 -1
4 4 1 1 0 2
haar_y2
1.301810e-001 0 -1
3.150854e-002 -2.209858e-001 
1
2
0 3 1 2 0 -1
0 4 1 1 0 2
haar_y2
1.296163e-003 0 -1
-1.486011e-001 1.780782e-001 
1
2
3 2 1 2 0 -1
3 3 1 1 0 2
haar_y2
3.689430e-003 0 -1
-4.723195e-002 3.063577e-001 
1
2
1 1 3 3 0 -1
1 2 3 1 0 3
haar_y3
3.782187e-001 0 -1
-1.369541e-001 1.296944e-001 
1
2
0 1 5 3 0 -1
0 2 5 1 0 3
haar_y3
1.222213e+000 0 -1
3.331213e-002 -6.612451e-001 
1
2
1 3 3 2 0 -1
2 3 1 2 0 3
haar_x3
-1.523196e-001 0 -1
-2.624132e-001 6.335901e-002 
1
2
3 0 2 2 0 -1
3 0 1 2 0 2
tilted_haar_y2
5.752815e-001 0 -1
2.502152e-002 -2.610682e-001 
1
2
1 3 2 1 0 -1
2 3 1 1 0 2
haar_x2
-1.398658e-003 0 -1
1.446045e-001 -1.405362e-001 
1
2
1 1 3 4 0 -1
1 2 3 2 0 2
haar_y4
-8.344536e-001 0 -1
3.787110e-001 -3.924160e-002 
1
2
0 2 1 2 0 -1
0 3 1 1 0 2
haar_y2
-3.102450e-003 0 -1
8.325566e-002 -1.864017e-001 
1
2
3 2 1 2 0 -1
3 3 1 1 0 2
haar_y2
-3.643425e-001 0 -1
9.029036e-001 -1.108647e-002 
1
2
1 2 1 2 0 -1
1 3 1 1 0 2
haar_y2
5.413949e-003 0 -1
-4.862064e-002 2.943791e-001 
1
2
3 0 1 3 0 -1
3 1 1 1 0 3
haar_y3
7.794042e-002 0 -1
9.039154e-002 -1.155725e-001 
1
2
0 4 4 1 0 -1
1 4 2 1 0 2
haar_x4
-6.614010e-001 0 -1
7.456757e-001 -1.763233e-002 
1
2
3 3 2 2 0 -1
3 3 1 2 0 2
haar_x2
-9.330243e-001 0 -1
7.482868e-001 -1.528177e-002 
1
2
0 3 2 2 0 -1
1 3 1 2 0 2
haar_x2
-2.672215e-001 0 -1
-3.304732e-001 5.588606e-002 
1
3
3 2 2 2 0 -1
4 2 1 1 0 2
3 3 1 1 0 2
haar_x2_y2
-2.642287e-001 0 -1
-2.805963e-001 1.442213e-002 
1
3
0 2 2 2 0 -1
0 2 1 1 0 2
1 3 1 1 0 2
haar_x2_y2
-9.001182e-002 0 -1
1.586840e-001 -1.051624e-001 
1
3
1 1 4 4 0 -1
3 1 2 2 0 2
1 3 2 2 0 2
haar_x2_y2
-4.517536e-001 0 -1
-2.375987e-001 6.365917e-002 
1
2
2 0 2 1 0 -1
2 0 1 1 0 2
tilted_haar_x2
2.721663e-001 0 -1
-2.050504e-002 6.743472e-001 
1
2
4 0 1 4 0 -1
4 0 1 2 0 2
tilted_haar_x2
4.629789e-001 0 -1
-6.928895e-002 7.521042e-002 
1
2
1 0 3 1 0 -1
2 0 1 1 0 3
haar_x3
1.507815e-001 0 -1
-1.223545e-001 1.227773e-001 
1
2
3 0 2 2 0 -1
3 0 1 2 0 2
tilted_haar_y2
-4.547815e-001 0 -1
-1.000000e+000 3.635436e-003 
1
2
2 0 2 2 0 -1
2 0 2 1 0 2
tilted_haar_y2
5.896004e-001 0 -1
3.174075e-002 -4.430468e-001 
1
2
2 0 1 2 0 -1
2 1 1 1 0 2
haar_y2
-4.966957e-002 0 -1
-3.346465e-001 3.638705e-002 
1
2
1 0 3 3 0 -1
1 1 3 1 0 3
haar_y3
1.064057e+000 0 -1
9.655006e-003 -1.000054e+000 
1
2
4 1 1 2 0 -1
4 2 1 1 0 2
haar_y2
6.757114e-002 0 -1
2.410075e-002 -2.144059e-001 
1
2
0 1 1 2 0 -1
0 2 1 1 0 2
haar_y2
2.995240e-003 0 -1
-7.378851e-002 1.834638e-001 
1
2
3 0 1 2 0 -1
3 1 1 1 0 2
haar_y2
3.427182e-003 0 -1
-1.409853e-001 9.768822e-002 
1
2
1 0 1 2 0 -1
1 1 1 1 0 2
haar_y2
-8.348909e-004 0 -1
1.851898e-001 -8.019032e-002 
1
2
3 0 1 2 0 -1
3 1 1 1 0 2
haar_y2
-1.222191e-003 0 -1
1.318747e-001 -6.120336e-002 
1
2
1 0 1 2 0 -1
1 1 1 1 0 2
haar_y2
-3.898705e-002 0 -1
-3.377188e-001 6.010862e-002 
1
2
1 0 4 1 0 -1
2 0 2 1 0 2
haar_x4
-2.301858e-001 0 -1
4.091402e-001 -2.665469e-002 
1
2
0 3 3 2 0 -1
1 3 1 2 0 3
haar_x3
-1.422995e-003 0 -1
7.633049e-002 -1.455757e-001 
1
2
2 0 1 2 0 -1
2 1 1 1 0 2
haar_y2
-2.184805e-003 0 -1
1.445808e-001 -6.616752e-002 
1
2
2 0 1 2 0 -1
2 1 1 1 0 2
haar_y2
1.061344e-003 0 -1
-1.603983e-001 1.215103e-001 
1
2
2 0 1 2 0 -1
2 1 1 1 0 2
haar_y2
-2.184805e-003 0 -1
1.614919e-001 -7.677419e-002 
1
3
0 1 4 4 0 -1
0 1 2 2 0 2
2 3 2 2 0 2
haar_x2_y2
1.064025e-001 0 -1
4.001279e-002 -2.337618e-001 
1
3
3 3 2 2 0 -1
4 3 1 1 0 2
3 4 1 1 0 2
haar_x2_y2
5.012925e-002 0 -1
-1.375732e-001 1.481939e-001 
1
2
0 0 4 1 0 -1
1 0 2 1 0 2
haar_x4
-6.260684e-001 0 -1
7.081403e-001 -1.364029e-002 
1
2
3 0 2 3 0 -1
3 1 2 1 0 3
haar_y3
-1.483228e-001 0 -1
-3.835555e-001 3.397713e-002 
1
2
0 0 4 2 0 -1
1 0 2 2 0 2
haar_x4
1.644430e-001 0 -1
-9.866901e-002 1.092696e-001 
1
2
3 1 2 1 0 -1
3 1 1 1 0 2
haar_x2
-3.566307e-003 0 -1
1.079005e-001 -9.599394e-002 
1
2
0 1 2 1 0 -1
1 1 1 1 0 2
haar_x2
-2.497000e-003 0 -1
1.106130e-001 -9.844618e-002 
1
2
3 0 2 3 0 -1
3 0 1 3 0 2
tilted_haar_y2
8.159139e-001 0 -1
2.420757e-002 -2.367359e-001 
1
2
2 0 3 2 0 -1
2 0 3 1 0 2
tilted_haar_y2
2.464286e-001 0 -1
-1.455361e-001 8.504090e-002 
1
2
2 2 3 1 0 -1
3 2 1 1 0 3
haar_x3
2.725735e-001 0 -1
-1.199048e-002 3.243151e-001 
1
2
0 2 3 1 0 -1
1 2 1 1 0 3
haar_x3
2.909821e-001 0 -1
-1.635115e-002 5.560619e-001 
1
2
3 1 1 2 0 -1
3 2 1 1 0 2
haar_y2
1.114515e-001 0 -1
1.984750e-002 -2.619337e-001 
1
2
1 1 1 2 0 -1
1 2 1 1 0 2
haar_y2
8.746885e-002 0 -1
2.989772e-002 -3.537668e-001 
1
2
0 0 5 4 0 -1
0 2 5 2 0 2
haar_y2
-1.684459e-001 0 -1
-6.506232e-002 2.645951e-001 
1
2
2 1 2 2 0 -1
2 1 1 2 0 2
tilted_haar_x2
-2.670707e-001 0 -1
-5.608827e-001 1.623073e-002 
1
3
1 0 4 4 0 -1
3 0 2 2 0 2
1 2 2 2 0 2
haar_x2_y2
2.051759e-001 0 -1
4.284091e-002 -2.572693e-001 
1
3
0 1 2 2 0 -1
0 1 1 1 0 2
1 2 1 1 0 2
haar_x2_y2
2.677087e-003 0 -1
-9.469799e-002 1.104066e-001 
1
2
4 2 1 3 0 -1
4 3 1 1 0 3
haar_y3
3.690006e-001 0 -1
1.038276e-002 -4.528039e-001 
1
2
1 1 1 4 0 -1
1 2 1 2 0 2
haar_y4
2.778961e-001 0 -1
-1.990899e-002 4.307795e-001 
1
2
1 0 3 4 0 -1
1 2 3 2 0 2
haar_y2
-8.102729e-001 0 -1
1.403534e-001 -6.730704e-002 
1
2
0 0 2 4 0 -1
0 2 2 2 0 2
haar_y2
-6.216323e-001 0 -1
-2.922967e-001 3.415416e-002 
1
3
2 1 2 2 0 -1
3 1 1 1 0 2
2 2 1 1 0 2
haar_x2_y2
-3.467648e-002 0 -1
-9.973922e-002 5.064796e-002 
1
2
1 0 4 1 0 -1
1 0 2 1 0 2
tilted_haar_x2
1.276212e+000 0 -1
-1.713176e-002 5.403956e-001 
1
2
3 4 2 1 0 -1
3 4 1 1 0 2
haar_x2
-5.191514e-001 0 -1
7.113497e-001 -1.789075e-002 
1
2
0 4 2 1 0 -1
1 4 1 1 0 2
haar_x2
-4.075602e-002 0 -1
-1.260186e-001 9.005102e-002 
1
2
3 4 2 1 0 -1
3 4 1 1 0 2
haar_x2
9.246489e-002 0 -1
2.683201e-002 -2.486896e-001 
1
2
1 0 1 3 0 -1
1 1 1 1 0 3
haar_y3
-1.331977e-001 0 -1
-4.382155e-001 1.839911e-002 
1
2
0 0 5 3 0 -1
0 1 5 1 0 3
haar_y3
1.699144e-001 0 -1
1.350082e-001 -6.899999e-002 
1
2
1 1 3 2 0 -1
1 2 3 1 0 2
haar_y2
-5.045662e-001 0 -1
3.252154e-001 -3.160643e-002 
1
2
4 2 1 3 0 -1
4 3 1 1 0 3
haar_y3
-4.299206e-001 0 -1
-3.477982e-001 7.283981e-003 
1
2
0 2 1 3 0 -1
0 3 1 1 0 3
haar_y3
1.869068e-001 0 -1
3.001589e-002 -3.621303e-001 
1
2
1 0 3 5 0 -1
2 0 1 5 0 3
haar_x3
7.163162e-001 0 -1
-5.601865e-002 1.566873e-001 
1
2
1 3 2 1 0 -1
2 3 1 1 0 2
haar_x2
1.069915e-001 0 -1
3.209528e-002 -2.761024e-001 
1
3
2 2 2 2 0 -1
3 2 1 1 0 2
2 3 1 1 0 2
haar_x2_y2
1.121116e-003 0 -1
-6.367277e-002 1.625323e-001 
1
2
0 3 4 1 0 -1
1 3 2 1 0 2
haar_x4
-8.276647e-002 0 -1
9.800038e-002 -8.357113e-002 
1
2
2 0 3 2 0 -1
3 0 1 2 0 3
haar_x3
-6.254452e-002 0 -1
5.191460e-002 -7.519232e-002 
1
2
0 0 3 2 0 -1
1 0 1 2 0 3
haar_x3
1.649982e-001 0 -1
-3.243620e-002 2.524805e-001 
1
2
2 0 1 2 0 -1
2 1 1 1 0 2
haar_y2
-2.440770e-002 0 -1
-1.746093e-001 4.776872e-002 
1
2
0 0 3 3 0 -1
1 1 1 1 0 9
haar_point
-1.624750e-001 0 -1
1.193573e-001 -7.110943e-002 
1
3
2 1 2 2 0 -1
3 1 1 1 0 2
2 2 1 1 0 2
haar_x2_y2
-2.743415e-001 0 -1
-9.013367e-001 5.419997e-003 
1
3
0 0 4 4 0 -1
0 0 2 2 0 2
2 2 2 2 0 2
haar_x2_y2
-7.691169e-001 0 -1
-4.039197e-001 1.843852e-002 
1
3
2 0 2 2 0 -1
3 0 1 1 0 2
2 1 1 1 0 2
haar_x2_y2
-2.629799e-003 0 -1
7.573387e-002 -8.024395e-002 
1
2
1 1 3 3 0 -1
1 2 3 1 0 3
haar_y3
9.296067e-001 0 -1
1.446372e-002 -5.761883e-001 
1
2
3 1 1 3 0 -1
3 2 1 1 0 3
haar_y3
1.819198e-001 0 -1
-4.616082e-002 9.379987e-002 
1
2
0 2 5 3 0 -1
0 3 5 1 0 3
haar_y3
2.168255e-001 0 -1
-3.277246e-002 2.628502e-001 
1
2
4 1 1 4 0 -1
4 3 1 2 0 2
haar_y2
-5.395792e-001 0 -1
-6.712994e-001 2.067602e-002 
1
2
1 1 1 3 0 -1
1 2 1 1 0 3
haar_y3
5.528141e-001 0 -1
-1.432187e-002 8.387789e-001 
1
2
1 4 3 1 0 -1
2 4 1 1 0 3
haar_x3
2.973384e-001 0 -1
1.540040e-002 -5.864915e-001 
1
3
0 0 4 2 0 -1
0 0 2 1 0 2
2 1 2 1 0 2
haar_x2_y2
-1.158072e-001 0 -1
1.403643e-001 -5.506752e-002 
1
2
4 0 1 2 0 -1
4 1 1 1 0 2
haar_y2
2.188876e-001 0 -1
-2.027344e-002 2.535433e-001 
1
2
0 0 1 2 0 -1
0 1 1 1 0 2
haar_y2
-2.961749e-003 0 -1
1.458230e-001 -6.822748e-002 
1
2
4 0 1 4 0 -1
4 1 1 2 0 2
haar_y4
1.513596e-003 0 -1
-1.220064e-001 4.812414e-002 
1
2
0 0 2 3 0 -1
0 1 2 1 0 3
haar_y3
-1.193933e-001 0 -1
-3.370227e-001 2.829539e-002 
1
2
4 1 1 4 0 -1
4 3 1 2 0 2
haar_y2
-2.336586e-001 0 -1
-9.526819e-002 4.827894e-002 
1
2
0 0 1 3 0 -1
0 1 1 1 0 3
haar_y3
4.780858e-001 0 -1
1.199937e-002 -6.143799e-001 
1
2
4 0 1 4 0 -1
4 1 1 2 0 2
haar_y4
-4.950114e-001 0 -1
6.306124e-001 -1.034062e-002 
1
2
0 0 1 4 0 -1
0 1 1 2 0 2
haar_y4
1.235815e-003 0 -1
-1.496901e-001 5.344667e-002 
1
2
4 2 1 2 0 -1
4 3 1 1 0 2
haar_y2
1.415590e-001 0 -1
1.638741e-002 -3.944952e-001 
1
2
0 2 1 2 0 -1
0 3 1 1 0 2
haar_y2
1.468101e-003 0 -1
-5.838516e-002 1.884712e-001 
1
2
4 0 1 2 0 -1
4 1 1 1 0 2
haar_y2
-3.338973e-001 0 -1
5.482360e-001 -6.542135e-003 
1
2
0 0 1 2 0 -1
0 1 1 1 0 2
haar_y2
-2.186933e-001 0 -1
5.984186e-001 -1.167402e-002 
1
2
4 1 1 4 0 -1
4 3 1 2 0 2
haar_y2
-8.736885e-001 0 -1
-1.000000e+000 4.030715e-003 
1
2
0 1 1 4 0 -1
0 3 1 2 0 2
haar_y2
5.046435e-002 0 -1
3.525422e-002 -2.233671e-001 
1
2
3 0 2 2 0 -1
3 0 1 2 0 2
tilted_haar_y2
7.744514e-001 0 -1
2.972147e-003 -9.247880e-001 
1
2
0 1 4 2 0 -1
1 1 2 2 0 2
haar_x4
2.393238e-001 0 -1
-5.393979e-002 1.222844e-001 
1
2
2 0 2 4 0 -1
2 1 2 2 0 2
haar_y4
7.689693e-001 0 -1
1.101799e-002 -5.523368e-001 
1
2
0 2 5 3 0 -1
0 3 5 1 0 3
haar_y3
-9.355347e-001 0 -1
1.276453e-001 -6.463145e-002 
1
2
0 2 5 3 0 -1
0 3 5 1 0 3
haar_y3
-1.903709e+000 0 -1
-6.474456e-001 1.140059e-002 
1
2
2 0 2 2 0 -1
2 0 2 1 0 2
tilted_haar_y2
7.720617e-001 0 -1
5.731465e-003 -9.999676e-001 
1
3
3 1 2 4 0 -1
4 1 1 2 0 2
3 3 1 2 0 2
haar_x2_y2
-6.872665e-001 0 -1
5.843616e-001 -1.725238e-002 
1
3
0 1 2 4 0 -1
0 1 1 2 0 2
1 3 1 2 0 2
haar_x2_y2
-6.021292e-001 0 -1
5.991681e-001 -1.109456e-002 
1
2
2 0 2 4 0 -1
2 1 2 2 0 2
haar_y4
-5.458288e-001 0 -1
7.699234e-001 -2.125321e-003 
1
2
1 0 2 4 0 -1
1 1 2 2 0 2
haar_y4
5.567634e-001 0 -1
3.077718e-002 -2.387573e-001 
1
2
2 0 1 2 0 -1
2 1 1 1 0 2
haar_y2
1.061344e-003 0 -1
-1.034968e-001 7.558306e-002 
1
2
0 1 5 3 0 -1
0 2 5 1 0 3
haar_y3
7.200291e-001 0 -1
-5.251050e-002 1.484424e-001 
1
2
0 0 5 4 0 -1
0 2 5 2 0 2
haar_y2
-1.601985e+000 0 -1
2.666915e-001 -2.701548e-002 
1
2
0 2 3 3 0 -1
1 2 1 3 0 3
haar_x3
5.342909e-001 0 -1
8.644428e-003 -7.961291e-001 
1
2
1 2 4 1 0 -1
2 2 2 1 0 2
haar_x4
2.954451e-003 0 -1
-5.412475e-002 2.946631e-002 
1
2
0 2 4 1 0 -1
2 2 2 1 0 2
haar_x2
-2.290624e-001 0 -1
2.701869e-001 -2.828947e-002 
1
3
1 0 4 2 0 -1
3 0 2 1 0 2
1 1 2 1 0 2
haar_x2_y2
1.268063e-001 0 -1
2.590089e-002 -1.362427e-001 
1
3
0 0 4 2 0 -1
0 0 2 1 0 2
2 1 2 1 0 2
haar_x2_y2
1.916378e-001 0 -1
2.963049e-002 -2.981600e-001 
1
2
4 1 1 4 0 -1
4 3 1 2 0 2
haar_y2
6.274641e-002 0 -1
1.641480e-002 -1.411603e-001 
1
2
0 1 1 4 0 -1
0 3 1 2 0 2
haar_y2
-4.329589e-001 0 -1
-3.318074e-001 2.185356e-002 
1
2
3 1 2 2 0 -1
3 1 1 2 0 2
tilted_haar_y2
2.706670e-001 0 -1
-9.986044e-002 4.516011e-002 
1
2
2 1 2 2 0 -1
2 1 2 1 0 2
tilted_haar_y2
9.189210e-001 0 -1
-1.217810e-002 5.436344e-001 
-1.074876e+000

6
-1
