40
1
2
0 1 6 3 0 -1
0 2 6 1 0 3
haar_y3
-4.806933e-001 0 -1
3.536393e-001 -2.555254e-001 
1
3
3 3 2 2 0 -1
3 3 1 1 0 2
4 4 1 1 0 2
haar_x2_y2
-4.183942e-002 0 -1
3.538035e-001 -2.097849e-001 
1
2
2 5 3 1 0 -1
3 5 1 1 0 3
haar_x3
3.236600e-002 0 -1
1.021410e-001 -6.852697e-001 
1
2
2 5 2 1 0 -1
3 5 1 1 0 2
haar_x2
-2.521444e-002 0 -1
-5.431570e-001 1.636378e-001 
1
2
3 5 3 1 0 -1
4 5 1 1 0 3
haar_x3
2.541316e-002 0 -1
1.191565e-001 -5.169640e-001 
1
2
1 2 4 4 0 -1
2 2 2 4 0 2
haar_x4
-1.202364e-001 0 -1
1.600047e-001 -3.239553e-001 
1
2
2 0 3 1 0 -1
3 0 1 1 0 3
haar_x3
-5.389164e-002 0 -1
-6.223939e-001 9.259422e-002 
1
2
2 0 3 2 0 -1
3 0 1 2 0 3
haar_x3
8.317585e-002 0 -1
5.793925e-002 -7.206450e-001 
1
2
1 0 3 3 0 -1
1 1 3 1 0 3
haar_y3
1.985735e-001 0 -1
-1.409388e-001 3.667018e-001 
1
2
4 5 2 1 0 -1
5 5 1 1 0 2
haar_x2
4.154044e-002 0 -1
9.060175e-002 -4.794567e-001 
1
2
0 1 2 1 0 -1
1 1 1 1 0 2
haar_x2
-4.205217e-004 0 -1
1.534415e-001 -2.475402e-001 
1
2
2 0 1 2 0 -1
2 0 1 1 0 2
tilted_haar_y2
-7.702781e-002 0 -1
-3.946457e-001 1.035518e-001 
1
2
0 5 2 1 0 -1
1 5 1 1 0 2
haar_x2
3.605583e-002 0 -1
5.207728e-002 -6.063740e-001 
1
2
5 0 1 6 0 -1
5 3 1 3 0 2
haar_y2
-7.997084e-002 0 -1
-6.080048e-001 4.873959e-002 
1
2
0 3 3 1 0 -1
1 3 1 1 0 3
haar_x3
7.357854e-002 0 -1
-1.173194e-001 3.157920e-001 
1
2
2 2 3 2 0 -1
3 2 1 2 0 3
haar_x3
1.266697e-001 0 -1
-5.196214e-002 6.640531e-001 
1
2
2 4 2 2 0 -1
3 4 1 2 0 2
haar_x2
5.830881e-002 0 -1
7.872023e-002 -5.324234e-001 
1
2
2 0 4 4 0 -1
4 0 2 4 0 2
haar_x2
2.430799e-002 0 -1
-2.957986e-001 1.263171e-001 
1
2
2 0 4 2 0 -1
2 0 2 2 0 2
tilted_haar_x2
-7.770958e-001 0 -1
-6.913846e-001 5.726208e-002 
1
2
0 0 3 2 0 -1
1 0 1 2 0 3
haar_x3
8.126815e-002 0 -1
5.406306e-002 -5.396085e-001 
1
2
1 2 3 2 0 -1
2 2 1 2 0 3
haar_x3
9.324647e-002 0 -1
-7.149141e-002 5.126143e-001 
1
2
1 5 3 1 0 -1
2 5 1 1 0 3
haar_x3
4.436127e-002 0 -1
5.267711e-002 -6.900865e-001 
1
2
0 4 1 2 0 -1
0 5 1 1 0 2
haar_y2
1.077028e-001 0 -1
4.495800e-002 -6.260964e-001 
1
2
1 2 3 3 0 -1
2 3 1 1 0 9
haar_point
-3.798997e-001 0 -1
2.851121e-001 -1.111852e-001 
1
3
4 3 2 2 0 -1
4 3 1 1 0 2
5 4 1 1 0 2
haar_x2_y2
1.706090e-003 0 -1
-1.606531e-001 1.925618e-001 
1
2
1 5 3 1 0 -1
2 5 1 1 0 3
haar_x3
-4.563923e-002 0 -1
-4.391813e-001 5.873527e-002 
1
2
0 2 3 2 0 -1
1 2 1 2 0 3
haar_x3
-2.486221e-001 0 -1
7.930060e-001 -4.137404e-002 
1
2
0 4 1 2 0 -1
0 5 1 1 0 2
haar_y2
5.644193e-004 0 -1
-2.556284e-001 1.145676e-001 
1
2
3 0 3 6 0 -1
3 3 3 3 0 2
haar_y2
1.047321e+000 0 -1
6.780992e-002 -4.278825e-001 
1
2
3 4 2 1 0 -1
4 4 1 1 0 2
haar_x2
-2.546996e-002 0 -1
-4.197700e-001 6.629053e-002 
1
2
3 2 3 2 0 -1
4 2 1 2 0 3
haar_x3
-9.466875e-002 0 -1
4.131417e-001 -6.915028e-002 
1
2
2 4 3 1 0 -1
3 4 1 1 0 3
haar_x3
-2.554802e-002 0 -1
-2.473533e-001 1.259236e-001 
1
2
1 0 3 1 0 -1
2 0 1 1 0 3
haar_x3
6.721334e-002 0 -1
3.934216e-002 -5.662796e-001 
1
2
2 0 2 1 0 -1
3 0 1 1 0 2
haar_x2
-1.244467e-003 0 -1
1.566138e-001 -1.696356e-001 
1
2
0 0 6 1 0 -1
3 0 3 1 0 2
haar_x2
-3.461362e-001 0 -1
-5.643011e-001 4.436629e-002 
1
2
2 2 3 2 0 -1
3 2 1 2 0 3
haar_x3
-1.271489e-001 0 -1
2.328863e-001 -1.082890e-001 
1
2
3 1 3 1 0 -1
4 1 1 1 0 3
haar_x3
-5.852891e-004 0 -1
1.370235e-001 -1.552375e-001 
1
2
3 0 3 2 0 -1
4 0 1 2 0 3
haar_x3
-1.005707e-001 0 -1
-4.764739e-001 5.341596e-002 
1
2
1 1 3 3 0 -1
2 2 1 1 0 9
haar_point
-2.988889e-001 0 -1
1.306866e-001 -1.680675e-001 
1
2
2 0 4 6 0 -1
2 3 4 3 0 2
haar_y2
-6.226507e-001 0 -1
-8.886904e-001 2.391755e-002 
-1.286039e+000

4
-1
