8
1
2
5 3 4 1 0 -1
5 3 2 1 0 2
tilted_haar_x2
1.027158e-001 0 -1
-5.278208e-001 7.273466e-001 
1
2
2 0 6 1 0 -1
4 0 2 1 0 3
haar_x3
1.643068e-002 0 -1
-7.114697e-001 4.263701e-001 
1
2
3 2 4 6 0 -1
3 5 4 3 0 2
haar_y2
-2.704005e-001 0 -1
5.041870e-001 -6.070226e-001 
1
2
4 2 6 6 0 -1
6 2 2 6 0 3
haar_x3
-7.384854e-002 0 -1
3.035856e-001 -2.975163e-001 
1
2
0 0 6 3 0 -1
0 1 6 1 0 3
haar_y3
-1.820302e-002 0 -1
-8.192047e-001 2.589991e-001 
1
2
4 2 6 6 0 -1
6 2 2 6 0 3
haar_x3
5.839179e-002 0 -1
-1.048839e-001 2.150311e-001 
1
2
0 2 6 6 0 -1
2 2 2 6 0 3
haar_x3
-1.083121e-001 0 -1
5.176569e-001 -3.303384e-001 
1
2
3 4 5 4 0 -1
3 6 5 2 0 2
haar_y2
-1.822194e-001 0 -1
4.282892e-001 -3.438293e-001 
-1.526042e+000

1
-1
