18
1
2
0 1 6 3 0 -1
0 2 6 1 0 3
haar_y3
-3.990227e-001 0 -1
5.227283e-001 -3.973414e-001 
1
2
2 4 4 2 0 -1
4 4 2 2 0 2
haar_x2
-1.706875e-001 0 -1
-8.221909e-001 1.595272e-001 
1
2
2 5 2 1 0 -1
3 5 1 1 0 2
haar_x2
3.401337e-002 0 -1
1.564104e-001 -7.806357e-001 
1
2
2 5 3 1 0 -1
3 5 1 1 0 3
haar_x3
-4.269100e-002 0 -1
-7.540957e-001 6.615402e-002 
1
2
0 0 2 2 0 -1
1 0 1 2 0 2
haar_x2
6.527756e-002 0 -1
9.261236e-002 -7.377340e-001 
1
2
3 3 3 1 0 -1
4 3 1 1 0 3
haar_x3
7.940872e-002 0 -1
-1.719297e-001 4.793187e-001 
1
2
0 5 2 1 0 -1
1 5 1 1 0 2
haar_x2
3.782524e-002 0 -1
1.087362e-001 -7.011108e-001 
1
2
1 0 3 1 0 -1
2 0 1 1 0 3
haar_x3
-7.073253e-002 0 -1
-8.200135e-001 7.705381e-002 
1
2
2 3 2 2 0 -1
2 4 2 1 0 2
haar_y2
2.283754e-001 0 -1
-1.058654e-001 5.778596e-001 
1
2
4 4 2 2 0 -1
5 4 1 2 0 2
haar_x2
-6.095227e-002 0 -1
-5.507212e-001 1.038998e-001 
1
2
3 5 3 1 0 -1
4 5 1 1 0 3
haar_x3
-5.462297e-002 0 -1
-7.252836e-001 8.877721e-002 
1
2
0 3 3 1 0 -1
1 3 1 1 0 3
haar_x3
6.196290e-002 0 -1
-1.714475e-001 3.391197e-001 
1
2
4 0 2 2 0 -1
5 0 1 2 0 2
haar_x2
-7.085890e-002 0 -1
-6.844791e-001 8.644363e-002 
1
2
1 0 3 2 0 -1
2 0 1 2 0 3
haar_x3
8.466658e-002 0 -1
7.421204e-002 -6.171395e-001 
1
2
1 1 4 3 0 -1
1 2 4 1 0 3
haar_y3
-5.465860e-001 0 -1
5.587350e-001 -1.111018e-001 
1
2
5 0 1 6 0 -1
5 3 1 3 0 2
haar_y2
-1.039144e-001 0 -1
-6.582620e-001 7.528654e-002 
1
2
2 0 3 3 0 -1
2 1 3 1 0 3
haar_y3
-2.196269e-001 0 -1
4.625831e-001 -1.020296e-001 
1
2
0 0 5 3 0 -1
0 1 5 1 0 3
haar_y3
3.851475e-001 0 -1
-8.923561e-002 4.836355e-001 
-1.305284e+000

2
-1
