29
1
2
1 0 4 7 0 -1
2 0 2 7 0 2
haar_x4
-4.553420e-002 0 -1
3.003561e-001 -3.574140e-001 
1
2
2 3 6 3 0 -1
2 4 6 1 0 3
haar_y3
6.172873e-002 0 -1
-3.647027e-001 2.563739e-001 
1
2
4 0 2 4 0 -1
4 2 2 2 0 2
haar_y2
4.127877e-002 0 -1
9.855095e-002 -8.412491e-001 
1
2
2 2 6 1 0 -1
4 2 2 1 0 3
haar_x3
1.137343e-002 0 -1
-5.397196e-001 1.502130e-001 
1
2
2 4 6 4 0 -1
2 6 6 2 0 2
haar_y2
-3.303896e-001 0 -1
4.803028e-001 -1.762352e-001 
1
2
2 3 6 4 0 -1
2 5 6 2 0 2
haar_y2
-3.331913e-001 0 -1
4.195633e-001 -1.705896e-001 
1
2
3 2 1 3 0 -1
2 3 1 1 0 3
tilted_haar_y3
1.537228e-002 0 -1
1.491335e-001 -4.892822e-001 
1
2
8 3 2 2 0 -1
8 4 2 1 0 2
haar_y2
-1.474389e-003 0 -1
1.474534e-001 -3.218465e-001 
1
3
0 2 10 4 0 -1
0 2 5 2 0 2
5 4 5 2 0 2
haar_x2_y2
-7.314873e-002 0 -1
-6.594359e-001 9.960075e-002 
1
2
3 9 4 1 0 -1
3 9 2 1 0 2
haar_x2
-1.894973e-002 0 -1
-6.639279e-001 8.215826e-002 
1
2
2 0 1 2 0 -1
2 0 1 1 0 2
tilted_haar_y2
2.617943e-003 0 -1
6.923714e-002 -6.676265e-001 
1
3
0 2 10 8 0 -1
5 2 5 4 0 2
0 6 5 4 0 2
haar_x2_y2
1.593343e-001 0 -1
6.929662e-002 -6.484507e-001 
1
3
0 2 6 8 0 -1
0 2 3 4 0 2
3 6 3 4 0 2
haar_x2_y2
-7.395306e-002 0 -1
1.341255e-001 -3.996859e-001 
1
3
6 5 2 2 0 -1
7 5 1 1 0 2
6 6 1 1 0 2
haar_x2_y2
5.557506e-004 0 -1
-1.175909e-001 2.141440e-001 
1
3
1 0 8 2 0 -1
1 0 4 1 0 2
5 1 4 1 0 2
haar_x2_y2
-2.891737e-002 0 -1
-6.672840e-001 7.836805e-002 
1
3
6 5 2 2 0 -1
7 5 1 1 0 2
6 6 1 1 0 2
haar_x2_y2
-4.100240e-004 0 -1
5.939288e-002 -1.147152e-001 
1
3
2 5 2 2 0 -1
2 5 1 1 0 2
3 6 1 1 0 2
haar_x2_y2
2.536621e-003 0 -1
-1.369990e-001 3.947226e-001 
1
3
2 0 8 2 0 -1
6 0 4 1 0 2
2 1 4 1 0 2
haar_x2_y2
1.681893e-002 0 -1
6.752454e-002 -5.353359e-001 
1
3
3 0 2 2 0 -1
3 0 1 1 0 2
4 1 1 1 0 2
haar_x2_y2
-4.523795e-004 0 -1
2.126929e-001 -2.498880e-001 
1
2
5 0 1 3 0 -1
5 1 1 1 0 3
haar_y3
4.846449e-003 0 -1
8.986218e-002 -5.526898e-001 
1
2
4 0 1 3 0 -1
4 1 1 1 0 3
haar_y3
-1.028951e-002 0 -1
-9.639140e-001 4.359446e-002 
1
3
8 0 2 4 0 -1
9 0 1 2 0 2
8 2 1 2 0 2
haar_x2_y2
-4.510108e-003 0 -1
2.132625e-001 -2.617518e-001 
1
2
0 6 8 4 0 -1
2 6 4 4 0 2
haar_x4
-1.911877e-001 0 -1
-8.771319e-001 4.920992e-002 
1
2
2 7 8 1 0 -1
4 7 4 1 0 2
haar_x4
-4.672559e-003 0 -1
1.311430e-001 -2.937385e-001 
1
3
0 3 10 4 0 -1
0 3 5 2 0 2
5 5 5 2 0 2
haar_x2_y2
7.884175e-002 0 -1
8.376005e-002 -5.591346e-001 
1
2
3 0 4 5 0 -1
3 0 2 5 0 2
haar_x2
5.893187e-002 0 -1
-1.352269e-001 3.842854e-001 
1
2
2 0 3 5 0 -1
3 0 1 5 0 3
haar_x3
-1.878805e-002 0 -1
2.977314e-001 -1.781003e-001 
1
2
6 1 3 6 0 -1
7 3 1 2 0 9
haar_point
-6.205205e-002 0 -1
-7.180717e-001 6.432597e-002 
1
2
0 5 10 3 0 -1
5 5 5 3 0 2
haar_x2
-1.521733e-001 0 -1
-8.005604e-001 5.443794e-002 
-1.296224e+000

10
-1
