6
1
2
1 0 8 6 0 -1
1 2 8 2 0 3
haar_y3
-1.372130e-001 0 -1
9.164512e-001 -6.550488e-001 
1
2
5 3 5 4 0 -1
5 4 5 2 0 2
haar_y4
7.108928e-002 0 -1
-2.396695e-001 9.567703e-001 
1
3
1 3 8 4 0 -1
1 3 4 2 0 2
5 5 4 2 0 2
haar_x2_y2
-6.439538e-002 0 -1
7.728745e-001 -2.311513e-001 
1
2
4 2 7 4 0 -1
4 3 7 2 0 2
haar_y4
-7.224213e-002 0 -1
8.471588e-001 -2.760040e-001 
1
2
4 2 7 2 0 -1
4 3 7 1 0 2
haar_y2
5.291329e-002 0 -1
-2.597250e-001 9.314553e-001 
1
2
13 0 2 5 0 -1
13 0 1 5 0 2
haar_x2
-9.110597e-003 0 -1
3.993935e-001 -1.498071e-001 
-1.262205e+000

-1
-1
