72
1
2
4 0 7 3 0 -1
4 1 7 1 0 3
haar_y3
6.776559e-002 0 -1
-2.256948e-001 3.525644e-001 
1
2
5 4 5 4 0 -1
5 5 5 2 0 2
haar_y4
-3.312929e-002 0 -1
3.877019e-001 -1.538845e-001 
1
2
6 4 3 3 0 -1
6 5 3 1 0 3
haar_y3
3.410661e-002 0 -1
-1.323963e-001 3.634393e-001 
1
3
6 5 8 2 0 -1
10 5 4 1 0 2
6 6 4 1 0 2
haar_x2_y2
3.091368e-002 0 -1
-6.071191e-002 3.657137e-001 
1
2
4 2 7 3 0 -1
4 3 7 1 0 3
haar_y3
-2.722304e-001 0 -1
4.606572e-001 -5.915928e-002 
1
2
7 3 4 4 0 -1
8 3 2 4 0 2
haar_x4
-1.664224e-002 0 -1
-3.609791e-001 4.190971e-002 
1
2
1 6 12 2 0 -1
4 6 6 2 0 2
haar_x4
-4.437588e-002 0 -1
2.023480e-001 -1.318939e-001 
1
2
12 1 1 6 0 -1
12 1 1 3 0 2
tilted_haar_x2
5.697384e-002 0 -1
3.376678e-002 -4.974839e-001 
1
2
4 3 4 4 0 -1
5 3 2 4 0 2
haar_x4
-2.099677e-002 0 -1
-5.240247e-001 5.922868e-002 
1
2
8 3 2 1 0 -1
8 3 1 1 0 2
haar_x2
1.787590e-004 0 -1
-1.122419e-001 1.239458e-001 
1
3
0 2 4 6 0 -1
0 2 2 3 0 2
2 5 2 3 0 2
haar_x2_y2
6.149598e-002 0 -1
-1.071552e-001 2.428300e-001 
1
2
13 5 1 2 0 -1
13 5 1 1 0 2
tilted_haar_x2
-1.257527e-002 0 -1
-3.847262e-001 7.444912e-002 
1
2
0 2 1 3 0 -1
0 3 1 1 0 3
haar_y3
4.092735e-003 0 -1
6.857883e-002 -3.019532e-001 
1
2
14 3 1 3 0 -1
14 4 1 1 0 3
haar_y3
1.051359e-002 0 -1
6.855836e-002 -2.694127e-001 
1
2
2 1 6 1 0 -1
2 1 3 1 0 2
tilted_haar_x2
6.080007e-002 0 -1
5.329197e-002 -4.774590e-001 
1
2
13 5 1 2 0 -1
13 5 1 1 0 2
tilted_haar_x2
1.965779e-002 0 -1
4.312446e-002 -4.565359e-001 
1
2
0 2 1 3 0 -1
0 3 1 1 0 3
haar_y3
-4.236008e-003 0 -1
-2.495711e-001 1.119420e-001 
1
2
13 5 1 2 0 -1
13 5 1 1 0 2
tilted_haar_x2
-3.332316e-002 0 -1
-8.139645e-001 2.677569e-003 
1
2
2 5 2 1 0 -1
2 5 1 1 0 2
tilted_haar_x2
-1.025660e-002 0 -1
-3.254023e-001 7.296453e-002 
1
2
3 6 9 1 0 -1
6 6 3 1 0 3
haar_x3
-3.146977e-002 0 -1
2.457620e-001 -9.896763e-002 
1
3
2 2 2 2 0 -1
2 2 1 1 0 2
3 3 1 1 0 2
haar_x2_y2
5.625383e-003 0 -1
-7.289430e-002 2.908377e-001 
1
2
7 5 4 3 0 -1
7 5 2 3 0 2
haar_x2
-1.769201e-002 0 -1
1.160691e-001 -5.343029e-002 
1
2
3 7 3 1 0 -1
4 7 1 1 0 3
haar_x3
6.705575e-003 0 -1
5.698388e-002 -3.764618e-001 
1
2
7 7 4 1 0 -1
8 7 2 1 0 2
haar_x4
1.088293e-002 0 -1
3.059707e-002 -4.333676e-001 
1
2
3 5 9 3 0 -1
6 6 3 1 0 9
haar_point
1.260747e-001 0 -1
-7.488497e-002 2.949791e-001 
1
2
7 6 4 2 0 -1
8 6 2 2 0 2
haar_x4
-2.033557e-002 0 -1
-4.989800e-001 2.428560e-002 
1
2
4 6 4 2 0 -1
5 6 2 2 0 2
haar_x4
2.226329e-002 0 -1
2.431622e-002 -8.139650e-001 
1
2
10 1 2 3 0 -1
10 2 2 1 0 3
haar_y3
2.676836e-004 0 -1
-8.266248e-002 1.035293e-001 
1
2
0 1 1 2 0 -1
0 2 1 1 0 2
haar_y2
8.697786e-004 0 -1
8.214149e-002 -2.377836e-001 
1
2
12 0 3 3 0 -1
12 1 3 1 0 3
haar_y3
6.645061e-002 0 -1
7.928056e-003 -7.707922e-001 
1
2
0 0 1 3 0 -1
0 1 1 1 0 3
haar_y3
8.979088e-003 0 -1
5.060985e-002 -3.771339e-001 
1
2
13 0 2 3 0 -1
12 1 2 1 0 3
tilted_haar_x3
-3.995821e-002 0 -1
2.040123e-001 -8.340311e-002 
1
2
0 3 3 1 0 -1
1 3 1 1 0 3
haar_x3
-7.945154e-003 0 -1
2.804498e-001 -6.586929e-002 
1
2
13 7 2 1 0 -1
13 7 1 1 0 2
haar_x2
1.846845e-004 0 -1
-1.772495e-001 1.702800e-001 
1
3
0 0 10 4 0 -1
0 0 5 2 0 2
5 2 5 2 0 2
haar_x2_y2
-1.386495e-002 0 -1
1.481042e-001 -1.314638e-001 
1
2
8 3 2 1 0 -1
8 3 1 1 0 2
haar_x2
-1.953422e-004 0 -1
1.066244e-001 -6.052835e-002 
1
2
5 2 4 2 0 -1
6 2 2 2 0 2
haar_x4
4.807572e-004 0 -1
-1.967587e-001 1.200171e-001 
1
2
5 1 9 1 0 -1
8 1 3 1 0 3
haar_x3
6.820230e-002 0 -1
1.909841e-002 -5.058353e-001 
1
2
1 1 9 1 0 -1
4 1 3 1 0 3
haar_x3
5.264691e-002 0 -1
3.616621e-002 -5.473943e-001 
1
2
9 6 3 2 0 -1
10 6 1 2 0 3
haar_x3
-1.351327e-002 0 -1
-3.620985e-001 3.070199e-002 
1
2
3 6 3 2 0 -1
4 6 1 2 0 3
haar_x3
-6.800050e-003 0 -1
-2.944130e-001 6.556012e-002 
1
2
10 5 4 3 0 -1
10 6 4 1 0 3
haar_y3
-4.399849e-002 0 -1
-4.897609e-001 2.105439e-002 
1
3
0 5 10 2 0 -1
0 5 5 1 0 2
5 6 5 1 0 2
haar_x2_y2
-5.355014e-002 0 -1
3.079723e-001 -6.535945e-002 
1
2
10 5 4 3 0 -1
10 6 4 1 0 3
haar_y3
1.337574e-002 0 -1
3.990461e-002 -1.435051e-001 
1
3
4 5 4 2 0 -1
4 5 2 1 0 2
6 6 2 1 0 2
haar_x2_y2
2.298180e-003 0 -1
-1.283624e-001 1.978976e-001 
1
2
10 5 4 3 0 -1
10 6 4 1 0 3
haar_y3
-7.579415e-002 0 -1
-6.979668e-001 8.514503e-003 
1
2
1 4 3 3 0 -1
2 5 1 1 0 9
haar_point
-1.083828e-002 0 -1
-2.590354e-001 7.575709e-002 
1
2
6 2 6 6 0 -1
6 5 6 3 0 2
haar_y2
2.797322e-001 0 -1
5.492201e-002 -3.209789e-001 
1
2
0 1 4 3 0 -1
0 2 4 1 0 3
haar_y3
7.735068e-002 0 -1
1.702895e-002 -8.456417e-001 
1
2
10 1 2 3 0 -1
10 2 2 1 0 3
haar_y3
-6.681221e-002 0 -1
2.818449e-001 -3.348738e-002 
1
2
3 1 2 3 0 -1
3 2 2 1 0 3
haar_y3
1.182528e-002 0 -1
-8.465982e-002 2.522269e-001 
1
2
11 5 3 3 0 -1
11 6 3 1 0 3
haar_y3
-2.087601e-002 0 -1
-2.457054e-001 2.170197e-002 
1
2
1 5 3 3 0 -1
1 6 3 1 0 3
haar_y3
2.310475e-002 0 -1
4.831703e-002 -4.172908e-001 
1
2
7 0 3 6 0 -1
8 2 1 2 0 9
haar_point
-1.456242e-002 0 -1
5.495558e-002 -1.373504e-001 
1
2
3 5 2 3 0 -1
3 6 2 1 0 3
haar_y3
-3.359380e-002 0 -1
-6.290951e-001 2.843883e-002 
1
2
6 4 3 4 0 -1
6 5 3 2 0 2
haar_y4
1.139865e-001 0 -1
-3.113091e-002 6.413026e-001 
1
2
6 0 1 8 0 -1
6 4 1 4 0 2
haar_y2
-4.146267e-002 0 -1
-4.845163e-001 4.291462e-002 
1
3
7 2 8 6 0 -1
11 2 4 3 0 2
7 5 4 3 0 2
haar_x2_y2
-9.073467e-002 0 -1
2.889308e-001 -9.598938e-002 
1
2
3 1 4 3 0 -1
3 1 2 3 0 2
tilted_haar_x2
5.712527e-003 0 -1
-1.036161e-001 1.911661e-001 
1
2
1 1 14 3 0 -1
1 1 7 3 0 2
haar_x2
-4.200482e-001 0 -1
-8.685765e-001 1.498906e-002 
1
2
0 1 14 3 0 -1
7 1 7 3 0 2
haar_x2
-3.608728e-001 0 -1
-6.465236e-001 2.818325e-002 
1
2
7 5 3 1 0 -1
8 5 1 1 0 3
haar_x3
1.022361e-002 0 -1
2.354554e-002 -6.400949e-001 
1
2
0 7 15 1 0 -1
5 7 5 1 0 3
haar_x3
1.281044e-001 0 -1
-5.995318e-002 3.643035e-001 
1
3
10 2 2 6 0 -1
11 2 1 3 0 2
10 5 1 3 0 2
haar_x2_y2
-1.958765e-004 0 -1
7.531741e-002 -7.374665e-002 
1
3
3 2 2 6 0 -1
3 2 1 3 0 2
4 5 1 3 0 2
haar_x2_y2
-5.873587e-003 0 -1
1.780715e-001 -1.060021e-001 
1
2
7 5 3 1 0 -1
8 5 1 1 0 3
haar_x3
-1.354695e-002 0 -1
-7.592344e-001 1.521362e-002 
1
2
2 4 1 2 0 -1
2 5 1 1 0 2
haar_y2
-1.681206e-004 0 -1
1.886598e-001 -1.028310e-001 
1
2
7 2 4 6 0 -1
7 5 4 3 0 2
haar_y2
1.101340e-002 0 -1
-1.684939e-001 7.301301e-002 
1
2
2 6 8 1 0 -1
6 6 4 1 0 2
haar_x2
-1.362420e-002 0 -1
1.845657e-001 -1.212675e-001 
1
2
9 5 2 1 0 -1
9 5 1 1 0 2
haar_x2
3.648222e-004 0 -1
-8.619820e-002 9.649384e-002 
1
2
3 4 4 4 0 -1
5 4 2 4 0 2
haar_x2
1.029453e-002 0 -1
-1.236069e-001 1.473987e-001 
1
2
0 2 15 4 0 -1
5 2 5 4 0 3
haar_x3
-4.559754e-001 0 -1
3.520404e-001 -5.976291e-002 
-1.033105e+000

8
-1
