56
1
2
3 2 8 3 0 -1
3 3 8 1 0 3
haar_y3
-1.419713e-001 0 -1
4.071409e-001 -2.189128e-001 
1
3
5 6 10 2 0 -1
10 6 5 1 0 2
5 7 5 1 0 2
haar_x2_y2
2.448241e-002 0 -1
-1.544605e-001 3.710896e-001 
1
2
0 1 5 2 0 -1
0 2 5 1 0 2
haar_y2
-2.488311e-003 0 -1
1.530660e-001 -3.138287e-001 
1
3
5 1 10 2 0 -1
10 1 5 1 0 2
5 2 5 1 0 2
haar_x2_y2
-1.941248e-002 0 -1
1.411035e-001 -9.582575e-002 
1
3
2 4 6 4 0 -1
2 4 3 2 0 2
5 6 3 2 0 2
haar_x2_y2
-5.362911e-002 0 -1
3.058747e-001 -1.150825e-001 
1
2
13 0 2 3 0 -1
13 1 2 1 0 3
haar_y3
-2.082055e-002 0 -1
-2.484358e-001 9.298848e-002 
1
2
4 0 7 3 0 -1
4 1 7 1 0 3
haar_y3
-1.095165e-001 0 -1
5.143615e-001 -1.093018e-001 
1
2
13 0 2 3 0 -1
13 1 2 1 0 3
haar_y3
2.118637e-002 0 -1
8.804541e-002 -3.274136e-001 
1
2
2 0 1 2 0 -1
2 0 1 1 0 2
tilted_haar_y2
2.053536e-002 0 -1
7.419849e-002 -4.442266e-001 
1
2
4 1 7 3 0 -1
4 2 7 1 0 3
haar_y3
-2.145114e-001 0 -1
4.927827e-001 -1.155154e-001 
1
2
3 5 2 1 0 -1
3 5 1 1 0 2
tilted_haar_x2
-1.235066e-002 0 -1
-4.279528e-001 6.944716e-002 
1
2
6 5 3 3 0 -1
6 6 3 1 0 3
haar_y3
2.005339e-002 0 -1
-7.986832e-002 3.510438e-001 
1
2
0 0 1 4 0 -1
0 1 1 2 0 2
haar_y4
1.095108e-002 0 -1
6.432156e-002 -4.697993e-001 
1
2
3 1 9 5 0 -1
6 1 3 5 0 3
haar_x3
3.428837e-002 0 -1
-1.902870e-001 1.625243e-001 
1
2
0 6 15 1 0 -1
5 6 5 1 0 3
haar_x3
-8.695039e-002 0 -1
2.956176e-001 -1.173388e-001 
1
2
7 3 4 4 0 -1
7 5 4 2 0 2
haar_y2
5.403215e-003 0 -1
-2.187140e-001 1.244867e-001 
1
2
5 4 5 3 0 -1
5 5 5 1 0 3
haar_y3
-4.483789e-002 0 -1
3.579997e-001 -8.312546e-002 
1
2
7 4 3 3 0 -1
8 4 1 3 0 3
haar_x3
-1.730187e-002 0 -1
-5.533983e-001 4.473059e-002 
1
2
5 4 3 3 0 -1
6 4 1 3 0 3
haar_x3
-2.152626e-002 0 -1
-7.118716e-001 3.694343e-002 
1
2
11 5 2 3 0 -1
11 6 2 1 0 3
haar_y3
2.547177e-002 0 -1
2.764938e-002 -7.509934e-001 
1
2
1 5 8 1 0 -1
3 5 4 1 0 2
haar_x4
2.868688e-003 0 -1
-1.549114e-001 1.734613e-001 
1
2
6 1 9 6 0 -1
9 3 3 2 0 9
haar_point
-6.464995e-001 0 -1
1.832948e-001 -3.368092e-002 
1
2
0 5 4 3 0 -1
0 6 4 1 0 3
haar_y3
2.516689e-002 0 -1
6.266094e-002 -4.009850e-001 
1
2
13 6 2 2 0 -1
13 7 2 1 0 2
haar_y2
1.142747e-002 0 -1
4.956451e-002 -5.289842e-001 
1
2
0 1 6 6 0 -1
2 3 2 2 0 9
haar_point
-3.831554e-001 0 -1
3.085288e-001 -9.245437e-002 
1
3
12 2 2 2 0 -1
13 2 1 1 0 2
12 3 1 1 0 2
haar_x2_y2
-5.591480e-003 0 -1
2.278335e-001 -5.250538e-002 
1
3
1 2 2 2 0 -1
1 2 1 1 0 2
2 3 1 1 0 2
haar_x2_y2
4.444666e-003 0 -1
-1.005344e-001 3.217347e-001 
1
2
13 6 2 2 0 -1
13 7 2 1 0 2
haar_y2
-1.588646e-002 0 -1
-4.838778e-001 6.354691e-002 
1
2
0 6 2 2 0 -1
0 7 2 1 0 2
haar_y2
-2.231244e-004 0 -1
1.602834e-001 -1.966929e-001 
1
2
5 0 8 5 0 -1
7 0 4 5 0 2
haar_x4
3.278187e-003 0 -1
-1.158714e-001 1.016918e-001 
1
2
0 0 15 1 0 -1
5 0 5 1 0 3
haar_x3
-3.785961e-002 0 -1
1.902132e-001 -1.442788e-001 
1
3
7 1 6 2 0 -1
10 1 3 1 0 2
7 2 3 1 0 2
haar_x2_y2
-2.201915e-003 0 -1
7.277171e-002 -7.450265e-002 
1
3
3 0 8 6 0 -1
3 0 4 3 0 2
7 3 4 3 0 2
haar_x2_y2
-1.336021e-001 0 -1
-6.613346e-001 3.518436e-002 
1
2
7 6 4 2 0 -1
8 6 2 2 0 2
haar_x4
-1.532065e-002 0 -1
-4.012218e-001 2.829587e-002 
1
2
0 2 1 3 0 -1
0 3 1 1 0 3
haar_y3
-9.856422e-003 0 -1
-3.095032e-001 6.851967e-002 
1
2
8 2 3 4 0 -1
8 4 3 2 0 2
haar_y2
1.110579e-002 0 -1
-1.855482e-001 6.797830e-002 
1
2
6 3 3 2 0 -1
6 4 3 1 0 2
haar_y2
-3.083858e-002 0 -1
5.169605e-001 -5.634661e-002 
1
2
5 6 8 2 0 -1
5 6 4 2 0 2
haar_x2
-5.297454e-002 0 -1
1.823551e-001 -6.350283e-002 
1
2
4 2 4 4 0 -1
4 4 4 2 0 2
haar_y2
1.046870e-002 0 -1
-2.772978e-001 1.005442e-001 
1
2
5 6 8 2 0 -1
5 6 4 2 0 2
haar_x2
1.055720e-001 0 -1
-3.705181e-002 3.328385e-001 
1
2
2 6 8 2 0 -1
6 6 4 2 0 2
haar_x2
-4.231085e-002 0 -1
2.504423e-001 -1.075840e-001 
1
3
2 2 12 6 0 -1
8 2 6 3 0 2
2 5 6 3 0 2
haar_x2_y2
1.936963e-001 0 -1
5.031678e-002 -5.776013e-001 
1
2
4 4 2 4 0 -1
5 4 1 4 0 2
haar_x2
5.966276e-004 0 -1
-1.805062e-001 1.358385e-001 
1
2
7 3 4 4 0 -1
8 3 2 4 0 2
haar_x4
-1.648997e-002 0 -1
-3.551270e-001 5.159299e-002 
1
2
4 4 3 3 0 -1
5 4 1 3 0 3
haar_x3
2.785633e-002 0 -1
3.572472e-002 -8.079319e-001 
1
2
8 5 2 1 0 -1
8 5 1 1 0 2
tilted_haar_y2
-2.168357e-002 0 -1
3.556955e-001 -6.204711e-002 
1
3
5 0 4 8 0 -1
5 0 2 4 0 2
7 4 2 4 0 2
haar_x2_y2
4.939883e-002 0 -1
5.059911e-002 -5.084364e-001 
1
2
14 1 1 3 0 -1
14 2 1 1 0 3
haar_y3
1.936375e-002 0 -1
2.991018e-002 -7.630160e-001 
1
2
2 1 3 3 0 -1
2 2 3 1 0 3
haar_y3
4.192496e-003 0 -1
-1.182838e-001 2.206393e-001 
1
2
10 2 2 3 0 -1
10 3 2 1 0 3
haar_y3
1.315413e-002 0 -1
-6.584261e-002 2.460827e-001 
1
3
0 0 14 6 0 -1
0 0 7 3 0 2
7 3 7 3 0 2
haar_x2_y2
3.191933e-001 0 -1
3.153824e-002 -7.456614e-001 
1
2
6 5 3 3 0 -1
7 5 1 3 0 3
haar_x3
-1.885187e-002 0 -1
-5.471929e-001 3.451577e-002 
1
2
2 0 1 2 0 -1
2 1 1 1 0 2
haar_y2
-2.531882e-004 0 -1
1.067327e-001 -2.041165e-001 
1
2
0 7 15 1 0 -1
5 7 5 1 0 3
haar_x3
-4.688093e-002 0 -1
1.958323e-001 -1.235576e-001 
1
3
0 4 8 4 0 -1
0 4 4 2 0 2
4 6 4 2 0 2
haar_x2_y2
1.847953e-002 0 -1
-1.198899e-001 2.122568e-001 
1
3
1 5 14 2 0 -1
8 5 7 1 0 2
1 6 7 1 0 2
haar_x2_y2
-4.884348e-002 0 -1
-3.954587e-001 4.281976e-002 
-1.071332e+000

6
-1
