96
1
2
1 0 6 6 0 -1
3 2 2 2 0 9
haar_point
9.171026e-001 0 -1
-2.536853e-001 3.119136e-001 
1
2
7 0 1 4 0 -1
7 1 1 2 0 2
haar_y4
8.298295e-003 0 -1
-2.611286e-001 2.080105e-001 
1
2
0 0 1 4 0 -1
0 1 1 2 0 2
haar_y4
1.033135e-002 0 -1
-2.031884e-001 1.768739e-001 
1
2
4 0 2 1 0 -1
4 0 1 1 0 2
tilted_haar_y2
2.400794e-003 0 -1
-4.443110e-002 6.936438e-002 
1
2
3 0 1 2 0 -1
3 1 1 1 0 2
haar_y2
9.925181e-003 0 -1
1.259308e-001 -3.527992e-001 
1
2
4 3 3 2 0 -1
5 4 1 2 0 3
tilted_haar_y3
-2.172461e-001 0 -1
-3.958418e-001 -1.164510e-002 
1
2
4 3 2 3 0 -1
3 4 2 1 0 3
tilted_haar_y3
-1.206094e-001 0 -1
2.006819e-001 -1.648328e-001 
1
3
6 6 2 2 0 -1
7 6 1 1 0 2
6 7 1 1 0 2
haar_x2_y2
4.555028e-003 0 -1
-1.501874e-001 1.937060e-001 
1
2
0 2 2 3 0 -1
0 3 2 1 0 3
haar_y3
-4.909455e-002 0 -1
-5.912502e-001 5.480918e-002 
1
2
4 0 2 1 0 -1
4 0 1 1 0 2
haar_x2
7.144857e-003 0 -1
-1.811024e-001 7.183394e-002 
1
2
1 5 2 1 0 -1
1 5 1 1 0 2
tilted_haar_x2
-4.299644e-002 0 -1
-5.324537e-001 4.570963e-002 
1
2
5 0 2 2 0 -1
5 0 1 2 0 2
tilted_haar_y2
1.060834e-001 0 -1
2.485441e-002 -5.577993e-001 
1
2
2 0 2 3 0 -1
2 1 2 1 0 3
haar_y3
-3.232661e-002 0 -1
-6.033587e-001 3.533539e-002 
1
2
5 0 2 2 0 -1
5 0 1 2 0 2
tilted_haar_y2
1.056960e-002 0 -1
-1.014856e-001 6.780078e-002 
1
2
3 0 2 2 0 -1
3 0 2 1 0 2
tilted_haar_y2
8.571656e-002 0 -1
4.741839e-002 -5.410997e-001 
1
2
4 0 2 2 0 -1
4 0 1 2 0 2
haar_x2
7.588607e-002 0 -1
1.965361e-002 -1.916639e-001 
1
2
2 0 2 2 0 -1
3 0 1 2 0 2
haar_x2
1.172055e-002 0 -1
-2.562097e-001 1.091649e-001 
1
3
1 6 6 2 0 -1
4 6 3 1 0 2
1 7 3 1 0 2
haar_x2_y2
-5.913196e-002 0 -1
-4.464098e-001 4.717372e-002 
1
2
2 0 1 2 0 -1
2 0 1 1 0 2
tilted_haar_y2
-9.345517e-002 0 -1
-5.725819e-001 3.398669e-002 
1
2
0 5 8 2 0 -1
0 6 8 1 0 2
haar_y2
4.197348e-002 0 -1
-1.646200e-001 1.181442e-001 
1
2
2 1 4 6 0 -1
2 3 4 2 0 3
haar_y3
3.173744e-001 0 -1
-1.173614e-001 1.939847e-001 
1
2
0 4 8 2 0 -1
0 5 8 1 0 2
haar_y2
-3.795393e-001 0 -1
-8.703560e-001 2.419293e-002 
1
2
2 1 4 2 0 -1
2 1 4 1 0 2
tilted_haar_y2
2.218358e-001 0 -1
2.841777e-002 -5.559737e-001 
1
3
0 0 8 8 0 -1
4 0 4 4 0 2
0 4 4 4 0 2
haar_x2_y2
2.136322e-001 0 -1
5.948123e-002 -3.129789e-001 
1
2
3 1 1 3 0 -1
2 2 1 1 0 3
tilted_haar_y3
3.810352e-002 0 -1
5.168676e-002 -3.670796e-001 
1
2
4 1 3 3 0 -1
4 2 3 1 0 3
haar_y3
-1.094438e-001 0 -1
-9.042547e-001 5.510219e-003 
1
2
1 5 1 3 0 -1
1 6 1 1 0 3
haar_y3
1.267850e-003 0 -1
-1.504884e-001 1.123698e-001 
1
2
7 5 1 3 0 -1
7 6 1 1 0 3
haar_y3
4.818853e-002 0 -1
3.802364e-002 -3.932090e-001 
1
2
3 0 2 2 0 -1
4 0 1 2 0 2
haar_x2
1.020906e-002 0 -1
-9.789944e-002 1.697640e-001 
1
2
6 2 1 4 0 -1
6 2 1 2 0 2
tilted_haar_x2
-7.407477e-002 0 -1
3.243239e-001 -1.646668e-002 
1
2
2 2 4 1 0 -1
2 2 2 1 0 2
tilted_haar_x2
-1.245466e-001 0 -1
-9.119396e-001 1.830030e-002 
1
2
5 1 2 3 0 -1
5 2 2 1 0 3
haar_y3
2.529516e-002 0 -1
4.822917e-002 -1.968122e-001 
1
2
1 1 2 3 0 -1
1 2 2 1 0 3
haar_y3
-4.407609e-002 0 -1
-5.649840e-001 2.669440e-002 
1
3
6 3 2 4 0 -1
7 3 1 2 0 2
6 5 1 2 0 2
haar_x2_y2
-1.989613e-001 0 -1
8.447711e-001 -1.351885e-002 
1
3
0 3 2 4 0 -1
0 3 1 2 0 2
1 5 1 2 0 2
haar_x2_y2
-3.802704e-002 0 -1
2.331293e-001 -6.404573e-002 
1
3
6 0 2 4 0 -1
7 0 1 2 0 2
6 2 1 2 0 2
haar_x2_y2
-2.768721e-002 0 -1
3.228031e-001 -9.173370e-002 
1
2
1 6 2 2 0 -1
2 6 1 2 0 2
haar_x2
-4.309736e-002 0 -1
-3.403183e-001 4.486306e-002 
1
2
2 0 6 1 0 -1
2 0 3 1 0 2
haar_x2
1.473267e-001 0 -1
1.408718e-002 -2.181722e-001 
1
2
0 0 6 1 0 -1
3 0 3 1 0 2
haar_x2
-1.554056e-001 0 -1
7.093884e-001 -3.199584e-002 
1
3
2 0 6 8 0 -1
5 0 3 4 0 2
2 4 3 4 0 2
haar_x2_y2
-1.134330e-001 0 -1
9.012881e-002 -1.246745e-001 
1
3
0 0 6 8 0 -1
0 0 3 4 0 2
3 4 3 4 0 2
haar_x2_y2
-6.930732e-002 0 -1
7.951114e-002 -2.170326e-001 
1
2
4 6 3 2 0 -1
5 6 1 2 0 3
haar_x3
4.752565e-002 0 -1
4.052877e-002 -5.595339e-001 
1
3
0 5 6 2 0 -1
0 5 3 1 0 2
3 6 3 1 0 2
haar_x2_y2
1.758091e-002 0 -1
-1.136678e-001 1.297476e-001 
1
2
3 5 3 2 0 -1
3 6 3 1 0 2
haar_y2
-5.560556e-002 0 -1
2.487060e-001 -5.271137e-002 
1
2
0 0 2 3 0 -1
0 1 2 1 0 3
haar_y3
3.440768e-003 0 -1
-1.504254e-001 9.914972e-002 
1
2
7 4 1 3 0 -1
7 5 1 1 0 3
haar_y3
4.876949e-002 0 -1
1.422830e-002 -3.717305e-001 
1
2
0 0 8 8 0 -1
4 0 4 8 0 2
haar_x2
5.893192e-001 0 -1
-5.684957e-002 2.576870e-001 
1
3
6 4 2 2 0 -1
7 4 1 1 0 2
6 5 1 1 0 2
haar_x2_y2
-1.391759e-002 0 -1
1.594696e-001 -8.168009e-002 
1
3
0 4 2 2 0 -1
0 4 1 1 0 2
1 5 1 1 0 2
haar_x2_y2
1.330512e-002 0 -1
-6.299584e-002 2.889299e-001 
1
2
0 4 8 1 0 -1
0 4 4 1 0 2
haar_x2
-1.259574e-001 0 -1
-3.867817e-001 3.776820e-002 
1
3
0 5 8 2 0 -1
0 5 4 1 0 2
4 6 4 1 0 2
haar_x2_y2
1.487238e-001 0 -1
2.184042e-002 -5.292251e-001 
1
2
3 7 4 1 0 -1
4 7 2 1 0 2
haar_x4
-1.194975e-002 0 -1
-2.332846e-001 6.917866e-002 
1
2
2 5 3 3 0 -1
3 5 1 3 0 3
haar_x3
-4.414966e-002 0 -1
-2.887165e-001 4.291629e-002 
1
2
2 1 4 7 0 -1
3 1 2 7 0 2
haar_x4
-2.788888e-002 0 -1
2.576059e-001 -5.601046e-002 
1
3
2 5 2 2 0 -1
2 5 1 1 0 2
3 6 1 1 0 2
haar_x2_y2
-1.795198e-002 0 -1
2.391686e-001 -5.719385e-002 
1
2
3 1 2 2 0 -1
3 2 2 1 0 2
haar_y2
8.760383e-004 0 -1
-1.326376e-001 9.978571e-002 
1
2
3 1 2 3 0 -1
3 2 2 1 0 3
haar_y3
-8.944863e-004 0 -1
1.328194e-001 -1.172192e-001 
1
2
7 3 1 3 0 -1
7 4 1 1 0 3
haar_y3
-6.568003e-002 0 -1
-3.130977e-001 1.463129e-002 
1
2
4 2 4 1 0 -1
5 3 2 1 0 2
tilted_haar_x4
-1.254272e-001 0 -1
3.170851e-001 -4.341415e-002 
1
2
4 0 2 2 0 -1
4 0 1 2 0 2
tilted_haar_y2
-2.311467e-001 0 -1
8.127301e-001 -3.236731e-003 
1
2
1 6 3 2 0 -1
2 6 1 2 0 3
haar_x3
5.462807e-002 0 -1
2.710099e-002 -5.203254e-001 
1
2
4 0 2 2 0 -1
4 0 1 2 0 2
tilted_haar_y2
6.925437e-002 0 -1
5.248015e-003 -3.996744e-001 
1
3
0 6 2 2 0 -1
0 6 1 1 0 2
1 7 1 1 0 2
haar_x2_y2
3.442746e-003 0 -1
-1.143079e-001 1.081403e-001 
1
2
7 5 1 3 0 -1
7 6 1 1 0 3
haar_y3
6.189157e-004 0 -1
-8.684086e-002 6.646781e-002 
1
2
0 5 1 3 0 -1
0 6 1 1 0 3
haar_y3
6.778318e-002 0 -1
1.924586e-002 -6.924224e-001 
1
3
6 3 2 2 0 -1
7 3 1 1 0 2
6 4 1 1 0 2
haar_x2_y2
-4.390231e-003 0 -1
7.984562e-002 -6.901576e-002 
1
3
0 3 2 2 0 -1
0 3 1 1 0 2
1 4 1 1 0 2
haar_x2_y2
1.636262e-002 0 -1
-5.205968e-002 2.926795e-001 
1
2
7 0 1 8 0 -1
7 2 1 4 0 2
haar_y4
-2.226878e-001 0 -1
7.628575e-001 -1.824894e-002 
1
2
0 0 1 8 0 -1
0 2 1 4 0 2
haar_y4
-1.886688e-001 0 -1
7.623038e-001 -1.456363e-002 
1
2
4 0 3 4 0 -1
5 1 1 4 0 3
tilted_haar_y3
2.124905e-001 0 -1
3.042570e-002 -1.771252e-001 
1
2
1 3 3 3 0 -1
2 3 1 3 0 3
haar_x3
4.614032e-002 0 -1
-4.946421e-002 3.225498e-001 
1
2
4 0 3 1 0 -1
5 1 1 1 0 3
tilted_haar_y3
-3.605623e-002 0 -1
-3.524254e-001 2.141957e-002 
1
2
4 0 1 3 0 -1
3 1 1 1 0 3
tilted_haar_y3
2.475065e-002 0 -1
5.622340e-002 -2.835902e-001 
1
2
3 0 4 3 0 -1
4 0 2 3 0 2
haar_x4
-5.301031e-002 0 -1
1.713462e-001 -3.894872e-002 
1
2
2 0 3 1 0 -1
3 1 1 1 0 3
tilted_haar_x3
6.713463e-002 0 -1
-3.583144e-002 3.953952e-001 
1
3
0 2 8 2 0 -1
4 2 4 1 0 2
0 3 4 1 0 2
haar_x2_y2
8.852604e-002 0 -1
2.575310e-002 -5.892533e-001 
1
3
1 0 6 2 0 -1
1 0 3 1 0 2
4 1 3 1 0 2
haar_x2_y2
-4.718051e-002 0 -1
-3.644047e-001 3.200192e-002 
1
2
2 6 6 2 0 -1
2 7 6 1 0 2
haar_y2
-1.065069e-001 0 -1
2.632507e-001 -3.599990e-002 
1
2
4 0 1 3 0 -1
3 1 1 1 0 3
tilted_haar_y3
-1.035231e-001 0 -1
-5.297905e-001 2.312186e-002 
1
2
3 0 4 6 0 -1
4 0 2 6 0 2
haar_x4
1.042394e-001 0 -1
-4.642533e-002 1.444255e-001 
1
2
2 2 3 1 0 -1
3 2 1 1 0 3
haar_x3
1.013078e-003 0 -1
-1.769021e-001 7.857519e-002 
1
2
0 3 8 1 0 -1
2 3 4 1 0 2
haar_x4
1.559589e-001 0 -1
2.825840e-002 -4.857379e-001 
1
2
0 0 7 8 0 -1
0 4 7 4 0 2
haar_y2
4.013869e-001 0 -1
9.840466e-003 -8.877355e-001 
1
2
7 0 1 3 0 -1
6 1 1 1 0 3
tilted_haar_x3
8.738815e-002 0 -1
-1.921280e-002 3.777040e-001 
1
2
2 0 4 3 0 -1
2 1 4 1 0 3
haar_y3
7.497612e-002 0 -1
2.047735e-002 -6.576930e-001 
1
2
7 0 1 3 0 -1
6 1 1 1 0 3
tilted_haar_x3
-2.917381e-002 0 -1
8.916670e-002 -6.264296e-002 
1
2
1 0 3 1 0 -1
2 1 1 1 0 3
tilted_haar_x3
5.702076e-002 0 -1
-4.090539e-002 3.159194e-001 
1
2
1 6 7 2 0 -1
1 7 7 1 0 2
haar_y2
4.838030e-002 0 -1
-1.048693e-001 1.235335e-001 
1
3
1 4 2 2 0 -1
1 4 1 1 0 2
2 5 1 1 0 2
haar_x2_y2
-2.827105e-002 0 -1
2.281500e-001 -5.250920e-002 
1
2
4 0 1 3 0 -1
4 1 1 1 0 3
haar_y3
-3.676674e-002 0 -1
-9.369359e-001 1.501547e-002 
1
2
0 5 4 2 0 -1
2 5 2 2 0 2
haar_x2
-1.021021e-001 0 -1
-1.957559e-001 5.510180e-002 
1
2
6 5 2 3 0 -1
6 5 1 3 0 2
haar_x2
-5.480062e-004 0 -1
8.377605e-002 -2.309656e-001 
1
2
1 0 4 6 0 -1
2 0 2 6 0 2
haar_x4
-1.328348e-001 0 -1
2.881940e-001 -4.873536e-002 
1
2
5 0 3 4 0 -1
6 0 1 4 0 3
haar_x3
-6.289328e-003 0 -1
1.213174e-001 -2.369864e-001 
1
2
3 0 3 2 0 -1
4 1 1 2 0 3
tilted_haar_x3
1.871212e-001 0 -1
-3.020001e-002 4.635822e-001 
1
2
5 0 3 1 0 -1
6 1 1 1 0 3
tilted_haar_y3
-5.731776e-002 0 -1
-2.892178e-001 5.018593e-002 
-1.186664e+000

14
-1
