199
1
2
1 1 3 1 0 -1
2 1 1 1 0 3
haar_x3
8.556141e-002 0 -1
-3.203672e-001 1.825472e-001 
1
2
2 2 3 3 0 -1
3 3 1 1 0 9
haar_point
-6.050035e-001 0 -1
1.449139e-001 -2.403473e-001 
1
2
0 2 3 3 0 -1
1 3 1 1 0 9
haar_point
-7.475177e-001 0 -1
2.056073e-001 -1.970586e-001 
1
3
1 1 4 4 0 -1
3 1 2 2 0 2
1 3 2 2 0 2
haar_x2_y2
-4.506228e-001 0 -1
-2.391541e-001 9.784863e-002 
1
2
2 2 1 2 0 -1
2 3 1 1 0 2
haar_y2
-2.083687e-001 0 -1
1.891518e-001 -1.327422e-001 
1
3
1 3 4 2 0 -1
3 3 2 1 0 2
1 4 2 1 0 2
haar_x2_y2
-6.013674e-002 0 -1
-2.119896e-001 9.865887e-002 
1
2
0 4 3 1 0 -1
1 4 1 1 0 3
haar_x3
7.457730e-002 0 -1
7.255011e-002 -3.526092e-001 
1
2
3 0 1 3 0 -1
3 1 1 1 0 3
haar_y3
-7.291886e-002 0 -1
-3.900343e-001 4.175123e-002 
1
3
0 1 4 2 0 -1
0 1 2 1 0 2
2 2 2 1 0 2
haar_x2_y2
-1.526074e-001 0 -1
-3.291782e-001 6.143041e-002 
1
2
1 0 3 1 0 -1
2 0 1 1 0 3
haar_x3
9.272365e-002 0 -1
-2.104372e-001 9.457231e-002 
1
2
1 4 3 1 0 -1
2 4 1 1 0 3
haar_x3
6.557290e-002 0 -1
8.419512e-002 -2.304288e-001 
1
2
0 1 5 3 0 -1
0 2 5 1 0 3
haar_y3
-6.880840e-001 0 -1
4.030621e-001 -4.443088e-002 
1
2
1 0 3 1 0 -1
2 1 1 1 0 3
tilted_haar_x3
4.526002e-001 0 -1
-4.457518e-002 3.312382e-001 
1
2
4 0 1 4 0 -1
4 0 1 2 0 2
tilted_haar_x2
-9.848793e-001 0 -1
6.347374e-001 -1.171466e-002 
1
2
0 1 1 4 0 -1
0 3 1 2 0 2
haar_y2
4.826624e-002 0 -1
5.406255e-002 -3.167769e-001 
1
3
1 1 4 4 0 -1
3 1 2 2 0 2
1 3 2 2 0 2
haar_x2_y2
1.628295e-001 0 -1
3.304372e-002 -2.515634e-001 
1
3
0 1 4 4 0 -1
0 1 2 2 0 2
2 3 2 2 0 2
haar_x2_y2
1.304964e-001 0 -1
5.554882e-002 -3.338855e-001 
1
2
4 1 1 3 0 -1
4 2 1 1 0 3
haar_y3
1.726885e-001 0 -1
2.958980e-002 -2.253804e-001 
1
2
0 1 1 3 0 -1
0 2 1 1 0 3
haar_y3
1.755883e-001 0 -1
3.506553e-002 -2.888862e-001 
1
2
3 1 2 2 0 -1
3 1 1 2 0 2
tilted_haar_y2
7.459382e-001 0 -1
2.654092e-002 -3.282632e-001 
1
2
2 1 2 2 0 -1
2 1 2 1 0 2
tilted_haar_y2
7.747697e-001 0 -1
-2.740509e-002 5.175169e-001 
1
2
4 0 1 4 0 -1
4 0 1 2 0 2
tilted_haar_x2
-1.058097e-001 0 -1
2.568330e-001 -3.570962e-002 
1
2
1 0 1 2 0 -1
1 1 1 1 0 2
haar_y2
-8.779141e-002 0 -1
-4.934608e-001 2.187661e-002 
1
2
4 0 1 4 0 -1
4 0 1 2 0 2
tilted_haar_x2
4.630220e-001 0 -1
-4.496397e-002 3.972945e-002 
1
2
1 0 4 1 0 -1
1 0 2 1 0 2
tilted_haar_x2
1.275033e+000 0 -1
-1.605894e-002 7.220678e-001 
1
2
4 2 1 2 0 -1
4 3 1 1 0 2
haar_y2
-7.406544e-003 0 -1
6.295920e-002 -1.250220e-001 
1
3
1 0 2 4 0 -1
1 0 1 2 0 2
2 2 1 2 0 2
haar_x2_y2
6.703936e-002 0 -1
3.632718e-002 -2.703381e-001 
1
2
1 0 3 5 0 -1
2 0 1 5 0 3
haar_x3
7.199790e-001 0 -1
-6.238139e-002 1.898650e-001 
1
2
2 0 1 2 0 -1
2 1 1 1 0 2
haar_y2
6.964764e-002 0 -1
3.810307e-002 -3.031632e-001 
1
2
4 2 1 2 0 -1
4 3 1 1 0 2
haar_y2
-1.205798e-001 0 -1
-1.588134e-001 4.512307e-002 
1
2
1 1 3 3 0 -1
1 2 3 1 0 3
haar_y3
4.286402e-001 0 -1
-1.049115e-001 1.095499e-001 
1
2
2 0 1 2 0 -1
2 1 1 1 0 2
haar_y2
-4.966086e-002 0 -1
-2.783484e-001 3.316937e-002 
1
2
2 0 3 1 0 -1
3 1 1 1 0 3
tilted_haar_x3
1.340857e-001 0 -1
2.238645e-001 -4.221501e-002 
1
3
2 1 2 4 0 -1
3 1 1 2 0 2
2 3 1 2 0 2
haar_x2_y2
3.840091e-001 0 -1
-9.521510e-003 6.208819e-001 
1
3
1 1 2 4 0 -1
1 1 1 2 0 2
2 3 1 2 0 2
haar_x2_y2
-5.324935e-002 0 -1
6.861251e-002 -1.532152e-001 
1
3
1 1 4 4 0 -1
3 1 2 2 0 2
1 3 2 2 0 2
haar_x2_y2
-1.868367e+000 0 -1
7.333907e-001 -4.742207e-003 
1
2
1 3 3 2 0 -1
2 3 1 2 0 3
haar_x3
-1.692421e-001 0 -1
-2.124237e-001 4.656828e-002 
1
2
2 1 3 3 0 -1
3 2 1 1 0 9
haar_point
-8.251371e-001 0 -1
3.391760e-001 -5.635152e-002 
1
2
1 0 2 4 0 -1
1 1 2 2 0 2
haar_y4
3.169113e-001 0 -1
-1.359664e-001 7.822864e-002 
1
2
1 0 3 4 0 -1
1 2 3 2 0 2
haar_y2
-7.611339e-001 0 -1
1.226430e-001 -6.928585e-002 
1
2
0 1 3 3 0 -1
1 2 1 1 0 9
haar_point
1.991048e+000 0 -1
-9.835811e-003 7.981576e-001 
1
3
1 3 4 2 0 -1
3 3 2 1 0 2
1 4 2 1 0 2
haar_x2_y2
3.461871e-001 0 -1
1.992778e-002 -2.142415e-001 
1
2
0 1 4 2 0 -1
1 1 2 2 0 2
haar_x4
-2.397285e-001 0 -1
2.641498e-001 -3.248022e-002 
1
3
1 3 4 2 0 -1
3 3 2 1 0 2
1 4 2 1 0 2
haar_x2_y2
2.658919e-002 0 -1
-5.429407e-002 4.637579e-002 
1
2
0 3 2 2 0 -1
1 3 1 2 0 2
haar_x2
-1.805163e-001 0 -1
-1.655514e-001 4.641512e-002 
1
3
2 1 2 2 0 -1
3 1 1 1 0 2
2 2 1 1 0 2
haar_x2_y2
5.739853e-002 0 -1
5.146668e-002 -2.470248e-001 
1
2
2 0 1 3 0 -1
2 1 1 1 0 3
haar_y3
5.266458e-002 0 -1
9.991557e-002 -1.096206e-001 
1
2
3 0 2 3 0 -1
3 0 1 3 0 2
tilted_haar_y2
1.733932e-001 0 -1
-1.185796e-001 3.199017e-002 
1
2
0 2 3 2 0 -1
1 2 1 2 0 3
haar_x3
-1.045777e-001 0 -1
8.786307e-002 -8.983325e-002 
1
2
1 2 4 2 0 -1
2 2 2 2 0 2
haar_x4
-1.583871e-001 0 -1
1.538839e-001 -5.288174e-002 
1
2
0 2 4 2 0 -1
1 2 2 2 0 2
haar_x4
-2.844304e-001 0 -1
-2.601979e-001 3.536540e-002 
1
2
2 2 3 3 0 -1
3 3 1 1 0 9
haar_point
-2.819289e+000 0 -1
6.717685e-001 -7.440228e-003 
1
3
0 3 4 2 0 -1
0 3 2 1 0 2
2 4 2 1 0 2
haar_x2_y2
3.026098e-001 0 -1
3.256816e-002 -2.731177e-001 
1
2
1 4 4 1 0 -1
1 4 2 1 0 2
haar_x2
-2.108850e-001 0 -1
2.081942e-001 -4.277892e-002 
1
2
1 1 1 4 0 -1
1 3 1 2 0 2
haar_y2
-2.300314e-001 0 -1
-9.132335e-002 9.267115e-002 
1
2
2 0 1 4 0 -1
2 1 1 2 0 2
haar_y4
1.611684e-001 0 -1
-1.657156e-001 7.105575e-002 
1
2
0 2 3 3 0 -1
1 3 1 1 0 9
haar_point
-1.533267e+000 0 -1
3.176827e-001 -2.516159e-002 
1
2
4 1 1 4 0 -1
4 2 1 2 0 2
haar_y4
-2.127674e-001 0 -1
-2.570175e-001 5.460488e-002 
1
2
2 0 2 2 0 -1
2 0 2 1 0 2
tilted_haar_y2
5.921978e-001 0 -1
2.098262e-002 -3.699493e-001 
1
2
4 2 1 3 0 -1
4 3 1 1 0 3
haar_y3
3.687629e-001 0 -1
8.372759e-003 -6.198716e-001 
1
2
0 2 1 3 0 -1
0 3 1 1 0 3
haar_y3
-2.048498e-001 0 -1
-2.049966e-001 3.743554e-002 
1
2
0 2 5 3 0 -1
0 3 5 1 0 3
haar_y3
-9.440807e-001 0 -1
1.233833e-001 -6.948051e-002 
1
2
0 2 5 3 0 -1
0 3 5 1 0 3
haar_y3
8.042210e-001 0 -1
-1.551537e-002 5.216177e-001 
1
3
2 0 2 4 0 -1
3 0 1 2 0 2
2 2 1 2 0 2
haar_x2_y2
-2.366631e-001 0 -1
-1.254403e-001 2.657728e-002 
1
2
0 0 5 3 0 -1
0 1 5 1 0 3
haar_y3
1.094066e+000 0 -1
-2.338571e-002 3.410059e-001 
1
2
4 0 1 3 0 -1
4 1 1 1 0 3
haar_y3
-8.041580e-002 0 -1
-3.104425e-001 3.385529e-002 
1
2
0 0 1 3 0 -1
0 1 1 1 0 3
haar_y3
4.955639e-001 0 -1
9.881281e-003 -6.923558e-001 
1
2
1 0 4 2 0 -1
2 0 2 2 0 2
haar_x4
-4.592582e-001 0 -1
4.948322e-001 -2.302129e-002 
1
2
0 4 4 1 0 -1
2 4 2 1 0 2
haar_x2
1.689492e-001 0 -1
-3.239251e-002 1.868886e-001 
1
3
1 3 4 2 0 -1
3 3 2 1 0 2
1 4 2 1 0 2
haar_x2_y2
-1.412424e+000 0 -1
-1.000000e+000 2.467711e-003 
1
2
0 0 4 2 0 -1
1 0 2 2 0 2
haar_x4
1.632335e-001 0 -1
-7.514674e-002 8.316398e-002 
1
2
2 0 2 4 0 -1
2 1 2 2 0 2
haar_y4
3.640307e-001 0 -1
-6.098758e-002 4.970858e-002 
1
2
1 0 2 4 0 -1
1 1 2 2 0 2
haar_y4
6.071265e-001 0 -1
2.035232e-002 -3.727112e-001 
1
2
4 1 1 4 0 -1
4 2 1 2 0 2
haar_y4
1.561385e-001 0 -1
2.494998e-002 -2.155909e-001 
1
3
1 0 2 2 0 -1
1 0 1 1 0 2
2 1 1 1 0 2
haar_x2_y2
5.210405e-002 0 -1
3.080652e-002 -1.723488e-001 
1
3
1 0 4 2 0 -1
3 0 2 1 0 2
1 1 2 1 0 2
haar_x2_y2
-5.705906e-002 0 -1
8.565833e-002 -5.253040e-002 
1
2
0 0 5 3 0 -1
0 1 5 1 0 3
haar_y3
-3.514134e-002 0 -1
1.734756e-001 -3.377067e-002 
1
2
2 0 3 3 0 -1
2 1 3 1 0 3
haar_y3
5.911133e-001 0 -1
-1.603086e-002 1.405395e-001 
1
2
0 0 3 3 0 -1
0 1 3 1 0 3
haar_y3
-4.928321e-002 0 -1
-1.946138e-001 3.543809e-002 
1
3
1 0 4 2 0 -1
3 0 2 1 0 2
1 1 2 1 0 2
haar_x2_y2
-4.037967e-001 0 -1
-3.369561e-001 7.367150e-003 
1
3
0 0 4 2 0 -1
0 0 2 1 0 2
2 1 2 1 0 2
haar_x2_y2
3.924393e-002 0 -1
-6.069363e-002 1.096019e-001 
1
3
2 1 2 2 0 -1
3 1 1 1 0 2
2 2 1 1 0 2
haar_x2_y2
-1.459227e-001 0 -1
-2.943529e-001 1.797645e-002 
1
2
1 0 1 2 0 -1
1 1 1 1 0 2
haar_y2
3.715468e-003 0 -1
-1.019858e-001 5.838332e-002 
1
2
1 0 3 3 0 -1
1 1 3 1 0 3
haar_y3
-2.972758e-001 0 -1
3.988967e-001 -1.751702e-002 
1
2
1 3 3 2 0 -1
1 4 3 1 0 2
haar_y2
-3.739624e-001 0 -1
2.212526e-001 -2.272974e-002 
1
2
4 2 1 3 0 -1
4 3 1 1 0 3
haar_y3
-5.719951e-001 0 -1
-8.380933e-001 4.335533e-003 
1
2
0 2 1 3 0 -1
0 3 1 1 0 3
haar_y3
2.502632e-001 0 -1
1.569109e-002 -4.148043e-001 
1
2
4 2 1 2 0 -1
4 3 1 1 0 2
haar_y2
1.204334e-001 0 -1
1.669815e-002 -3.474855e-001 
1
2
0 0 5 4 0 -1
0 1 5 2 0 2
haar_y4
4.331803e-001 0 -1
1.599237e-001 -4.920677e-002 
1
2
3 0 2 3 0 -1
3 0 1 3 0 2
tilted_haar_y2
8.971900e-001 0 -1
1.097844e-002 -2.535791e-001 
1
2
0 2 4 3 0 -1
1 2 2 3 0 2
haar_x4
-9.105337e-001 0 -1
5.326616e-001 -1.404631e-002 
1
2
3 0 1 3 0 -1
3 1 1 1 0 3
haar_y3
-1.369194e-001 0 -1
-2.841621e-001 1.319265e-002 
1
2
0 0 1 4 0 -1
0 2 1 2 0 2
haar_y2
-3.096509e-001 0 -1
-2.060691e-001 2.562169e-002 
1
2
3 0 1 3 0 -1
3 1 1 1 0 3
haar_y3
1.999652e-001 0 -1
2.155998e-002 -1.560435e-001 
1
2
0 1 5 4 0 -1
0 2 5 2 0 2
haar_y4
-1.058365e+000 0 -1
1.865446e-001 -2.986313e-002 
1
2
4 0 1 3 0 -1
3 1 1 1 0 3
tilted_haar_x3
4.479745e-001 0 -1
-5.868550e-002 9.205394e-002 
1
2
2 0 2 2 0 -1
2 0 2 1 0 2
tilted_haar_y2
4.844441e-001 0 -1
3.517983e-002 -1.936500e-001 
1
2
4 0 1 3 0 -1
3 1 1 1 0 3
tilted_haar_x3
-9.880957e-001 0 -1
1.000000e+000 -2.771444e-003 
1
2
1 0 3 1 0 -1
2 1 1 1 0 3
tilted_haar_x3
6.516429e-001 0 -1
-1.536673e-002 3.641636e-001 
1
2
4 1 1 2 0 -1
4 2 1 1 0 2
haar_y2
-8.876592e-002 0 -1
-4.770235e-002 2.154307e-002 
1
2
0 0 4 4 0 -1
0 2 4 2 0 2
haar_y2
-8.686138e-001 0 -1
1.041611e-001 -6.769803e-002 
1
2
1 1 3 3 0 -1
1 2 3 1 0 3
haar_y3
5.225471e-001 0 -1
-5.711876e-002 9.480542e-002 
1
2
1 1 2 3 0 -1
1 2 2 1 0 3
haar_y3
4.878613e-001 0 -1
3.399597e-002 -1.840906e-001 
1
2
1 0 4 5 0 -1
1 0 2 5 0 2
haar_x2
1.503802e+000 0 -1
-2.073626e-002 2.584404e-001 
1
2
0 0 4 5 0 -1
2 0 2 5 0 2
haar_x2
1.243168e+000 0 -1
-2.364857e-002 2.603428e-001 
1
2
2 3 2 1 0 -1
2 3 1 1 0 2
haar_x2
2.015018e-001 0 -1
1.266407e-002 -3.508497e-001 
1
2
1 3 2 1 0 -1
2 3 1 1 0 2
haar_x2
1.191772e-001 0 -1
2.142435e-002 -2.462727e-001 
1
2
2 3 3 1 0 -1
3 3 1 1 0 3
haar_x3
-8.927850e-001 0 -1
9.263996e-001 -5.030488e-003 
1
2
0 3 3 1 0 -1
1 3 1 1 0 3
haar_x3
-2.410125e-003 0 -1
6.057559e-002 -1.092406e-001 
1
2
1 0 3 3 0 -1
2 1 1 1 0 9
haar_point
2.186474e+000 0 -1
-7.866204e-003 7.820151e-001 
1
3
0 0 4 4 0 -1
0 0 2 2 0 2
2 2 2 2 0 2
haar_x2_y2
-7.727494e-001 0 -1
-3.718618e-001 1.516978e-002 
1
2
2 2 3 3 0 -1
3 3 1 1 0 9
haar_point
2.406037e+000 0 -1
-2.050084e-003 7.866557e-001 
1
2
0 2 3 3 0 -1
1 3 1 1 0 9
haar_point
-7.115002e-001 0 -1
-7.857271e-002 6.861386e-002 
1
3
3 2 2 2 0 -1
4 2 1 1 0 2
3 3 1 1 0 2
haar_x2_y2
-6.674309e-002 0 -1
3.537111e-002 -4.348977e-002 
1
3
0 2 2 2 0 -1
0 2 1 1 0 2
1 3 1 1 0 2
haar_x2_y2
-8.629289e-002 0 -1
8.965599e-002 -6.709319e-002 
1
2
3 1 2 1 0 -1
3 1 1 1 0 2
haar_x2
-3.529413e-002 0 -1
8.833795e-002 -5.203902e-002 
1
2
2 0 3 2 0 -1
2 0 3 1 0 2
tilted_haar_y2
1.046868e+000 0 -1
5.930658e-003 -8.289087e-001 
1
2
2 0 2 1 0 -1
2 0 1 1 0 2
haar_x2
6.178492e-002 0 -1
-5.053609e-002 3.795262e-002 
1
2
0 1 5 3 0 -1
0 2 5 1 0 3
haar_y3
6.788838e-001 0 -1
-4.925876e-002 1.075981e-001 
1
2
2 0 2 1 0 -1
2 0 1 1 0 2
haar_x2
-1.707595e-001 0 -1
3.473672e-001 -4.108680e-003 
1
2
1 0 2 1 0 -1
2 0 1 1 0 2
haar_x2
2.851379e-002 0 -1
-1.197676e-001 4.928133e-002 
1
2
4 1 1 4 0 -1
4 2 1 2 0 2
haar_y4
4.986320e-002 0 -1
3.131988e-002 -9.103427e-002 
1
2
1 0 1 3 0 -1
1 1 1 1 0 3
haar_y3
-1.560321e-001 0 -1
-4.454622e-001 1.086605e-002 
1
2
3 1 2 1 0 -1
3 1 1 1 0 2
haar_x2
3.715298e-001 0 -1
1.214505e-003 -9.998919e-001 
1
2
0 1 2 1 0 -1
1 1 1 1 0 2
haar_x2
-4.233261e-002 0 -1
1.092196e-001 -5.414545e-002 
1
2
2 0 3 1 0 -1
3 0 1 1 0 3
haar_x3
-2.128038e-001 0 -1
-1.193307e-001 2.816709e-002 
1
2
0 0 3 1 0 -1
1 0 1 1 0 3
haar_x3
-3.005767e-001 0 -1
-2.357320e-001 2.223030e-002 
1
2
4 0 1 3 0 -1
3 1 1 1 0 3
tilted_haar_x3
-4.188094e-001 0 -1
-8.901927e-001 2.940853e-003 
1
2
0 0 2 3 0 -1
1 0 1 3 0 2
haar_x2
-7.646587e-001 0 -1
4.694933e-001 -1.616422e-002 
1
2
4 1 1 4 0 -1
4 3 1 2 0 2
haar_y2
-4.782217e-001 0 -1
-3.839006e-001 2.142687e-002 
1
2
0 3 4 2 0 -1
1 3 2 2 0 2
haar_x4
3.831608e-001 0 -1
-1.489132e-002 4.447283e-001 
1
2
3 4 2 1 0 -1
3 4 1 1 0 2
haar_x2
-4.749202e-001 0 -1
5.756545e-001 -1.012695e-002 
1
2
0 4 2 1 0 -1
1 4 1 1 0 2
haar_x2
6.009897e-002 0 -1
3.060468e-002 -1.941597e-001 
1
2
2 4 3 1 0 -1
3 4 1 1 0 3
haar_x3
8.279410e-002 0 -1
4.008618e-002 -2.165213e-001 
1
2
0 4 3 1 0 -1
1 4 1 1 0 3
haar_x3
-1.663326e-001 0 -1
-1.952537e-001 2.569469e-002 
1
2
1 4 4 1 0 -1
1 4 2 1 0 2
haar_x2
3.869319e-001 0 -1
-1.426376e-002 2.560995e-001 
1
2
0 4 4 1 0 -1
2 4 2 1 0 2
haar_x2
3.343127e-001 0 -1
-2.089545e-002 3.715935e-001 
1
3
3 1 2 4 0 -1
4 1 1 2 0 2
3 3 1 2 0 2
haar_x2_y2
-2.805354e-001 0 -1
-2.033260e-001 3.869544e-002 
1
2
1 1 2 4 0 -1
1 2 2 2 0 2
haar_y4
4.914775e-001 0 -1
-1.849226e-002 3.563824e-001 
1
2
4 1 1 4 0 -1
4 3 1 2 0 2
haar_y2
7.804698e-002 0 -1
2.187465e-002 -1.749600e-001 
1
2
0 1 1 4 0 -1
0 3 1 2 0 2
haar_y2
-4.329194e-001 0 -1
-3.397966e-001 2.074509e-002 
1
2
0 2 5 3 0 -1
0 3 5 1 0 3
haar_y3
-1.554486e+000 0 -1
-2.873715e-001 1.506260e-002 
1
3
0 1 2 4 0 -1
0 1 1 2 0 2
1 3 1 2 0 2
haar_x2_y2
-6.387346e-001 0 -1
4.664441e-001 -9.805950e-003 
1
2
4 1 1 4 0 -1
4 3 1 2 0 2
haar_y2
-2.607230e-001 0 -1
-7.907911e-002 3.249798e-002 
1
2
0 1 1 4 0 -1
0 3 1 2 0 2
haar_y2
2.592933e-001 0 -1
1.317980e-002 -3.719885e-001 
1
2
2 2 1 2 0 -1
2 3 1 1 0 2
haar_y2
-1.065848e-001 0 -1
2.908022e-002 -1.504041e-001 
1
2
1 2 1 2 0 -1
1 3 1 1 0 2
haar_y2
2.162194e-002 0 -1
-3.040322e-002 2.150027e-001 
1
3
2 1 2 2 0 -1
3 1 1 1 0 2
2 2 1 1 0 2
haar_x2_y2
1.024633e-001 0 -1
1.756472e-002 -1.830044e-001 
1
3
1 1 2 2 0 -1
1 1 1 1 0 2
2 2 1 1 0 2
haar_x2_y2
1.332025e-001 0 -1
1.707358e-002 -3.157078e-001 
1
2
1 2 3 1 0 -1
2 2 1 1 0 3
haar_x3
4.494592e-001 0 -1
-1.632894e-002 4.222576e-001 
1
3
1 1 2 4 0 -1
1 1 1 2 0 2
2 3 1 2 0 2
haar_x2_y2
-4.695350e-001 0 -1
-4.489935e-001 1.480253e-002 
1
2
2 4 2 1 0 -1
2 4 1 1 0 2
haar_x2
-1.683293e-001 0 -1
-3.394575e-001 9.014288e-003 
1
2
1 4 2 1 0 -1
2 4 1 1 0 2
haar_x2
-3.538068e-001 0 -1
8.738010e-001 -9.256571e-003 
1
2
1 0 3 3 0 -1
2 1 1 1 0 9
haar_point
2.191619e-001 0 -1
1.146787e-001 -3.750651e-002 
1
2
1 0 2 2 0 -1
2 0 1 2 0 2
haar_x2
5.174322e-001 0 -1
-1.351333e-002 4.137445e-001 
1
2
1 1 3 3 0 -1
2 1 1 3 0 3
haar_x3
-4.393564e-001 0 -1
-5.250740e-001 9.750287e-003 
1
2
1 0 3 5 0 -1
2 0 1 5 0 3
haar_x3
-2.973424e-001 0 -1
2.321382e-001 -1.837410e-002 
1
2
1 0 3 1 0 -1
2 0 1 1 0 3
haar_x3
-4.089566e-002 0 -1
-2.986149e-001 1.783510e-002 
1
2
1 1 2 3 0 -1
2 1 1 3 0 2
haar_x2
5.528842e-001 0 -1
8.381038e-003 -4.570145e-001 
1
2
1 3 4 1 0 -1
1 3 2 1 0 2
haar_x2
1.662433e-002 0 -1
5.466576e-002 -1.080383e-001 
1
2
2 1 2 2 0 -1
2 1 2 1 0 2
tilted_haar_y2
5.618618e-001 0 -1
-2.516719e-002 1.742802e-001 
1
2
1 2 4 2 0 -1
1 2 2 2 0 2
haar_x2
1.075302e+000 0 -1
5.058714e-003 -1.000358e+000 
1
2
0 2 4 2 0 -1
2 2 2 2 0 2
haar_x2
2.760515e-001 0 -1
3.165548e-002 -1.559666e-001 
1
2
3 1 2 2 0 -1
3 1 2 1 0 2
tilted_haar_x2
-4.863009e-001 0 -1
5.863119e-001 -4.883104e-003 
1
2
1 2 2 1 0 -1
2 2 1 1 0 2
haar_x2
1.101900e-002 0 -1
-1.079530e-001 5.671334e-002 
1
2
1 0 4 1 0 -1
2 0 2 1 0 2
haar_x4
2.850900e-001 0 -1
-3.083655e-002 2.705158e-001 
1
2
2 0 1 2 0 -1
2 1 1 1 0 2
haar_y2
-2.501700e-002 0 -1
-1.356928e-001 3.436441e-002 
1
2
1 1 3 2 0 -1
2 1 1 2 0 3
haar_x3
-6.636108e-003 0 -1
1.493600e-001 -3.570032e-002 
1
2
1 1 2 1 0 -1
1 1 1 1 0 2
tilted_haar_x2
-8.064780e-002 0 -1
-2.204597e-001 1.941817e-002 
1
2
4 2 1 2 0 -1
4 2 1 1 0 2
tilted_haar_x2
-4.976593e-001 0 -1
-7.415148e-001 2.931124e-003 
1
2
1 2 2 1 0 -1
1 2 1 1 0 2
tilted_haar_x2
1.356336e-001 0 -1
7.506994e-002 -7.680955e-002 
1
2
2 1 1 4 0 -1
2 2 1 2 0 2
haar_y4
1.576869e-001 0 -1
-2.235788e-002 1.893152e-001 
1
2
0 0 4 1 0 -1
1 0 2 1 0 2
haar_x4
4.035979e-001 0 -1
-1.221833e-002 3.491443e-001 
1
2
3 3 2 1 0 -1
3 3 1 1 0 2
haar_x2
-6.634932e-001 0 -1
5.529482e-001 -3.841900e-003 
1
2
0 1 1 4 0 -1
0 2 1 2 0 2
haar_y4
1.829118e-001 0 -1
1.856650e-002 -2.243119e-001 
1
2
3 3 2 1 0 -1
3 3 1 1 0 2
haar_x2
-2.205089e-002 0 -1
2.908457e-002 -6.221125e-002 
1
2
1 2 3 3 0 -1
1 3 3 1 0 3
haar_y3
9.433634e-001 0 -1
-6.724249e-003 6.405932e-001 
1
2
3 3 2 1 0 -1
3 3 1 1 0 2
haar_x2
-1.815395e-001 0 -1
-1.155292e-001 1.536173e-002 
1
2
0 3 2 1 0 -1
1 3 1 1 0 2
haar_x2
-6.373215e-002 0 -1
7.119954e-002 -6.866249e-002 
1
2
1 2 4 2 0 -1
2 2 2 2 0 2
haar_x4
-1.331057e-001 0 -1
7.266290e-002 -3.237946e-002 
1
2
0 2 4 2 0 -1
1 2 2 2 0 2
haar_x4
-2.200788e-001 0 -1
-1.600979e-001 3.364969e-002 
1
2
2 0 3 3 0 -1
3 1 1 1 0 9
haar_point
-1.285972e+000 0 -1
2.613997e-001 -9.696766e-003 
1
2
0 0 3 3 0 -1
1 1 1 1 0 9
haar_point
-6.785836e-003 0 -1
7.310484e-002 -6.671735e-002 
1
3
2 1 2 2 0 -1
3 1 1 1 0 2
2 2 1 1 0 2
haar_x2_y2
-4.311615e-002 0 -1
-8.736170e-002 3.731557e-002 
1
2
0 0 2 1 0 -1
1 0 1 1 0 2
haar_x2
2.064986e-002 0 -1
-6.285503e-002 7.773358e-002 
1
2
4 0 1 2 0 -1
4 1 1 1 0 2
haar_y2
-2.381844e-001 0 -1
4.873144e-001 -8.003062e-003 
1
2
0 4 3 1 0 -1
1 4 1 1 0 3
haar_x3
1.788850e-001 0 -1
1.434118e-002 -3.457106e-001 
1
2
4 0 1 2 0 -1
4 1 1 1 0 2
haar_y2
-8.420233e-002 0 -1
-1.469423e-001 1.301662e-002 
1
2
0 0 1 2 0 -1
0 1 1 1 0 2
haar_y2
-4.365148e-003 0 -1
9.950809e-002 -4.697252e-002 
1
2
3 0 1 3 0 -1
3 1 1 1 0 3
haar_y3
-2.217758e-001 0 -1
-6.049638e-001 7.461141e-003 
1
2
2 1 2 2 0 -1
2 1 2 1 0 2
tilted_haar_y2
2.656752e-002 0 -1
1.151855e-001 -4.268971e-002 
1
2
4 1 1 4 0 -1
4 3 1 2 0 2
haar_y2
-5.651978e-001 0 -1
-3.900697e-001 7.495893e-003 
1
2
0 1 1 4 0 -1
0 3 1 2 0 2
haar_y2
-7.145259e-002 0 -1
5.533846e-002 -1.291086e-001 
1
3
2 3 2 2 0 -1
3 3 1 1 0 2
2 4 1 1 0 2
haar_x2_y2
-2.202353e-001 0 -1
-4.479826e-001 1.060273e-002 
1
3
1 3 2 2 0 -1
1 3 1 1 0 2
2 4 1 1 0 2
haar_x2_y2
1.878767e-001 0 -1
1.359631e-002 -3.314723e-001 
1
2
2 1 3 3 0 -1
3 2 1 1 0 9
haar_point
1.675835e+000 0 -1
-1.464152e-002 7.238646e-001 
1
2
0 1 3 3 0 -1
1 2 1 1 0 9
haar_point
1.333606e+000 0 -1
-1.212026e-002 3.727569e-001 
1
2
3 0 1 3 0 -1
3 1 1 1 0 3
haar_y3
5.247731e-001 0 -1
1.810563e-003 -9.997681e-001 
1
2
1 0 1 3 0 -1
1 1 1 1 0 3
haar_y3
-5.049475e-002 0 -1
-1.899230e-001 2.706809e-002 
-1.048487e+000

10
-1
