13
1
2
3 1 8 4 0 -1
3 2 8 2 0 2
haar_y4
-2.261190e-001 0 -1
8.211665e-001 -2.548840e-001 
1
3
8 3 4 4 0 -1
10 3 2 2 0 2
8 5 2 2 0 2
haar_x2_y2
-1.448006e-002 0 -1
4.359529e-001 -3.891673e-001 
1
2
3 2 1 6 0 -1
3 5 1 3 0 2
haar_y2
1.225563e-002 0 -1
-5.506582e-001 2.451501e-001 
1
2
4 0 7 4 0 -1
4 1 7 2 0 2
haar_y4
1.289851e-001 0 -1
-2.133322e-001 6.304179e-001 
1
2
0 0 4 2 0 -1
0 1 4 1 0 2
haar_y2
-4.887335e-004 0 -1
3.256347e-001 -4.694916e-001 
1
2
8 6 3 2 0 -1
9 6 1 2 0 3
haar_x3
1.971227e-002 0 -1
6.206995e-002 -9.678268e-001 
1
2
3 2 8 2 0 -1
3 3 8 1 0 2
haar_y2
1.265460e-001 0 -1
-1.555781e-001 6.750015e-001 
1
2
3 4 9 3 0 -1
6 5 3 1 0 9
haar_point
2.596408e-001 0 -1
-1.338265e-001 7.135327e-001 
1
3
0 2 4 6 0 -1
0 2 2 3 0 2
2 5 2 3 0 2
haar_x2_y2
3.739225e-002 0 -1
-2.291806e-001 3.645808e-001 
1
2
4 3 7 2 0 -1
4 4 7 1 0 2
haar_y2
1.101689e-001 0 -1
-1.920562e-001 4.995435e-001 
1
2
4 5 3 3 0 -1
5 5 1 3 0 3
haar_x3
2.420342e-002 0 -1
1.105351e-001 -9.463335e-001 
1
3
10 6 4 2 0 -1
12 6 2 1 0 2
10 7 2 1 0 2
haar_x2_y2
6.295890e-004 0 -1
-2.998757e-001 2.327422e-001 
1
2
0 5 4 3 0 -1
0 6 4 1 0 3
haar_y3
-3.370928e-002 0 -1
-8.908941e-001 8.922512e-002 
-1.237333e+000

2
-1
