9
1
2
5 4 1 4 0 -1
4 5 1 2 0 2
tilted_haar_y4
-5.876315e-002 0 -1
5.480558e-001 -4.387657e-001 
1
2
2 0 6 3 0 -1
4 0 2 3 0 3
haar_x3
5.117164e-002 0 -1
-6.512455e-001 3.023182e-001 
1
2
2 2 6 6 0 -1
2 5 6 3 0 2
haar_y2
-3.958570e-001 0 -1
3.829992e-001 -4.794261e-001 
1
2
4 0 2 2 0 -1
4 1 2 1 0 2
haar_y2
1.149179e-002 0 -1
1.919877e-001 -8.588441e-001 
1
2
4 0 2 3 0 -1
4 1 2 1 0 3
haar_y3
-1.398071e-002 0 -1
-8.917935e-001 1.677701e-001 
1
2
6 2 4 2 0 -1
7 2 2 2 0 2
haar_x4
-1.162802e-003 0 -1
2.166055e-001 -5.111051e-001 
1
2
0 2 4 2 0 -1
1 2 2 2 0 2
haar_x4
-1.599633e-003 0 -1
2.067748e-001 -5.463968e-001 
1
2
2 4 6 4 0 -1
2 6 6 2 0 2
haar_y2
-2.807594e-001 0 -1
4.312671e-001 -2.794911e-001 
1
2
2 4 6 4 0 -1
2 5 6 2 0 2
haar_y4
-1.988143e-001 0 -1
6.780970e-001 -1.822978e-001 
-1.290501e+000

3
-1
