10
1
2
3 3 8 2 0 -1
3 4 8 1 0 2
haar_y2
9.586309e-002 0 -1
-4.033040e-001 8.438362e-001 
1
2
11 0 2 4 0 -1
11 2 2 2 0 2
haar_y2
-3.542569e-002 0 -1
5.968090e-001 -3.956060e-001 
1
2
0 0 1 2 0 -1
0 1 1 1 0 2
haar_y2
-2.929675e-004 0 -1
4.190438e-001 -4.061562e-001 
1
2
12 2 1 6 0 -1
12 5 1 3 0 2
haar_y2
2.469256e-003 0 -1
-5.861587e-001 1.635762e-001 
1
2
0 3 8 1 0 -1
2 3 4 1 0 2
haar_x4
-1.228164e-002 0 -1
4.364777e-001 -3.195951e-001 
1
2
5 0 6 4 0 -1
5 1 6 2 0 2
haar_y4
9.180291e-002 0 -1
-1.699905e-001 7.375244e-001 
1
2
3 2 6 4 0 -1
3 3 6 2 0 2
haar_y4
6.291135e-002 0 -1
-2.789977e-001 7.061356e-001 
1
2
8 6 3 2 0 -1
9 6 1 2 0 3
haar_x3
-1.071619e-002 0 -1
-7.275340e-001 1.638878e-001 
1
2
6 4 3 2 0 -1
6 5 3 1 0 2
haar_y2
4.668821e-002 0 -1
-1.948975e-001 8.227758e-001 
1
2
9 7 3 1 0 -1
10 7 1 1 0 3
haar_x3
-1.030078e-002 0 -1
-8.685648e-001 1.549027e-001 
-1.450782e+000

3
-1
