14
1
3
2 4 6 2 0 -1
2 4 3 1 0 2
5 5 3 1 0 2
haar_x2_y2
-1.820191e-002 0 -1
4.277908e-001 -3.499490e-001 
1
2
4 2 8 3 0 -1
4 3 8 1 0 3
haar_y3
-2.311493e-001 0 -1
6.463481e-001 -1.911614e-001 
1
2
1 5 4 3 0 -1
1 6 4 1 0 3
haar_y3
3.726022e-002 0 -1
1.670472e-001 -7.385082e-001 
1
2
7 0 8 4 0 -1
9 0 4 4 0 2
haar_x4
-2.180901e-002 0 -1
2.643692e-001 -2.772145e-001 
1
2
3 2 4 2 0 -1
3 2 2 2 0 2
tilted_haar_x2
-9.159461e-003 0 -1
1.742015e-001 -5.285159e-001 
1
2
14 1 1 3 0 -1
14 2 1 1 0 3
haar_y3
9.593717e-003 0 -1
1.153903e-001 -6.391318e-001 
1
2
0 1 1 3 0 -1
0 2 1 1 0 3
haar_y3
8.990271e-003 0 -1
9.647339e-002 -6.947892e-001 
1
3
1 1 14 6 0 -1
8 1 7 3 0 2
1 4 7 3 0 2
haar_x2_y2
2.320287e-001 0 -1
7.042354e-002 -7.627164e-001 
1
2
0 1 9 5 0 -1
3 1 3 5 0 3
haar_x3
-3.096728e-002 0 -1
2.407997e-001 -3.607813e-001 
1
2
6 5 4 3 0 -1
6 6 4 1 0 3
haar_y3
-2.217353e-002 0 -1
2.528092e-001 -2.086300e-001 
1
2
3 3 6 5 0 -1
5 3 2 5 0 3
haar_x3
8.187804e-002 0 -1
1.010581e-001 -8.328170e-001 
1
2
7 4 2 2 0 -1
7 4 1 2 0 2
haar_x2
-1.239149e-002 0 -1
-8.404750e-001 5.882699e-002 
1
2
6 3 3 5 0 -1
7 3 1 5 0 3
haar_x3
1.344392e-002 0 -1
1.062992e-001 -6.206498e-001 
1
2
3 0 10 1 0 -1
3 0 5 1 0 2
haar_x2
3.648699e-002 0 -1
1.387488e-001 -6.415215e-001 
-1.086216e+000

3
-1
