246
1
2
0 3 3 1 0 -1
1 3 1 1 0 3
haar_x3
6.167385e-002 0 -1
-1.522085e-001 2.654997e-001 
1
2
3 3 3 1 0 -1
4 3 1 1 0 3
haar_x3
8.765833e-002 0 -1
-8.188484e-002 2.686641e-001 
1
2
2 2 3 4 0 -1
2 4 3 2 0 2
haar_y2
5.145772e-001 0 -1
-1.903477e-001 9.990118e-002 
1
3
2 0 4 6 0 -1
2 0 2 3 0 2
4 3 2 3 0 2
haar_x2_y2
-2.200405e-001 0 -1
-2.937422e-001 5.398456e-002 
1
3
2 0 4 6 0 -1
2 0 2 3 0 2
4 3 2 3 0 2
haar_x2_y2
-2.226959e-001 0 -1
4.592569e-001 -3.358229e-004 
1
3
2 0 4 6 0 -1
2 0 2 3 0 2
4 3 2 3 0 2
haar_x2_y2
-2.236361e-001 0 -1
-4.360789e-001 7.202128e-005 
1
3
2 0 4 6 0 -1
2 0 2 3 0 2
4 3 2 3 0 2
haar_x2_y2
-2.264738e-001 0 -1
4.410944e-001 -1.963004e-004 
1
3
2 0 4 6 0 -1
2 0 2 3 0 2
4 3 2 3 0 2
haar_x2_y2
-2.381459e-001 0 -1
-4.552045e-001 -2.079111e-003 
1
3
2 0 4 6 0 -1
2 0 2 3 0 2
4 3 2 3 0 2
haar_x2_y2
-2.414802e-001 0 -1
4.418525e-001 -5.727402e-004 
1
3
2 0 4 6 0 -1
2 0 2 3 0 2
4 3 2 3 0 2
haar_x2_y2
-2.449899e-001 0 -1
-4.472597e-001 -2.146185e-004 
1
3
2 0 4 6 0 -1
2 0 2 3 0 2
4 3 2 3 0 2
haar_x2_y2
-2.512994e-001 0 -1
4.431005e-001 3.114529e-005 
1
3
2 0 4 6 0 -1
2 0 2 3 0 2
4 3 2 3 0 2
haar_x2_y2
-2.468270e-001 0 -1
-4.348910e-001 8.733628e-004 
1
3
2 0 4 6 0 -1
2 0 2 3 0 2
4 3 2 3 0 2
haar_x2_y2
-2.442928e-001 0 -1
4.417031e-001 -1.555272e-003 
1
3
2 0 4 6 0 -1
2 0 2 3 0 2
4 3 2 3 0 2
haar_x2_y2
-2.418362e-001 0 -1
-4.350682e-001 1.370065e-003 
1
3
2 0 4 6 0 -1
2 0 2 3 0 2
4 3 2 3 0 2
haar_x2_y2
-2.414802e-001 0 -1
4.401678e-001 -5.052592e-004 
1
3
2 0 4 6 0 -1
2 0 2 3 0 2
4 3 2 3 0 2
haar_x2_y2
-2.383723e-001 0 -1
-4.383434e-001 5.763504e-004 
1
3
2 0 4 6 0 -1
2 0 2 3 0 2
4 3 2 3 0 2
haar_x2_y2
-2.370775e-001 0 -1
4.404895e-001 -1.172635e-003 
1
3
2 0 4 6 0 -1
2 0 2 3 0 2
4 3 2 3 0 2
haar_x2_y2
-2.245917e-001 0 -1
-4.260623e-001 3.670041e-003 
1
3
2 0 4 6 0 -1
2 0 2 3 0 2
4 3 2 3 0 2
haar_x2_y2
-2.235556e-001 0 -1
4.339776e-001 -4.581334e-004 
1
2
3 0 1 4 0 -1
3 2 1 2 0 2
haar_y2
3.338735e-001 0 -1
-6.828473e-002 -1.509539e+003 
1
3
2 0 4 6 0 -1
2 0 2 3 0 2
4 3 2 3 0 2
haar_x2_y2
-2.202107e-001 0 -1
-3.734201e-001 6.872436e-002 
1
3
2 0 4 6 0 -1
2 0 2 3 0 2
4 3 2 3 0 2
haar_x2_y2
-2.179232e-001 0 -1
4.425372e-001 -1.089842e-003 
1
3
2 0 4 6 0 -1
2 0 2 3 0 2
4 3 2 3 0 2
haar_x2_y2
-2.129045e-001 0 -1
-4.260209e-001 2.608744e-003 
1
3
2 0 4 6 0 -1
2 0 2 3 0 2
4 3 2 3 0 2
haar_x2_y2
-2.115789e-001 0 -1
4.026966e-001 -1.084467e-003 
1
3
2 0 4 6 0 -1
2 0 2 3 0 2
4 3 2 3 0 2
haar_x2_y2
-2.186641e-001 0 -1
-4.118607e-001 -1.101993e-003 
1
3
2 0 4 6 0 -1
2 0 2 3 0 2
4 3 2 3 0 2
haar_x2_y2
-2.197770e-001 0 -1
4.149379e-001 -5.263932e-004 
1
3
2 0 4 6 0 -1
2 0 2 3 0 2
4 3 2 3 0 2
haar_x2_y2
-2.200405e-001 0 -1
-4.147609e-001 3.472595e-004 
1
3
2 0 4 6 0 -1
2 0 2 3 0 2
4 3 2 3 0 2
haar_x2_y2
-2.328603e-001 0 -1
4.279358e-001 1.006346e-003 
1
3
2 0 4 6 0 -1
2 0 2 3 0 2
4 3 2 3 0 2
haar_x2_y2
-2.377265e-001 0 -1
-4.405710e-001 1.926561e-003 
1
2
0 4 2 2 0 -1
1 4 1 2 0 2
haar_x2
5.474600e-001 0 -1
4.116177e-002 -5.038557e+002 
1
3
2 0 4 6 0 -1
2 0 2 3 0 2
4 3 2 3 0 2
haar_x2_y2
-2.380958e-001 0 -1
4.054141e-001 -4.285059e-002 
1
3
2 0 4 6 0 -1
2 0 2 3 0 2
4 3 2 3 0 2
haar_x2_y2
-2.381459e-001 0 -1
-4.460489e-001 1.676657e-003 
1
3
2 0 4 6 0 -1
2 0 2 3 0 2
4 3 2 3 0 2
haar_x2_y2
-2.197770e-001 0 -1
4.195929e-001 -3.265395e-003 
1
3
2 0 4 6 0 -1
2 0 2 3 0 2
4 3 2 3 0 2
haar_x2_y2
-2.186641e-001 0 -1
-4.221908e-001 5.246958e-004 
1
3
2 0 4 6 0 -1
2 0 2 3 0 2
4 3 2 3 0 2
haar_x2_y2
-2.179232e-001 0 -1
4.213463e-001 -5.703422e-004 
1
3
2 0 4 6 0 -1
2 0 2 3 0 2
4 3 2 3 0 2
haar_x2_y2
-2.129045e-001 0 -1
-4.166790e-001 1.818125e-003 
1
3
2 0 4 6 0 -1
2 0 2 3 0 2
4 3 2 3 0 2
haar_x2_y2
-2.141499e-001 0 -1
4.046360e-001 -1.913190e-004 
1
3
2 0 4 6 0 -1
2 0 2 3 0 2
4 3 2 3 0 2
haar_x2_y2
-2.159497e-001 0 -1
-4.091220e-001 2.049394e-004 
1
3
2 0 4 6 0 -1
2 0 2 3 0 2
4 3 2 3 0 2
haar_x2_y2
-2.158602e-001 0 -1
4.215649e-001 -5.515786e-004 
1
3
2 0 4 6 0 -1
2 0 2 3 0 2
4 3 2 3 0 2
haar_x2_y2
-2.159497e-001 0 -1
-4.201921e-001 3.600507e-004 
1
3
2 0 4 6 0 -1
2 0 2 3 0 2
4 3 2 3 0 2
haar_x2_y2
-2.171888e-001 0 -1
4.209250e-001 -2.622618e-004 
1
3
2 0 4 6 0 -1
2 0 2 3 0 2
4 3 2 3 0 2
haar_x2_y2
-2.180187e-001 0 -1
-4.224670e-001 1.111867e-004 
1
3
2 0 4 6 0 -1
2 0 2 3 0 2
4 3 2 3 0 2
haar_x2_y2
-2.184567e-001 0 -1
4.228687e-001 -3.734929e-004 
1
3
2 0 4 6 0 -1
2 0 2 3 0 2
4 3 2 3 0 2
haar_x2_y2
-2.180187e-001 0 -1
-4.222041e-001 3.730947e-004 
1
3
2 0 4 6 0 -1
2 0 2 3 0 2
4 3 2 3 0 2
haar_x2_y2
-2.179232e-001 0 -1
4.225204e-001 -3.966254e-004 
1
3
2 0 4 6 0 -1
2 0 2 3 0 2
4 3 2 3 0 2
haar_x2_y2
-2.180187e-001 0 -1
-4.224640e-001 2.599796e-004 
1
3
2 0 4 6 0 -1
2 0 2 3 0 2
4 3 2 3 0 2
haar_x2_y2
-2.179232e-001 0 -1
4.218134e-001 -2.571717e-004 
1
3
2 0 4 6 0 -1
2 0 2 3 0 2
4 3 2 3 0 2
haar_x2_y2
-2.175463e-001 0 -1
-4.218534e-001 3.951089e-004 
1
3
2 0 4 6 0 -1
2 0 2 3 0 2
4 3 2 3 0 2
haar_x2_y2
-2.173644e-001 0 -1
4.217574e-001 -3.757318e-004 
1
3
2 0 4 6 0 -1
2 0 2 3 0 2
4 3 2 3 0 2
haar_x2_y2
-2.161687e-001 0 -1
-4.217781e-001 5.256484e-004 
1
3
2 0 4 6 0 -1
2 0 2 3 0 2
4 3 2 3 0 2
haar_x2_y2
-2.158602e-001 0 -1
4.211116e-001 -3.568993e-004 
1
3
2 0 4 6 0 -1
2 0 2 3 0 2
4 3 2 3 0 2
haar_x2_y2
-2.143430e-001 0 -1
-4.197400e-001 6.015458e-004 
1
3
2 0 4 6 0 -1
2 0 2 3 0 2
4 3 2 3 0 2
haar_x2_y2
-2.380958e-001 0 -1
4.383556e-001 3.015164e-003 
1
3
2 0 4 6 0 -1
2 0 2 3 0 2
4 3 2 3 0 2
haar_x2_y2
-2.377265e-001 0 -1
-4.388450e-001 1.833628e-003 
1
3
2 0 4 6 0 -1
2 0 2 3 0 2
4 3 2 3 0 2
haar_x2_y2
-2.376252e-001 0 -1
4.395729e-001 -1.818837e-003 
1
3
2 0 4 6 0 -1
2 0 2 3 0 2
4 3 2 3 0 2
haar_x2_y2
-2.377265e-001 0 -1
-4.394325e-001 1.714386e-003 
1
3
2 0 4 6 0 -1
2 0 2 3 0 2
4 3 2 3 0 2
haar_x2_y2
-2.376252e-001 0 -1
4.388965e-001 -1.711967e-003 
1
3
2 0 4 6 0 -1
2 0 2 3 0 2
4 3 2 3 0 2
haar_x2_y2
-2.374788e-001 0 -1
-4.387430e-001 1.755534e-003 
1
3
2 0 4 6 0 -1
2 0 2 3 0 2
4 3 2 3 0 2
haar_x2_y2
-2.370775e-001 0 -1
4.377291e-001 -1.911583e-003 
1
3
2 0 4 6 0 -1
2 0 2 3 0 2
4 3 2 3 0 2
haar_x2_y2
-2.364993e-001 0 -1
-4.377935e-001 2.140117e-003 
1
3
2 0 4 6 0 -1
2 0 2 3 0 2
4 3 2 3 0 2
haar_x2_y2
-2.142721e-001 0 -1
4.132387e-001 -5.422787e-003 
1
3
2 0 4 6 0 -1
2 0 2 3 0 2
4 3 2 3 0 2
haar_x2_y2
-2.143430e-001 0 -1
-4.130938e-001 2.696742e-004 
1
3
2 0 4 6 0 -1
2 0 2 3 0 2
4 3 2 3 0 2
haar_x2_y2
-2.142721e-001 0 -1
4.124577e-001 -2.704839e-004 
1
3
2 0 4 6 0 -1
2 0 2 3 0 2
4 3 2 3 0 2
haar_x2_y2
-2.131088e-001 0 -1
-4.123092e-001 3.416541e-004 
1
3
2 0 4 6 0 -1
2 0 2 3 0 2
4 3 2 3 0 2
haar_x2_y2
-2.128662e-001 0 -1
4.131647e-001 -1.724859e-004 
1
3
2 0 4 6 0 -1
2 0 2 3 0 2
4 3 2 3 0 2
haar_x2_y2
-2.125984e-001 0 -1
-4.125469e-001 2.991419e-004 
1
3
2 0 4 6 0 -1
2 0 2 3 0 2
4 3 2 3 0 2
haar_x2_y2
-2.127332e-001 0 -1
4.129678e-001 -2.336094e-004 
1
3
2 0 4 6 0 -1
2 0 2 3 0 2
4 3 2 3 0 2
haar_x2_y2
-2.127649e-001 0 -1
-4.134987e-001 3.341105e-004 
1
3
2 0 4 6 0 -1
2 0 2 3 0 2
4 3 2 3 0 2
haar_x2_y2
-2.127332e-001 0 -1
4.128421e-001 -3.364463e-004 
1
3
2 0 4 6 0 -1
2 0 2 3 0 2
4 3 2 3 0 2
haar_x2_y2
-2.127649e-001 0 -1
-4.129542e-001 2.600528e-004 
1
3
2 0 4 6 0 -1
2 0 2 3 0 2
4 3 2 3 0 2
haar_x2_y2
-2.128662e-001 0 -1
4.131856e-001 -2.201944e-004 
1
3
2 0 4 6 0 -1
2 0 2 3 0 2
4 3 2 3 0 2
haar_x2_y2
-2.129045e-001 0 -1
-4.134402e-001 2.636016e-004 
1
3
2 0 4 6 0 -1
2 0 2 3 0 2
4 3 2 3 0 2
haar_x2_y2
-2.128662e-001 0 -1
4.131157e-001 -2.641176e-004 
1
3
2 0 4 6 0 -1
2 0 2 3 0 2
4 3 2 3 0 2
haar_x2_y2
-2.129045e-001 0 -1
-4.131711e-001 2.235084e-004 
1
3
2 0 4 6 0 -1
2 0 2 3 0 2
4 3 2 3 0 2
haar_x2_y2
-2.128662e-001 0 -1
4.129759e-001 -2.245794e-004 
1
3
2 0 4 6 0 -1
2 0 2 3 0 2
4 3 2 3 0 2
haar_x2_y2
-2.127649e-001 0 -1
-4.132121e-001 2.206512e-004 
1
3
2 0 4 6 0 -1
2 0 2 3 0 2
4 3 2 3 0 2
haar_x2_y2
-2.127332e-001 0 -1
4.139041e-001 -2.548077e-004 
1
3
2 0 4 6 0 -1
2 0 2 3 0 2
4 3 2 3 0 2
haar_x2_y2
-2.127649e-001 0 -1
-4.137858e-001 2.024714e-004 
1
3
2 0 4 6 0 -1
2 0 2 3 0 2
4 3 2 3 0 2
haar_x2_y2
-2.127332e-001 0 -1
4.135580e-001 -2.021908e-004 
1
3
2 0 4 6 0 -1
2 0 2 3 0 2
4 3 2 3 0 2
haar_x2_y2
-2.126544e-001 0 -1
-4.135178e-001 2.367142e-004 
1
3
2 0 4 6 0 -1
2 0 2 3 0 2
4 3 2 3 0 2
haar_x2_y2
-2.125798e-001 0 -1
4.141988e-001 -2.649958e-004 
1
3
2 0 4 6 0 -1
2 0 2 3 0 2
4 3 2 3 0 2
haar_x2_y2
-2.120522e-001 0 -1
-4.142404e-001 3.904334e-004 
1
3
2 0 4 6 0 -1
2 0 2 3 0 2
4 3 2 3 0 2
haar_x2_y2
-2.125798e-001 0 -1
4.142332e-001 -2.582019e-004 
1
3
2 0 4 6 0 -1
2 0 2 3 0 2
4 3 2 3 0 2
haar_x2_y2
-2.125984e-001 0 -1
-4.143053e-001 2.266181e-004 
1
3
2 0 4 6 0 -1
2 0 2 3 0 2
4 3 2 3 0 2
haar_x2_y2
-2.125798e-001 0 -1
4.138674e-001 -2.261594e-004 
1
3
2 0 4 6 0 -1
2 0 2 3 0 2
4 3 2 3 0 2
haar_x2_y2
-2.121376e-001 0 -1
-4.137451e-001 2.624430e-004 
1
3
2 0 4 6 0 -1
2 0 2 3 0 2
4 3 2 3 0 2
haar_x2_y2
-2.115789e-001 0 -1
4.137801e-001 -4.087976e-004 
1
3
2 0 4 6 0 -1
2 0 2 3 0 2
4 3 2 3 0 2
haar_x2_y2
-2.097847e-001 0 -1
-4.117815e-001 8.371916e-004 
1
3
2 0 4 6 0 -1
2 0 2 3 0 2
4 3 2 3 0 2
haar_x2_y2
-2.092958e-001 0 -1
4.072792e-001 -9.260332e-004 
1
3
2 0 4 6 0 -1
2 0 2 3 0 2
4 3 2 3 0 2
haar_x2_y2
-1.913755e-001 0 -1
-3.901862e-001 5.104618e-003 
1
2
3 5 3 1 0 -1
4 5 1 1 0 3
haar_x3
4.696327e-002 0 -1
4.563945e-002 -4.205199e-001 
1
2
0 0 3 2 0 -1
1 0 1 2 0 3
haar_x3
4.595288e-002 0 -1
6.743575e-002 -2.478347e-001 
1
2
4 4 1 2 0 -1
4 5 1 1 0 2
haar_y2
1.617825e-003 0 -1
-1.708311e-001 8.014264e-002 
1
2
0 0 5 3 0 -1
0 1 5 1 0 3
haar_y3
2.716359e-001 0 -1
-9.157264e-002 1.408584e-001 
1
2
4 1 1 2 0 -1
4 2 1 1 0 2
haar_y2
9.898272e-004 0 -1
-7.639977e-002 2.105870e-001 
1
2
2 0 3 2 0 -1
3 0 1 2 0 3
haar_x3
8.063552e-002 0 -1
2.949581e-002 -4.594010e-001 
1
2
0 1 6 3 0 -1
0 2 6 1 0 3
haar_y3
-6.404694e-001 0 -1
1.941976e-001 -6.996807e-002 
1
2
0 3 2 1 0 -1
1 3 1 1 0 2
haar_x2
-1.590118e-001 0 -1
5.333821e-001 -2.359396e-002 
1
3
4 3 2 2 0 -1
4 3 1 1 0 2
5 4 1 1 0 2
haar_x2_y2
-7.969997e-002 0 -1
3.212862e-001 -3.727897e-002 
1
2
2 0 3 1 0 -1
3 0 1 1 0 3
haar_x3
-2.166579e-002 0 -1
-2.080707e-001 5.629119e-002 
1
2
2 5 3 1 0 -1
3 5 1 1 0 3
haar_x3
4.974187e-002 0 -1
2.194968e-002 -6.110446e-001 
1
2
4 3 2 1 0 -1
5 3 1 1 0 2
haar_x2
-1.576106e-003 0 -1
1.333486e-001 -8.340770e-002 
1
2
4 1 2 1 0 -1
5 1 1 1 0 2
haar_x2
-4.039769e-002 0 -1
-4.168580e-001 2.531715e-002 
1
2
2 2 3 2 0 -1
3 2 1 2 0 3
haar_x3
-1.421831e-001 0 -1
1.330138e-001 -7.536808e-002 
1
2
1 1 3 1 0 -1
2 1 1 1 0 3
haar_x3
5.056624e-002 0 -1
3.105486e-002 -3.466075e-001 
1
2
0 5 3 1 0 -1
1 5 1 1 0 3
haar_x3
2.076947e-002 0 -1
4.778952e-002 -2.048514e-001 
1
2
3 1 2 1 0 -1
3 1 1 1 0 2
tilted_haar_x2
-2.024686e-001 0 -1
6.787556e-001 -1.481018e-002 
1
2
0 1 2 2 0 -1
1 1 1 2 0 2
haar_x2
-6.441610e-002 0 -1
-1.522692e-001 6.820264e-002 
1
2
0 2 3 4 0 -1
0 3 3 2 0 2
haar_y4
2.075554e-001 0 -1
3.897316e-002 -2.490580e-001 
1
2
1 2 1 2 0 -1
1 3 1 1 0 2
haar_y2
1.770923e-003 0 -1
-1.915403e-001 6.641560e-002 
1
3
0 3 2 2 0 -1
0 3 1 1 0 2
1 4 1 1 0 2
haar_x2_y2
5.818273e-002 0 -1
-4.441722e-002 2.589317e-001 
1
2
1 5 3 1 0 -1
2 5 1 1 0 3
haar_x3
3.612982e-002 0 -1
2.390079e-002 -3.826192e-001 
1
2
3 5 3 1 0 -1
4 5 1 1 0 3
haar_x3
-1.571572e-003 0 -1
1.072685e-001 -9.983285e-002 
1
2
3 0 2 3 0 -1
3 1 2 1 0 3
haar_y3
1.497595e-001 0 -1
-6.481223e-002 1.409308e-001 
1
2
4 2 1 2 0 -1
4 3 1 1 0 2
haar_y2
1.407692e-001 0 -1
1.682256e-002 -5.424252e-001 
1
2
2 5 3 1 0 -1
3 5 1 1 0 3
haar_x3
1.510195e-002 0 -1
4.480256e-002 -1.939638e-001 
1
2
0 3 6 3 0 -1
2 3 2 3 0 3
haar_x3
2.342153e-001 0 -1
-2.222957e-002 4.260065e-001 
1
2
0 2 6 2 0 -1
2 2 2 2 0 3
haar_x3
-1.644277e-001 0 -1
5.036013e-002 -2.018070e-001 
1
2
4 1 1 3 0 -1
3 2 1 1 0 3
tilted_haar_y3
1.948146e-001 0 -1
-2.052764e-002 5.370195e-001 
1
3
0 2 2 2 0 -1
0 2 1 1 0 2
1 3 1 1 0 2
haar_x2_y2
4.026081e-002 0 -1
-6.094372e-002 1.573819e-001 
1
2
1 0 4 3 0 -1
1 1 4 1 0 3
haar_y3
-4.490974e-001 0 -1
3.966410e-001 -2.659402e-002 
1
2
0 2 1 4 0 -1
0 4 1 2 0 2
haar_y2
1.937658e-002 0 -1
-1.934989e-001 4.863047e-002 
1
2
1 2 2 2 0 -1
2 2 1 2 0 2
haar_x2
-2.766245e-001 0 -1
4.881320e-001 -2.118320e-002 
1
2
2 5 2 1 0 -1
3 5 1 1 0 2
haar_x2
1.580067e-003 0 -1
-8.255438e-002 1.124448e-001 
1
2
0 0 6 2 0 -1
3 0 3 2 0 2
haar_x2
-1.945000e-001 0 -1
1.368318e-001 -6.455039e-002 
1
2
0 4 1 2 0 -1
0 5 1 1 0 2
haar_y2
9.241427e-002 0 -1
2.763974e-002 -3.133261e-001 
1
2
3 1 3 3 0 -1
4 2 1 1 0 9
haar_point
-2.044347e-003 0 -1
5.633762e-002 -1.600415e-001 
1
2
3 1 2 2 0 -1
3 1 2 1 0 2
tilted_haar_y2
1.431178e-001 0 -1
-2.614860e-002 3.856671e-001 
1
2
1 2 2 1 0 -1
2 2 1 1 0 2
haar_x2
-1.797099e-003 0 -1
4.868558e-002 -1.700933e-001 
1
2
0 0 6 5 0 -1
3 0 3 5 0 2
haar_x2
5.952899e-001 0 -1
-3.838086e-002 2.140869e-001 
1
2
4 3 1 2 0 -1
4 3 1 1 0 2
tilted_haar_y2
-3.794257e-002 0 -1
3.997709e-002 -2.405783e-001 
1
3
3 2 2 2 0 -1
3 2 1 1 0 2
4 3 1 1 0 2
haar_x2_y2
-3.688699e-002 0 -1
2.052625e-001 -4.497398e-002 
1
3
2 2 4 2 0 -1
2 2 2 1 0 2
4 3 2 1 0 2
haar_x2_y2
2.494087e-003 0 -1
-1.035388e-001 9.105372e-002 
1
2
2 0 4 2 0 -1
3 1 2 2 0 2
tilted_haar_x4
1.790486e-001 0 -1
-1.507388e-002 5.226774e-001 
1
2
4 1 2 3 0 -1
3 2 2 1 0 3
tilted_haar_y3
-6.541743e-001 0 -1
-3.433095e-001 2.167639e-002 
1
2
2 0 4 3 0 -1
3 0 2 3 0 2
haar_x4
-1.381433e-001 0 -1
-1.649631e-001 4.702086e-002 
1
2
3 0 3 1 0 -1
4 0 1 1 0 3
haar_x3
2.900555e-002 0 -1
3.567979e-002 -2.152905e-001 
1
2
0 4 4 1 0 -1
2 4 2 1 0 2
haar_x2
1.072247e-001 0 -1
1.798885e-002 -4.098057e-001 
1
3
4 2 2 2 0 -1
4 2 1 1 0 2
5 3 1 1 0 2
haar_x2_y2
-4.573769e-002 0 -1
1.731420e-001 -4.419936e-002 
1
2
3 3 3 1 0 -1
4 3 1 1 0 3
haar_x3
-2.140225e-001 0 -1
5.606949e-001 -1.226080e-002 
1
2
0 3 1 2 0 -1
0 4 1 1 0 2
haar_y2
1.370557e-001 0 -1
1.679463e-002 -4.503857e-001 
1
2
0 4 3 2 0 -1
1 4 1 2 0 3
haar_x3
-5.416425e-001 0 -1
8.007962e-001 -9.760958e-003 
1
2
0 0 3 1 0 -1
1 0 1 1 0 3
haar_x3
-7.822725e-002 0 -1
-3.153644e-001 2.254488e-002 
1
3
4 1 2 2 0 -1
4 1 1 1 0 2
5 2 1 1 0 2
haar_x2_y2
-2.453296e-002 0 -1
1.540779e-001 -4.192073e-002 
1
3
4 4 2 2 0 -1
4 4 1 1 0 2
5 5 1 1 0 2
haar_x2_y2
4.067552e-002 0 -1
2.830158e-002 -2.375800e-001 
1
2
4 4 2 1 0 -1
5 4 1 1 0 2
haar_x2
-1.666731e-003 0 -1
9.874159e-002 -6.909043e-002 
1
2
2 5 3 1 0 -1
3 5 1 1 0 3
haar_x3
-1.981645e-003 0 -1
8.661184e-002 -9.154094e-002 
1
2
2 0 4 1 0 -1
3 0 2 1 0 2
haar_x4
2.384398e-002 0 -1
-4.562578e-002 1.370711e-001 
1
2
2 0 3 1 0 -1
3 0 1 1 0 3
haar_x3
1.503081e-002 0 -1
5.454141e-002 -1.302903e-001 
1
2
1 2 4 4 0 -1
1 3 4 2 0 2
haar_y4
1.655968e-001 0 -1
4.269604e-002 -1.438316e-001 
1
2
1 4 4 1 0 -1
2 4 2 1 0 2
haar_x4
-2.709703e-002 0 -1
-9.238902e-002 8.097460e-002 
1
2
1 2 4 4 0 -1
2 2 2 4 0 2
haar_x4
-1.083855e-001 0 -1
5.496969e-002 -1.339069e-001 
1
2
0 2 3 4 0 -1
1 2 1 4 0 3
haar_x3
-8.023346e-002 0 -1
1.581407e-001 -4.327789e-002 
1
2
0 4 2 1 0 -1
1 4 1 1 0 2
haar_x2
-1.622941e-002 0 -1
-1.144253e-001 6.120238e-002 
1
2
3 2 3 1 0 -1
4 2 1 1 0 3
haar_x3
-2.387036e-002 0 -1
1.162259e-001 -5.849213e-002 
1
2
4 2 2 1 0 -1
5 2 1 1 0 2
haar_x2
6.408534e-002 0 -1
3.991115e-002 -1.851374e-001 
1
2
2 1 3 3 0 -1
3 2 1 1 0 9
haar_point
-4.305791e-001 0 -1
9.480183e-002 -7.052089e-002 
1
2
1 4 4 1 0 -1
2 4 2 1 0 2
haar_x4
-2.154433e-001 0 -1
4.394874e-001 -1.642976e-002 
1
2
2 0 3 5 0 -1
3 0 1 5 0 3
haar_x3
-4.598597e-001 0 -1
-5.106356e-001 1.440588e-002 
1
2
2 3 4 1 0 -1
4 3 2 1 0 2
haar_x2
3.501025e-001 0 -1
-2.092450e-002 3.197549e-001 
1
2
3 5 2 1 0 -1
4 5 1 1 0 2
haar_x2
3.133623e-002 0 -1
3.254268e-002 -2.317061e-001 
1
3
0 2 6 2 0 -1
0 2 3 1 0 2
3 3 3 1 0 2
haar_x2_y2
3.244432e-001 0 -1
1.340476e-002 -4.507889e-001 
1
3
0 3 2 2 0 -1
0 3 1 1 0 2
1 4 1 1 0 2
haar_x2_y2
-1.693350e-003 0 -1
8.377695e-002 -6.777015e-002 
1
2
0 0 3 6 0 -1
1 2 1 2 0 9
haar_point
-3.264732e-001 0 -1
7.267039e-002 -1.257075e-001 
1
2
3 2 1 2 0 -1
3 2 1 1 0 2
tilted_haar_y2
-2.986827e-001 0 -1
2.672233e-001 -2.612717e-002 
1
2
1 1 1 2 0 -1
1 2 1 1 0 2
haar_y2
4.792622e-002 0 -1
-2.872819e-002 2.206592e-001 
1
2
2 1 2 2 0 -1
2 1 2 1 0 2
tilted_haar_y2
-3.260106e-001 0 -1
-1.496509e-001 4.572998e-002 
1
2
0 1 2 2 0 -1
1 1 1 2 0 2
haar_x2
3.426347e-002 0 -1
3.284240e-002 -2.079875e-001 
1
2
2 0 2 5 0 -1
3 0 1 5 0 2
haar_x2
-3.258100e-001 0 -1
4.908417e-001 -1.523846e-002 
1
2
2 0 4 5 0 -1
4 0 2 5 0 2
haar_x2
2.060834e-001 0 -1
-8.070675e-002 8.187819e-002 
1
2
2 2 4 1 0 -1
4 2 2 1 0 2
haar_x2
1.841580e-001 0 -1
3.974228e-002 -1.776390e-001 
1
2
1 4 3 2 0 -1
2 4 1 2 0 3
haar_x3
1.234846e-001 0 -1
9.344087e-003 -6.076378e-001 
1
3
1 3 2 2 0 -1
1 3 1 1 0 2
2 4 1 1 0 2
haar_x2_y2
6.260128e-002 0 -1
-4.827873e-002 1.387511e-001 
1
3
1 2 2 2 0 -1
1 2 1 1 0 2
2 3 1 1 0 2
haar_x2_y2
6.864946e-002 0 -1
-2.525148e-002 2.476239e-001 
1
3
0 1 4 4 0 -1
0 1 2 2 0 2
2 3 2 2 0 2
haar_x2_y2
1.821614e-001 0 -1
3.714329e-002 -1.662995e-001 
1
2
2 3 3 2 0 -1
2 4 3 1 0 2
haar_y2
4.337875e-001 0 -1
9.389850e-003 -5.940947e-001 
1
2
1 3 3 1 0 -1
2 3 1 1 0 3
haar_x3
-2.626101e-001 0 -1
-7.489141e-001 6.390883e-003 
1
3
2 2 2 2 0 -1
2 2 1 1 0 2
3 3 1 1 0 2
haar_x2_y2
4.453780e-002 0 -1
-3.537537e-002 1.768023e-001 
1
2
3 1 3 2 0 -1
4 2 1 2 0 3
tilted_haar_x3
-7.167640e-001 0 -1
-4.892606e-001 1.182599e-002 
1
2
4 2 2 1 0 -1
4 2 1 1 0 2
tilted_haar_x2
-3.422821e-001 0 -1
4.614712e-001 -1.365733e-002 
1
2
0 2 6 3 0 -1
0 3 6 1 0 3
haar_y3
-8.025562e-001 0 -1
3.476740e-001 -1.569628e-002 
1
2
5 3 1 3 0 -1
5 4 1 1 0 3
haar_y3
1.333800e-001 0 -1
1.561801e-002 -3.664987e-001 
1
2
3 5 3 1 0 -1
4 5 1 1 0 3
haar_x3
-2.172673e-001 0 -1
6.711733e-001 -9.384779e-003 
1
2
5 0 1 2 0 -1
5 0 1 1 0 2
tilted_haar_y2
2.559978e-001 0 -1
1.675290e-002 -3.423067e-001 
1
2
1 0 3 1 0 -1
2 0 1 1 0 3
haar_x3
3.117780e-002 0 -1
3.003441e-002 -1.845487e-001 
1
2
0 0 6 1 0 -1
2 0 2 1 0 3
haar_x3
5.705634e-002 0 -1
-5.637547e-002 1.397361e-001 
1
2
0 0 6 1 0 -1
2 0 2 1 0 3
haar_x3
-5.245755e-002 0 -1
1.099741e-001 -5.994231e-002 
1
2
1 0 3 1 0 -1
2 0 1 1 0 3
haar_x3
-2.171843e-002 0 -1
-1.475460e-001 4.398353e-002 
1
2
4 2 1 2 0 -1
4 2 1 1 0 2
tilted_haar_y2
-2.565598e-001 0 -1
2.825215e-001 -1.927568e-002 
1
2
1 0 2 4 0 -1
1 2 2 2 0 2
haar_y2
3.191214e-001 0 -1
1.358531e-002 -4.339115e-001 
1
2
3 1 3 1 0 -1
4 1 1 1 0 3
haar_x3
-4.070923e-002 0 -1
-1.577133e-001 3.472614e-002 
1
2
3 1 3 1 0 -1
4 1 1 1 0 3
haar_x3
-2.243409e-003 0 -1
6.933385e-002 -8.267429e-002 
1
2
1 0 4 2 0 -1
3 0 2 2 0 2
haar_x2
5.201530e-002 0 -1
-5.786782e-002 1.107701e-001 
1
2
0 0 6 2 0 -1
3 0 3 2 0 2
haar_x2
-2.810712e-002 0 -1
7.780792e-002 -8.654404e-002 
1
2
0 0 1 6 0 -1
0 2 1 2 0 3
haar_y3
2.631752e-001 0 -1
-1.736865e-002 3.178680e-001 
1
2
0 4 1 2 0 -1
0 5 1 1 0 2
haar_y2
2.458377e-003 0 -1
-1.178896e-001 5.054426e-002 
1
2
0 2 1 4 0 -1
0 3 1 2 0 2
haar_y4
2.787559e-003 0 -1
-7.916482e-002 8.380410e-002 
1
2
1 0 1 2 0 -1
1 1 1 1 0 2
haar_y2
2.983517e-003 0 -1
-5.673641e-002 9.649573e-002 
1
2
2 0 1 2 0 -1
2 1 1 1 0 2
haar_y2
-1.017535e-001 0 -1
1.939431e-001 -3.191895e-002 
1
2
2 1 4 5 0 -1
3 1 2 5 0 2
haar_x4
2.851621e-001 0 -1
-1.743597e-002 3.336289e-001 
1
3
2 0 2 2 0 -1
2 0 1 1 0 2
3 1 1 1 0 2
haar_x2_y2
7.645486e-002 0 -1
1.476207e-002 -3.985506e-001 
1
2
0 1 6 1 0 -1
3 1 3 1 0 2
haar_x2
4.357401e-001 0 -1
-1.002520e-002 6.093370e-001 
1
2
0 5 4 1 0 -1
1 5 2 1 0 2
haar_x4
1.029338e-001 0 -1
6.910830e-003 -9.342992e-001 
1
2
3 1 2 4 0 -1
3 2 2 2 0 2
haar_y4
-4.982610e-001 0 -1
3.082321e-001 -1.865519e-002 
1
3
0 3 6 2 0 -1
0 3 3 1 0 2
3 4 3 1 0 2
haar_x2_y2
2.954322e-001 0 -1
1.547839e-002 -4.231226e-001 
1
3
3 3 2 2 0 -1
3 3 1 1 0 2
4 4 1 1 0 2
haar_x2_y2
3.060365e-002 0 -1
-3.133293e-002 2.191945e-001 
1
2
3 3 1 2 0 -1
3 4 1 1 0 2
haar_y2
9.525904e-003 0 -1
-2.601309e-001 2.684977e-002 
1
2
5 2 1 2 0 -1
5 2 1 1 0 2
tilted_haar_y2
-1.320647e-001 0 -1
-2.077077e-001 3.238738e-002 
1
2
3 4 3 1 0 -1
4 4 1 1 0 3
haar_x3
-1.677465e-003 0 -1
9.287516e-002 -7.468724e-002 
1
2
3 2 3 4 0 -1
3 3 3 2 0 2
haar_y4
-6.595393e-002 0 -1
-1.170387e-001 5.940210e-002 
1
2
1 3 1 3 0 -1
1 4 1 1 0 3
haar_y3
-1.783490e-003 0 -1
1.004185e-001 -6.042196e-002 
1
2
3 0 3 1 0 -1
4 0 1 1 0 3
haar_x3
-8.261387e-002 0 -1
-3.937323e-001 1.543413e-002 
1
2
3 4 2 1 0 -1
4 4 1 1 0 2
haar_x2
-6.871486e-002 0 -1
-7.886398e-001 5.727707e-003 
1
3
3 0 2 4 0 -1
3 0 1 2 0 2
4 2 1 2 0 2
haar_x2_y2
-8.840749e-002 0 -1
3.314942e-001 -1.887920e-002 
1
3
2 2 2 2 0 -1
2 2 1 1 0 2
3 3 1 1 0 2
haar_x2_y2
-2.340339e-003 0 -1
7.577889e-002 -7.174442e-002 
1
3
2 2 2 2 0 -1
2 2 1 1 0 2
3 3 1 1 0 2
haar_x2_y2
1.456422e-003 0 -1
-7.205395e-002 8.951604e-002 
1
2
3 0 3 3 0 -1
2 1 3 1 0 3
tilted_haar_y3
-4.301566e-001 0 -1
8.310208e-002 -7.058335e-002 
1
3
4 0 2 6 0 -1
4 0 1 3 0 2
5 3 1 3 0 2
haar_x2_y2
7.293462e-002 0 -1
3.849934e-002 -1.669635e-001 
1
3
4 2 2 2 0 -1
4 2 1 1 0 2
5 3 1 1 0 2
haar_x2_y2
3.314758e-002 0 -1
-4.125124e-002 1.557415e-001 
1
2
5 2 1 4 0 -1
5 4 1 2 0 2
haar_y2
6.814473e-002 0 -1
-1.278443e-001 4.950991e-002 
1
2
4 0 2 4 0 -1
4 1 2 2 0 2
haar_y4
-3.324206e-001 0 -1
-2.653128e-001 2.315520e-002 
1
2
0 0 2 4 0 -1
1 0 1 4 0 2
haar_x2
1.913172e-002 0 -1
-4.500108e-002 1.189439e-001 
1
2
0 1 3 2 0 -1
1 1 1 2 0 3
haar_x3
3.824886e-002 0 -1
4.921149e-002 -1.137553e-001 
1
2
1 0 2 3 0 -1
2 0 1 3 0 2
haar_x2
8.472236e-002 0 -1
1.580579e-002 -3.520110e-001 
1
2
0 0 6 3 0 -1
2 0 2 3 0 3
haar_x3
8.179080e-001 0 -1
-8.025657e-003 9.358231e-001 
1
2
2 2 3 2 0 -1
2 3 3 1 0 2
haar_y2
3.128638e-001 0 -1
-1.296962e-002 3.318430e-001 
1
2
1 0 4 1 0 -1
1 0 2 1 0 2
tilted_haar_x2
-1.647837e-001 0 -1
-2.540939e-001 2.205828e-002 
1
2
0 1 4 4 0 -1
2 1 2 4 0 2
haar_x2
2.724709e-001 0 -1
-1.331061e-002 4.247746e-001 
1
2
5 1 1 2 0 -1
5 2 1 1 0 2
haar_y2
-6.819382e-002 0 -1
-1.356151e-001 3.750573e-002 
1
2
0 3 4 1 0 -1
2 3 2 1 0 2
haar_x2
3.734324e-002 0 -1
2.151440e-002 -2.237990e-001 
1
3
1 3 2 2 0 -1
1 3 1 1 0 2
2 4 1 1 0 2
haar_x2_y2
-2.117437e-003 0 -1
1.329938e-001 -4.854758e-002 
1
3
0 2 4 4 0 -1
0 2 2 2 0 2
2 4 2 2 0 2
haar_x2_y2
-1.015833e-001 0 -1
-2.479021e-001 2.284124e-002 
1
2
2 0 4 6 0 -1
2 2 4 2 0 3
haar_y3
-1.888828e-001 0 -1
-2.443234e-002 2.118772e-001 
1
2
2 0 1 2 0 -1
2 0 1 1 0 2
tilted_haar_y2
-8.069257e-002 0 -1
-1.604541e-001 3.417228e-002 
1
2
0 0 2 2 0 -1
1 0 1 2 0 2
haar_x2
-2.671573e-001 0 -1
4.506494e-001 -1.488224e-002 
1
2
0 0 6 6 0 -1
3 0 3 6 0 2
haar_x2
-2.388975e+000 0 -1
-6.873249e-001 8.831931e-003 
1
2
5 1 1 2 0 -1
5 2 1 1 0 2
haar_y2
4.112730e-002 0 -1
2.433850e-002 -1.883659e-001 
1
2
2 1 3 3 0 -1
3 2 1 1 0 9
haar_point
-1.166871e+000 0 -1
-7.690887e-001 5.199797e-003 
1
3
4 0 2 4 0 -1
4 0 1 2 0 2
5 2 1 2 0 2
haar_x2_y2
3.715870e-001 0 -1
-9.868160e-003 5.477663e-001 
1
2
0 2 1 3 0 -1
0 3 1 1 0 3
haar_y3
-8.632910e-002 0 -1
1.394145e-001 -3.216031e-002 
1
2
4 1 2 2 0 -1
4 1 1 2 0 2
tilted_haar_x2
-4.299375e-001 0 -1
3.792480e-001 -1.302755e-002 
1
2
5 1 1 4 0 -1
5 1 1 2 0 2
tilted_haar_y2
-1.853565e-001 0 -1
4.672003e-002 -1.169362e-001 
1
2
1 1 4 4 0 -1
3 1 2 4 0 2
haar_x2
5.380446e-001 0 -1
-1.800662e-002 3.214165e-001 
1
2
1 0 4 2 0 -1
1 1 4 1 0 2
haar_y2
2.204067e-001 0 -1
-2.155036e-002 2.302578e-001 
1
2
4 0 2 2 0 -1
4 1 2 1 0 2
haar_y2
2.503297e-001 0 -1
8.901231e-003 -5.741535e-001 
1
2
2 4 2 1 0 -1
3 4 1 1 0 2
haar_x2
2.641654e-002 0 -1
2.878273e-002 -1.607689e-001 
-8.293092e-001

12
-1
