43
1
2
1 1 6 6 0 -1
3 3 2 2 0 9
haar_point
-7.454834e-001 0 -1
3.098291e-001 -4.518057e-001 
1
2
1 1 6 4 0 -1
1 2 6 2 0 2
haar_y4
-2.282902e-001 0 -1
4.274014e-001 -2.374471e-001 
1
2
1 3 6 3 0 -1
3 4 2 1 0 9
haar_point
-4.273051e-001 0 -1
3.766144e-001 -1.441906e-001 
1
2
3 0 3 1 0 -1
4 0 1 1 0 3
haar_x3
-1.676259e-002 0 -1
-6.639646e-001 8.831590e-002 
1
2
2 7 3 1 0 -1
3 7 1 1 0 3
haar_x3
1.612007e-002 0 -1
6.619700e-002 -8.232907e-001 
1
2
2 3 6 4 0 -1
2 4 6 2 0 2
haar_y4
1.132483e-003 0 -1
-2.166114e-001 1.886142e-001 
1
2
0 6 8 2 0 -1
4 6 4 2 0 2
haar_x2
2.001131e-001 0 -1
5.310125e-002 -7.574539e-001 
1
2
4 7 2 1 0 -1
4 7 1 1 0 2
haar_x2
1.136584e-002 0 -1
5.492989e-002 -5.422615e-001 
1
2
2 7 2 1 0 -1
3 7 1 1 0 2
haar_x2
-1.074274e-002 0 -1
-4.824245e-001 9.958182e-002 
1
2
4 7 2 1 0 -1
4 7 1 1 0 2
haar_x2
6.354395e-004 0 -1
-1.232952e-001 2.325657e-001 
1
2
1 3 6 5 0 -1
3 3 2 5 0 3
haar_x3
-1.452305e-001 0 -1
1.863217e-001 -2.701681e-001 
1
2
3 1 3 1 0 -1
4 1 1 1 0 3
haar_x3
-1.549236e-002 0 -1
-4.731668e-001 5.637505e-002 
1
2
2 0 4 3 0 -1
2 1 4 1 0 3
haar_y3
-8.575048e-002 0 -1
5.705073e-001 -9.534051e-002 
1
2
3 1 3 1 0 -1
4 1 1 1 0 3
haar_x3
2.138830e-002 0 -1
4.255005e-002 -5.553062e-001 
1
2
1 0 6 3 0 -1
1 1 6 1 0 3
haar_y3
9.992093e-002 0 -1
-1.728987e-001 3.197839e-001 
1
2
3 1 3 1 0 -1
4 1 1 1 0 3
haar_x3
-4.630217e-004 0 -1
1.435218e-001 -8.538766e-002 
1
2
0 6 1 2 0 -1
0 7 1 1 0 2
haar_y2
6.672001e-004 0 -1
-3.070313e-001 1.376957e-001 
1
2
7 4 1 4 0 -1
7 5 1 2 0 2
haar_y4
-3.972044e-002 0 -1
-4.575758e-001 2.483156e-002 
1
2
0 4 1 4 0 -1
0 5 1 2 0 2
haar_y4
3.987763e-004 0 -1
-2.511532e-001 1.759890e-001 
1
2
4 3 3 2 0 -1
5 3 1 2 0 3
haar_x3
-3.643236e-002 0 -1
4.653977e-001 -9.076037e-002 
1
2
2 0 3 2 0 -1
3 0 1 2 0 3
haar_x3
-2.776662e-002 0 -1
-6.746240e-001 6.311882e-002 
1
2
2 0 4 1 0 -1
3 0 2 1 0 2
haar_x4
2.029939e-002 0 -1
6.378081e-002 -5.743815e-001 
1
2
0 3 3 2 0 -1
1 3 1 2 0 3
haar_x3
-4.933301e-002 0 -1
4.882930e-001 -9.166034e-002 
1
2
4 3 3 2 0 -1
5 3 1 2 0 3
haar_x3
5.527566e-002 0 -1
-1.009169e-001 4.628800e-001 
1
2
0 1 7 3 0 -1
0 2 7 1 0 3
haar_y3
1.607090e-001 0 -1
-7.055721e-002 5.107352e-001 
1
2
3 1 4 3 0 -1
3 2 4 1 0 3
haar_y3
-1.528790e-001 0 -1
4.611285e-001 -6.271420e-002 
1
2
1 3 3 2 0 -1
2 3 1 2 0 3
haar_x3
-5.341343e-002 0 -1
5.190784e-001 -7.071693e-002 
1
2
6 4 2 1 0 -1
6 4 1 1 0 2
haar_x2
4.252110e-004 0 -1
-1.153720e-001 1.530193e-001 
1
2
0 4 2 1 0 -1
1 4 1 1 0 2
haar_x2
7.054836e-004 0 -1
-1.625673e-001 2.327397e-001 
1
2
3 1 3 1 0 -1
4 1 1 1 0 3
haar_x3
5.717992e-004 0 -1
-1.381590e-001 2.064301e-001 
1
2
0 0 8 6 0 -1
2 0 4 6 0 2
haar_x4
-9.416264e-002 0 -1
1.402590e-001 -2.901138e-001 
1
2
5 7 3 1 0 -1
6 7 1 1 0 3
haar_x3
-1.501487e-002 0 -1
-5.007151e-001 6.420387e-002 
1
2
4 2 2 3 0 -1
3 3 2 1 0 3
tilted_haar_y3
8.011137e-002 0 -1
-8.283542e-002 4.081267e-001 
1
2
5 0 3 2 0 -1
6 0 1 2 0 3
haar_x3
-3.155567e-002 0 -1
-5.751720e-001 7.214452e-002 
1
2
0 0 8 4 0 -1
0 2 8 2 0 2
haar_y2
1.826216e-001 0 -1
5.683907e-002 -5.155582e-001 
1
2
5 0 3 2 0 -1
6 0 1 2 0 3
haar_x3
1.760234e-002 0 -1
1.003475e-001 -4.803770e-001 
1
2
0 0 3 2 0 -1
1 0 1 2 0 3
haar_x3
1.644051e-002 0 -1
7.233080e-002 -4.146377e-001 
1
2
5 0 3 1 0 -1
6 0 1 1 0 3
haar_x3
-1.153497e-002 0 -1
-2.543656e-001 5.224474e-002 
1
2
0 0 8 4 0 -1
0 2 8 2 0 2
haar_y2
-9.144191e-001 0 -1
-8.966792e-001 3.516237e-002 
1
2
5 0 3 1 0 -1
6 0 1 1 0 3
haar_x3
-5.539239e-004 0 -1
1.770004e-001 -1.805878e-001 
1
2
0 0 3 1 0 -1
1 0 1 1 0 3
haar_x3
-2.496082e-002 0 -1
-5.627422e-001 4.749261e-002 
1
2
4 2 4 4 0 -1
5 2 2 4 0 2
haar_x4
-6.510304e-002 0 -1
4.106444e-001 -5.979013e-002 
1
2
3 5 1 3 0 -1
3 6 1 1 0 3
haar_y3
-1.485268e-002 0 -1
3.067887e-001 -8.728246e-002 
-1.430052e+000

5
-1
