22
1
2
4 4 1 4 0 -1
4 6 1 2 0 2
haar_y2
3.761273e-002 0 -1
-6.255224e-001 3.729460e-001 
1
2
1 2 6 3 0 -1
3 2 2 3 0 3
haar_x3
-1.012076e-001 0 -1
2.797445e-001 -4.655574e-001 
1
2
7 6 1 2 0 -1
7 7 1 1 0 2
haar_y2
2.025505e-003 0 -1
-3.426407e-001 2.543707e-001 
1
2
5 3 2 2 0 -1
5 4 2 1 0 2
haar_y2
8.855482e-004 0 -1
-3.632261e-001 2.241239e-001 
1
2
1 3 7 4 0 -1
1 4 7 2 0 2
haar_y4
3.539525e-001 0 -1
2.268891e-002 -9.589372e-001 
1
2
1 7 3 1 0 -1
2 7 1 1 0 3
haar_x3
1.336475e-002 0 -1
9.560066e-002 -6.152750e-001 
1
2
0 2 3 3 0 -1
0 3 3 1 0 3
haar_y3
-1.143678e-002 0 -1
1.573464e-001 -2.746927e-001 
1
2
2 6 3 2 0 -1
3 6 1 2 0 3
haar_x3
3.871266e-002 0 -1
3.874673e-002 -9.275772e-001 
1
2
3 6 3 2 0 -1
4 6 1 2 0 3
haar_x3
2.550960e-002 0 -1
5.130054e-002 -7.199991e-001 
1
2
3 3 3 2 0 -1
4 3 1 2 0 3
haar_x3
4.539718e-002 0 -1
-6.717695e-002 7.469124e-001 
1
2
7 6 1 2 0 -1
7 7 1 1 0 2
haar_y2
3.749410e-002 0 -1
6.227947e-002 -8.371313e-001 
1
2
0 4 2 2 0 -1
1 4 1 2 0 2
haar_x2
9.660664e-003 0 -1
-1.620381e-001 2.682888e-001 
1
2
4 6 3 2 0 -1
5 6 1 2 0 3
haar_x3
2.058607e-002 0 -1
7.798228e-002 -5.545821e-001 
1
2
3 0 3 3 0 -1
3 1 3 1 0 3
haar_y3
3.256464e-002 0 -1
-1.959212e-001 2.009586e-001 
1
2
2 1 1 2 0 -1
2 1 1 1 0 2
tilted_haar_y2
5.452438e-002 0 -1
7.011049e-002 -5.980847e-001 
1
2
3 2 3 3 0 -1
4 3 1 1 0 9
haar_point
-9.663179e-002 0 -1
1.980687e-001 -1.905490e-001 
1
2
5 2 3 2 0 -1
6 3 1 2 0 3
tilted_haar_x3
-1.582121e-001 0 -1
3.622886e-001 -1.037248e-001 
1
2
1 0 3 1 0 -1
2 0 1 1 0 3
haar_x3
-1.980684e-002 0 -1
-5.279264e-001 6.999823e-002 
1
2
1 3 3 2 0 -1
2 3 1 2 0 3
haar_x3
-2.947957e-002 0 -1
3.278202e-001 -1.144748e-001 
1
2
0 4 3 2 0 -1
1 4 1 2 0 3
haar_x3
-1.423087e-002 0 -1
3.061563e-001 -1.191958e-001 
1
2
0 4 8 3 0 -1
0 5 8 1 0 3
haar_y3
-2.700288e-001 0 -1
-9.468561e-001 3.989084e-002 
1
2
1 0 2 3 0 -1
2 0 1 3 0 2
haar_x2
3.774064e-002 0 -1
4.129810e-002 -6.340920e-001 
-1.409740e+000

7
-1
