72
1
2
0 4 1 4 0 -1
0 6 1 2 0 2
haar_y2
9.382484e-003 0 -1
-3.745614e-001 1.635400e-001 
1
2
1 2 6 6 0 -1
3 2 2 6 0 3
haar_x3
-1.166269e-001 0 -1
1.393782e-001 -3.838636e-001 
1
2
0 3 3 4 0 -1
0 4 3 2 0 2
haar_y4
5.619821e-003 0 -1
-2.999119e-001 2.336524e-001 
1
3
0 3 8 4 0 -1
4 3 4 2 0 2
0 5 4 2 0 2
haar_x2_y2
1.202884e-001 0 -1
7.445657e-002 -5.243756e-001 
1
2
0 0 3 1 0 -1
1 0 1 1 0 3
haar_x3
-6.978619e-004 0 -1
1.926007e-001 -2.478627e-001 
1
2
5 5 1 2 0 -1
5 5 1 1 0 2
tilted_haar_x2
-5.790841e-003 0 -1
1.183539e-001 -3.333021e-001 
1
2
1 0 6 3 0 -1
1 1 6 1 0 3
haar_y3
1.298695e-001 0 -1
-1.473640e-001 2.906172e-001 
1
2
4 0 3 2 0 -1
5 0 1 2 0 3
haar_x3
2.895426e-002 0 -1
5.938710e-002 -5.771056e-001 
1
2
1 0 3 2 0 -1
2 0 1 2 0 3
haar_x3
1.504802e-002 0 -1
5.776668e-002 -5.216300e-001 
1
2
1 2 7 4 0 -1
1 3 7 2 0 2
haar_y4
-3.383043e-001 0 -1
2.991229e-001 -1.041256e-001 
1
2
1 1 6 3 0 -1
1 2 6 1 0 3
haar_y3
-1.761571e-001 0 -1
3.745106e-001 -9.679814e-002 
1
2
3 0 3 2 0 -1
4 0 1 2 0 3
haar_x3
-2.762445e-002 0 -1
-5.393323e-001 3.847662e-002 
1
2
3 0 2 3 0 -1
3 1 2 1 0 3
haar_y3
-3.010277e-002 0 -1
4.069263e-001 -8.375191e-002 
1
3
5 0 2 2 0 -1
6 0 1 1 0 2
5 1 1 1 0 2
haar_x2_y2
5.818125e-004 0 -1
-9.738247e-002 1.384238e-001 
1
2
2 4 3 1 0 -1
3 4 1 1 0 3
haar_x3
-1.368059e-002 0 -1
1.847685e-001 -1.697040e-001 
1
2
5 4 3 1 0 -1
6 4 1 1 0 3
haar_x3
1.610948e-002 0 -1
-9.955313e-002 2.158022e-001 
1
2
0 4 3 1 0 -1
1 4 1 1 0 3
haar_x3
-1.075156e-002 0 -1
2.810407e-001 -1.143544e-001 
1
2
4 4 3 1 0 -1
5 4 1 1 0 3
haar_x3
2.056389e-002 0 -1
-5.272226e-002 1.836910e-001 
1
2
1 4 3 1 0 -1
2 4 1 1 0 3
haar_x3
-1.090705e-002 0 -1
2.772073e-001 -1.188730e-001 
1
2
4 1 3 2 0 -1
5 1 1 2 0 3
haar_x3
1.960943e-002 0 -1
6.535127e-002 -3.371373e-001 
1
2
0 4 2 1 0 -1
1 4 1 1 0 2
haar_x2
3.372619e-003 0 -1
-1.524729e-001 2.345289e-001 
1
2
4 1 3 2 0 -1
5 1 1 2 0 3
haar_x3
-2.273901e-002 0 -1
-2.880753e-001 5.744306e-002 
1
2
2 6 3 1 0 -1
3 6 1 1 0 3
haar_x3
1.349406e-002 0 -1
4.962541e-002 -6.013328e-001 
1
2
5 4 1 3 0 -1
4 5 1 1 0 3
tilted_haar_x3
-9.225085e-002 0 -1
-6.006410e-001 3.751850e-003 
1
2
1 1 3 2 0 -1
2 1 1 2 0 3
haar_x3
-3.266545e-002 0 -1
-4.365162e-001 6.484989e-002 
1
2
5 4 1 3 0 -1
4 5 1 1 0 3
tilted_haar_x3
1.088539e-001 0 -1
-1.450860e-002 2.233486e-001 
1
2
3 5 2 1 0 -1
3 5 1 1 0 2
tilted_haar_x2
-3.801716e-003 0 -1
1.279244e-001 -2.140014e-001 
1
2
5 1 2 3 0 -1
5 1 1 3 0 2
tilted_haar_y2
1.017663e-002 0 -1
-9.373583e-002 7.003348e-002 
1
2
0 0 8 8 0 -1
0 4 8 4 0 2
haar_y2
4.386687e-001 0 -1
-2.412412e-001 1.270698e-001 
1
2
6 0 1 4 0 -1
6 0 1 2 0 2
tilted_haar_x2
2.895732e-001 0 -1
2.520472e-003 -8.681644e-001 
1
2
2 0 4 1 0 -1
2 0 2 1 0 2
tilted_haar_x2
-4.694247e-002 0 -1
-4.948983e-001 4.137984e-002 
1
2
2 3 4 2 0 -1
3 3 2 2 0 2
haar_x4
3.366532e-002 0 -1
-4.595466e-002 5.718434e-001 
1
2
0 0 8 1 0 -1
4 0 4 1 0 2
haar_x2
1.584972e-002 0 -1
-1.735643e-001 1.279435e-001 
1
2
7 5 1 2 0 -1
7 5 1 1 0 2
tilted_haar_x2
-7.011417e-002 0 -1
-5.773516e-001 2.504096e-002 
1
2
1 0 2 1 0 -1
2 0 1 1 0 2
haar_x2
-6.283612e-004 0 -1
1.567418e-001 -1.330322e-001 
1
2
0 0 8 1 0 -1
2 0 4 1 0 2
haar_x4
2.917119e-002 0 -1
-8.975014e-002 2.686477e-001 
1
2
2 0 4 2 0 -1
3 0 2 2 0 2
haar_x4
4.498454e-002 0 -1
3.461301e-002 -6.133677e-001 
1
3
4 2 2 2 0 -1
5 2 1 1 0 2
4 3 1 1 0 2
haar_x2_y2
1.447411e-002 0 -1
-4.896542e-002 2.653140e-001 
1
3
2 2 2 2 0 -1
2 2 1 1 0 2
3 3 1 1 0 2
haar_x2_y2
-1.532091e-002 0 -1
2.052970e-001 -1.122967e-001 
1
2
7 0 1 3 0 -1
7 1 1 1 0 3
haar_y3
8.630467e-003 0 -1
-7.396149e-002 8.398965e-002 
1
2
0 0 1 3 0 -1
0 1 1 1 0 3
haar_y3
4.707775e-002 0 -1
3.783989e-002 -5.983155e-001 
1
2
5 2 3 3 0 -1
6 3 1 1 0 9
haar_point
-1.019465e-001 0 -1
1.800634e-001 -1.095737e-001 
1
2
0 7 6 1 0 -1
3 7 3 1 0 2
haar_x2
6.721480e-002 0 -1
3.659363e-002 -5.544567e-001 
1
2
7 4 1 4 0 -1
7 5 1 2 0 2
haar_y4
5.762634e-002 0 -1
3.054934e-002 -6.109632e-001 
1
2
0 4 1 4 0 -1
0 5 1 2 0 2
haar_y4
-2.732221e-002 0 -1
-4.357954e-001 3.719923e-002 
1
2
1 5 7 3 0 -1
1 6 7 1 0 3
haar_y3
-1.307566e-002 0 -1
1.834416e-001 -1.002351e-001 
1
2
4 2 2 3 0 -1
3 3 2 1 0 3
tilted_haar_y3
-1.496603e-001 0 -1
3.398167e-001 -6.972555e-002 
1
2
3 4 2 1 0 -1
3 4 1 1 0 2
haar_x2
5.883444e-004 0 -1
-1.608250e-001 1.250709e-001 
1
2
0 0 6 8 0 -1
2 0 2 8 0 3
haar_x3
-1.605115e-001 0 -1
1.598867e-001 -1.328887e-001 
1
3
0 0 8 8 0 -1
4 0 4 4 0 2
0 4 4 4 0 2
haar_x2_y2
3.339656e-001 0 -1
7.580838e-002 -2.841114e-001 
1
2
1 6 3 2 0 -1
2 6 1 2 0 3
haar_x3
-2.475686e-002 0 -1
-4.230879e-001 4.795844e-002 
1
2
5 4 3 1 0 -1
6 4 1 1 0 3
haar_x3
-1.302008e-001 0 -1
7.546230e-001 -1.853303e-002 
1
2
4 0 4 3 0 -1
3 1 4 1 0 3
tilted_haar_y3
-1.159724e-001 0 -1
1.096550e-001 -2.018704e-001 
1
2
5 2 3 3 0 -1
6 3 1 1 0 9
haar_point
1.170200e-001 0 -1
-2.764422e-002 2.032759e-001 
1
2
0 2 3 3 0 -1
1 3 1 1 0 9
haar_point
-4.590206e-002 0 -1
1.606751e-001 -1.549801e-001 
1
3
5 2 2 2 0 -1
6 2 1 1 0 2
5 3 1 1 0 2
haar_x2_y2
7.928789e-003 0 -1
-7.500532e-002 2.149639e-001 
1
3
1 2 2 2 0 -1
1 2 1 1 0 2
2 3 1 1 0 2
haar_x2_y2
-1.242478e-002 0 -1
2.083760e-001 -1.052048e-001 
1
2
1 0 6 5 0 -1
1 0 3 5 0 2
haar_x2
3.049015e-001 0 -1
-5.058679e-002 4.028431e-001 
1
2
1 7 3 1 0 -1
2 7 1 1 0 3
haar_x3
-7.571959e-004 0 -1
1.564193e-001 -1.382846e-001 
1
2
5 0 3 2 0 -1
6 0 1 2 0 3
haar_x3
2.716545e-002 0 -1
4.504143e-002 -3.490963e-001 
1
2
0 0 1 6 0 -1
0 2 1 2 0 3
haar_y3
-1.534566e-001 0 -1
-5.785008e-001 2.980954e-002 
1
2
5 4 3 1 0 -1
6 4 1 1 0 3
haar_x3
-1.571708e-002 0 -1
1.414451e-001 -4.895882e-002 
1
2
0 0 3 2 0 -1
1 0 1 2 0 3
haar_x3
2.306643e-002 0 -1
4.636052e-002 -4.246129e-001 
1
2
5 0 3 3 0 -1
6 0 1 3 0 3
haar_x3
-2.397978e-002 0 -1
-2.933872e-001 4.816482e-002 
1
2
0 4 3 1 0 -1
1 4 1 1 0 3
haar_x3
-2.664060e-002 0 -1
3.526256e-001 -6.251798e-002 
1
2
5 0 3 3 0 -1
6 0 1 3 0 3
haar_x3
5.239471e-002 0 -1
3.243053e-002 -4.597176e-001 
1
2
3 0 1 3 0 -1
2 1 1 1 0 3
tilted_haar_y3
-4.137322e-002 0 -1
-2.716648e-001 7.953343e-002 
1
2
1 0 6 4 0 -1
1 1 6 2 0 2
haar_y4
-1.457388e-001 0 -1
3.415761e-001 -7.380380e-002 
1
2
2 1 2 1 0 -1
3 1 1 1 0 2
haar_x2
1.002056e-003 0 -1
-1.676687e-001 1.328465e-001 
1
2
1 0 6 2 0 -1
3 0 2 2 0 3
haar_x3
-2.182213e-002 0 -1
2.074469e-001 -1.385170e-001 
1
3
1 3 2 2 0 -1
1 3 1 1 0 2
2 4 1 1 0 2
haar_x2_y2
-9.000341e-003 0 -1
2.114773e-001 -1.047826e-001 
1
2
5 0 1 3 0 -1
5 1 1 1 0 3
haar_y3
1.030089e-002 0 -1
-1.261911e-001 1.165037e-001 
-1.228951e+000

11
-1
