14
1
2
2 2 1 2 0 -1
2 3 1 1 0 2
haar_y2
-9.775460e-002 0 -1
6.872736e-001 -7.757828e-001 
1
2
1 0 3 1 0 -1
2 0 1 1 0 3
haar_x3
2.214023e-002 0 -1
-7.649010e-001 4.388969e-001 
1
2
1 0 2 4 0 -1
1 2 2 2 0 2
haar_y2
-7.996311e-003 0 -1
2.398420e-001 -8.071746e-001 
1
2
2 0 3 4 0 -1
2 1 3 2 0 2
haar_y4
3.322666e-002 0 -1
-5.196818e-001 2.029429e-001 
1
2
0 0 1 3 0 -1
0 1 1 1 0 3
haar_y3
2.275295e-003 0 -1
-4.361842e-001 2.855968e-001 
1
2
3 3 2 1 0 -1
3 3 1 1 0 2
haar_x2
-1.323099e-002 0 -1
3.923757e-001 -5.380673e-001 
1
2
1 1 2 1 0 -1
2 1 1 1 0 2
haar_x2
3.525816e-003 0 -1
-3.893351e-001 2.521431e-001 
1
2
1 3 3 2 0 -1
1 4 3 1 0 2
haar_y2
8.796683e-003 0 -1
-3.935153e-001 2.622827e-001 
1
2
1 1 2 1 0 -1
1 1 1 1 0 2
tilted_haar_x2
4.876661e-003 0 -1
-4.993199e-001 1.848855e-001 
1
3
1 0 4 4 0 -1
3 0 2 2 0 2
1 2 2 2 0 2
haar_x2_y2
-4.573165e-001 0 -1
-5.405259e-001 3.173677e-002 
1
2
0 1 4 1 0 -1
1 1 2 1 0 2
haar_x4
2.159225e-002 0 -1
-3.078832e-001 3.541439e-001 
1
2
3 3 2 2 0 -1
3 3 1 2 0 2
haar_x2
1.076403e-002 0 -1
-2.426323e-001 2.020410e-001 
1
2
2 0 1 4 0 -1
2 2 1 2 0 2
haar_y2
-4.420798e-003 0 -1
2.183691e-001 -6.215128e-001 
1
2
1 3 3 2 0 -1
2 3 1 2 0 3
haar_x3
3.095502e-003 0 -1
-3.247705e-001 3.702891e-001 
-1.750939e+000

-1
-1
