9
1
2
2 2 8 3 0 -1
2 3 8 1 0 3
haar_y3
-1.162463e-001 0 -1
7.676982e-001 -4.058641e-001 
1
2
11 0 2 6 0 -1
11 2 2 2 0 3
haar_y3
-7.380256e-002 0 -1
6.611245e-001 -4.557785e-001 
1
2
0 0 3 2 0 -1
0 1 3 1 0 2
haar_y2
-5.898066e-004 0 -1
3.074320e-001 -4.610330e-001 
1
2
11 2 1 6 0 -1
11 5 1 3 0 2
haar_y2
8.260103e-003 0 -1
-4.215769e-001 1.458967e-001 
1
2
5 2 5 3 0 -1
5 3 5 1 0 3
haar_y3
8.645560e-002 0 -1
-1.559102e-001 7.952546e-001 
1
2
5 3 5 3 0 -1
5 4 5 1 0 3
haar_y3
8.135419e-002 0 -1
-1.862888e-001 6.677381e-001 
1
2
0 1 4 4 0 -1
2 1 2 4 0 2
haar_x2
-3.753074e-002 0 -1
4.312294e-001 -2.855593e-001 
1
2
2 4 12 3 0 -1
6 5 4 1 0 9
haar_point
3.886333e-001 0 -1
-1.253263e-001 8.531235e-001 
1
2
4 5 3 3 0 -1
5 5 1 3 0 3
haar_x3
-2.023020e-002 0 -1
-9.432684e-001 1.721739e-001 
-1.373999e+000

1
-1
