25
1
2
1 1 6 6 0 -1
3 3 2 2 0 9
haar_point
-9.924187e-001 0 -1
6.262062e-001 -3.984124e-001 
1
2
0 0 8 3 0 -1
0 1 8 1 0 3
haar_y3
9.222052e-002 0 -1
-2.239465e-001 4.394436e-001 
1
2
1 0 7 6 0 -1
1 3 7 3 0 2
haar_y2
6.040463e-001 0 -1
1.013281e-001 -7.532350e-001 
1
2
2 0 1 8 0 -1
2 4 1 4 0 2
haar_y2
1.503769e-003 0 -1
-4.638371e-001 2.429467e-001 
1
2
5 1 3 2 0 -1
6 2 1 2 0 3
tilted_haar_x3
-8.960440e-002 0 -1
2.051140e-001 -3.265916e-001 
1
2
5 0 3 1 0 -1
6 0 1 1 0 3
haar_x3
1.334121e-002 0 -1
1.400485e-001 -6.195560e-001 
1
2
4 0 3 1 0 -1
5 0 1 1 0 3
haar_x3
1.749107e-002 0 -1
7.750742e-002 -7.410518e-001 
1
2
1 1 6 3 0 -1
1 2 6 1 0 3
haar_y3
-1.167422e-001 0 -1
3.476307e-001 -1.928608e-001 
1
2
2 0 3 2 0 -1
3 0 1 2 0 3
haar_x3
2.588693e-002 0 -1
1.313441e-001 -6.402470e-001 
1
2
0 1 8 3 0 -1
0 2 8 1 0 3
haar_y3
1.201046e-001 0 -1
-1.716885e-001 4.389773e-001 
1
2
2 7 6 1 0 -1
5 7 3 1 0 2
haar_x2
-6.840867e-002 0 -1
-6.127368e-001 8.569919e-002 
1
2
3 7 2 1 0 -1
4 7 1 1 0 2
haar_x2
1.626712e-002 0 -1
6.088867e-002 -8.206311e-001 
1
2
1 2 3 4 0 -1
2 2 1 4 0 3
haar_x3
6.069046e-002 0 -1
-1.249449e-001 4.254373e-001 
1
2
0 3 3 3 0 -1
1 3 1 3 0 3
haar_x3
4.774649e-002 0 -1
-1.409942e-001 3.786306e-001 
1
2
0 2 2 6 0 -1
0 5 2 3 0 2
haar_y2
2.269411e-002 0 -1
-4.048350e-001 1.384777e-001 
1
2
1 7 3 1 0 -1
2 7 1 1 0 3
haar_x3
1.692270e-002 0 -1
7.810079e-002 -6.604102e-001 
1
2
3 0 3 1 0 -1
4 0 1 1 0 3
haar_x3
1.240536e-002 0 -1
8.232882e-002 -5.054120e-001 
1
2
0 3 3 3 0 -1
1 3 1 3 0 3
haar_x3
-3.418528e-002 0 -1
4.052156e-001 -1.121110e-001 
1
2
1 3 4 2 0 -1
2 3 2 2 0 2
haar_x4
-5.732922e-002 0 -1
4.006519e-001 -1.116270e-001 
1
2
1 7 3 1 0 -1
2 7 1 1 0 3
haar_x3
-1.227581e-002 0 -1
-4.868440e-001 9.198046e-002 
1
2
7 6 1 2 0 -1
7 7 1 1 0 2
haar_y2
2.474580e-002 0 -1
7.898231e-002 -5.141001e-001 
1
2
7 6 1 2 0 -1
7 7 1 1 0 2
haar_y2
5.688833e-004 0 -1
-2.857152e-001 1.754808e-001 
1
2
5 2 3 2 0 -1
6 3 1 2 0 3
tilted_haar_x3
-1.365560e-001 0 -1
3.923377e-001 -1.193284e-001 
1
2
4 3 3 2 0 -1
5 3 1 2 0 3
haar_x3
5.520686e-002 0 -1
-8.184101e-002 5.542898e-001 
1
2
2 1 6 5 0 -1
4 1 2 5 0 3
haar_x3
-1.063920e-001 0 -1
1.823497e-001 -2.237226e-001 
-1.399568e+000

3
-1
