88
1
3
0 3 2 2 0 -1
0 3 1 1 0 2
1 4 1 1 0 2
haar_x2_y2
-1.202469e-002 0 -1
3.240121e-001 -2.120699e-001 
1
2
5 2 1 4 0 -1
5 4 1 2 0 2
haar_y2
7.163913e-002 0 -1
-4.578624e-001 1.257847e-001 
1
2
2 0 1 3 0 -1
2 1 1 1 0 3
haar_y3
4.333962e-002 0 -1
-1.668574e-001 2.623136e-001 
1
2
2 1 4 3 0 -1
4 1 2 3 0 2
haar_x2
4.507398e-002 0 -1
-3.046537e-001 1.580917e-001 
1
2
0 2 2 3 0 -1
0 3 2 1 0 3
haar_y3
1.608102e-002 0 -1
-1.787583e-001 1.500994e-001 
1
2
4 0 2 3 0 -1
5 0 1 3 0 2
haar_x2
9.897821e-002 0 -1
7.863341e-002 -2.879474e-001 
1
2
5 0 1 2 0 -1
5 0 1 1 0 2
tilted_haar_y2
1.988705e-002 0 -1
-3.816954e-001 5.564911e-002 
1
2
3 0 3 2 0 -1
4 0 1 2 0 3
haar_x3
9.883769e-002 0 -1
5.878234e-002 -5.697709e-001 
1
2
0 2 4 4 0 -1
0 3 4 2 0 2
haar_y4
2.742367e-001 0 -1
5.596553e-002 -3.868404e-001 
1
2
4 2 1 4 0 -1
4 3 1 2 0 2
haar_y4
1.816927e-003 0 -1
-1.750854e-001 1.291409e-001 
1
2
0 0 4 2 0 -1
1 0 2 2 0 2
haar_x4
-1.865456e-003 0 -1
9.977214e-002 -2.279650e-001 
1
2
4 4 1 2 0 -1
4 5 1 1 0 2
haar_y2
1.565035e-002 0 -1
-1.712968e-001 1.027714e-001 
1
2
2 3 3 1 0 -1
3 3 1 1 0 3
haar_x3
-8.248328e-002 0 -1
1.982854e-001 -9.954665e-002 
1
2
1 3 3 1 0 -1
2 3 1 1 0 3
haar_x3
-5.318397e-002 0 -1
1.861997e-001 -1.319323e-001 
1
2
2 5 3 1 0 -1
3 5 1 1 0 3
haar_x3
-4.859315e-002 0 -1
-5.294621e-001 4.058627e-002 
1
2
2 1 3 3 0 -1
3 2 1 1 0 9
haar_point
-3.583081e-001 0 -1
1.154632e-001 -1.480708e-001 
1
2
2 0 3 3 0 -1
2 1 3 1 0 3
haar_y3
-3.380730e-001 0 -1
5.123878e-001 -3.720814e-002 
1
2
0 0 3 1 0 -1
1 0 1 1 0 3
haar_x3
-7.812862e-002 0 -1
-5.400232e-001 3.330338e-002 
1
2
2 0 2 2 0 -1
2 1 2 1 0 2
haar_y2
2.153521e-002 0 -1
-8.335719e-002 2.192829e-001 
1
2
0 3 3 1 0 -1
1 3 1 1 0 3
haar_x3
-2.957128e-002 0 -1
2.531244e-001 -6.687289e-002 
1
2
1 2 2 1 0 -1
1 2 1 1 0 2
tilted_haar_x2
-5.493750e-002 0 -1
1.310308e-001 -1.313499e-001 
1
2
0 2 1 4 0 -1
0 4 1 2 0 2
haar_y2
2.630133e-001 0 -1
4.393988e-002 -3.633725e-001 
1
2
3 5 2 1 0 -1
4 5 1 1 0 2
haar_x2
1.831313e-003 0 -1
-1.516433e-001 1.144836e-001 
1
2
2 0 3 2 0 -1
3 0 1 2 0 3
haar_x3
7.775250e-002 0 -1
3.475815e-002 -4.424114e-001 
1
2
2 0 3 2 0 -1
3 0 1 2 0 3
haar_x3
-1.092412e-001 0 -1
-6.295883e-001 2.085055e-002 
1
2
4 2 2 2 0 -1
5 2 1 2 0 2
haar_x2
3.464842e-001 0 -1
-2.871536e-002 6.451860e-001 
1
2
5 0 1 6 0 -1
5 3 1 3 0 2
haar_y2
3.264723e-001 0 -1
5.654538e-002 -3.178961e-001 
1
2
0 4 1 2 0 -1
0 5 1 1 0 2
haar_y2
1.599352e-003 0 -1
-1.897350e-001 8.147439e-002 
1
2
0 4 4 1 0 -1
2 4 2 1 0 2
haar_x2
1.004798e-001 0 -1
2.470373e-002 -6.630560e-001 
1
2
5 1 1 4 0 -1
4 2 1 2 0 2
tilted_haar_y4
-4.470500e-001 0 -1
-5.098334e-001 2.779047e-002 
1
2
1 2 3 3 0 -1
2 3 1 1 0 9
haar_point
-3.322439e-001 0 -1
1.566911e-001 -8.812893e-002 
1
2
5 1 1 4 0 -1
5 1 1 2 0 2
tilted_haar_y2
-1.855543e-001 0 -1
6.390800e-002 -2.239616e-001 
1
2
0 0 3 1 0 -1
1 0 1 1 0 3
haar_x3
-1.788080e-003 0 -1
7.879679e-002 -1.621886e-001 
1
2
0 0 6 1 0 -1
2 0 2 1 0 3
haar_x3
6.840904e-002 0 -1
-6.268965e-002 2.139737e-001 
1
2
3 4 2 2 0 -1
4 4 1 2 0 2
haar_x2
-6.210380e-002 0 -1
-6.793830e-001 1.954218e-002 
1
2
0 0 2 2 0 -1
1 0 1 2 0 2
haar_x2
9.300610e-002 0 -1
1.651735e-002 -6.368777e-001 
1
2
1 0 4 1 0 -1
1 0 2 1 0 2
tilted_haar_x2
-2.896235e-001 0 -1
-4.517690e-001 2.534691e-002 
1
3
1 1 2 2 0 -1
1 1 1 1 0 2
2 2 1 1 0 2
haar_x2_y2
3.053031e-002 0 -1
-3.889164e-002 3.698241e-001 
1
2
0 5 3 1 0 -1
1 5 1 1 0 3
haar_x3
-5.874028e-002 0 -1
-4.284639e-001 3.061118e-002 
1
2
4 2 1 2 0 -1
4 3 1 1 0 2
haar_y2
-9.052658e-002 0 -1
5.092144e-001 -2.533598e-002 
1
2
0 2 5 2 0 -1
0 3 5 1 0 2
haar_y2
4.321182e-001 0 -1
-3.933201e-002 2.889722e-001 
1
2
2 3 4 1 0 -1
4 3 2 1 0 2
haar_x2
3.585812e-001 0 -1
-2.261961e-002 4.971986e-001 
1
2
3 0 3 1 0 -1
4 0 1 1 0 3
haar_x3
-3.011002e-002 0 -1
-3.187141e-001 4.327218e-002 
1
3
0 3 6 2 0 -1
0 3 3 1 0 2
3 4 3 1 0 2
haar_x2_y2
1.860218e-003 0 -1
-1.661447e-001 7.818221e-002 
1
2
1 1 2 4 0 -1
1 3 2 2 0 2
haar_y2
5.137773e-001 0 -1
1.566043e-002 -7.324162e-001 
1
2
2 1 2 1 0 -1
3 1 1 1 0 2
haar_x2
1.783562e-003 0 -1
-1.347674e-001 8.588619e-002 
1
2
1 0 4 4 0 -1
3 0 2 4 0 2
haar_x2
-3.458769e-001 0 -1
2.847208e-001 -4.900239e-002 
1
2
0 2 3 4 0 -1
0 4 3 2 0 2
haar_y2
1.305090e-001 0 -1
-3.416945e-001 4.941704e-002 
1
2
1 2 3 2 0 -1
2 2 1 2 0 3
haar_x3
-1.557472e-001 0 -1
2.024876e-001 -6.187833e-002 
1
2
0 3 3 1 0 -1
1 3 1 1 0 3
haar_x3
-1.208848e-001 0 -1
5.016645e-001 -2.195866e-002 
1
2
1 0 3 2 0 -1
2 0 1 2 0 3
haar_x3
-1.126503e-001 0 -1
-4.892241e-001 2.861685e-002 
1
2
3 5 3 1 0 -1
4 5 1 1 0 3
haar_x3
1.823848e-002 0 -1
5.012689e-002 -2.255478e-001 
1
2
1 0 3 1 0 -1
2 0 1 1 0 3
haar_x3
-7.609547e-004 0 -1
9.318943e-002 -1.174296e-001 
1
2
0 0 2 1 0 -1
1 0 1 1 0 2
haar_x2
1.682032e-003 0 -1
-9.071756e-002 1.497321e-001 
1
2
2 2 3 2 0 -1
3 2 1 2 0 3
haar_x3
-1.475832e-001 0 -1
1.602604e-001 -7.202852e-002 
1
3
4 0 2 6 0 -1
4 0 1 3 0 2
5 3 1 3 0 2
haar_x2_y2
7.440910e-002 0 -1
4.616961e-002 -2.450047e-001 
1
3
4 2 2 2 0 -1
4 2 1 1 0 2
5 3 1 1 0 2
haar_x2_y2
5.130819e-002 0 -1
-4.607965e-002 3.335747e-001 
1
2
1 0 4 3 0 -1
1 1 4 1 0 3
haar_y3
4.817205e-001 0 -1
-3.743226e-002 2.879483e-001 
1
2
3 1 3 2 0 -1
4 2 1 2 0 3
tilted_haar_x3
-5.831136e-001 0 -1
-3.727698e-001 2.985264e-002 
1
3
0 0 6 6 0 -1
0 0 3 3 0 2
3 3 3 3 0 2
haar_x2_y2
-9.076172e-001 0 -1
-6.207314e-001 1.520881e-002 
1
3
4 4 2 2 0 -1
4 4 1 1 0 2
5 5 1 1 0 2
haar_x2_y2
7.381132e-002 0 -1
1.994347e-002 -4.827232e-001 
1
3
4 2 2 2 0 -1
4 2 1 1 0 2
5 3 1 1 0 2
haar_x2_y2
-4.770236e-002 0 -1
1.840379e-001 -6.298602e-002 
1
2
5 4 1 2 0 -1
5 5 1 1 0 2
haar_y2
1.210451e-002 0 -1
-1.486148e-001 7.194184e-002 
1
2
5 1 1 4 0 -1
5 2 1 2 0 2
haar_y4
3.783491e-002 0 -1
-3.664612e-002 3.286610e-001 
1
3
3 1 2 2 0 -1
3 1 1 1 0 2
4 2 1 1 0 2
haar_x2_y2
-2.216167e-002 0 -1
1.928785e-001 -5.165407e-002 
1
2
1 4 3 2 0 -1
2 4 1 2 0 3
haar_x3
-6.258768e-004 0 -1
7.937327e-002 -1.307516e-001 
1
2
0 5 3 1 0 -1
1 5 1 1 0 3
haar_x3
6.289376e-002 0 -1
2.343953e-002 -4.942750e-001 
1
2
5 0 1 2 0 -1
5 1 1 1 0 2
haar_y2
-1.316830e-001 0 -1
-5.475291e-001 1.704421e-002 
1
2
1 4 2 1 0 -1
2 4 1 1 0 2
haar_x2
1.717409e-003 0 -1
-6.645057e-002 1.536497e-001 
1
2
2 3 2 1 0 -1
2 3 1 1 0 2
tilted_haar_x2
-1.406120e-001 0 -1
-3.690517e-001 3.099709e-002 
1
3
2 1 4 4 0 -1
2 1 2 2 0 2
4 3 2 2 0 2
haar_x2_y2
-1.571917e-001 0 -1
-1.986719e-001 5.710733e-002 
1
2
4 0 2 4 0 -1
4 2 2 2 0 2
haar_y2
8.733465e-002 0 -1
5.081793e-002 -2.115412e-001 
1
2
3 1 1 2 0 -1
3 1 1 1 0 2
tilted_haar_y2
-2.397863e-001 0 -1
3.863604e-001 -2.988524e-002 
1
2
0 0 2 4 0 -1
0 2 2 2 0 2
haar_y2
3.603541e-001 0 -1
3.320559e-002 -3.496019e-001 
1
2
0 0 1 6 0 -1
0 3 1 3 0 2
haar_y2
2.944830e-002 0 -1
-2.472453e-001 4.925872e-002 
1
2
4 2 2 2 0 -1
5 2 1 2 0 2
haar_x2
2.618465e-001 0 -1
-2.810055e-002 3.898707e-001 
1
2
4 1 2 2 0 -1
5 1 1 2 0 2
haar_x2
1.195236e-001 0 -1
4.748989e-002 -2.690982e-001 
1
2
1 2 4 1 0 -1
2 2 2 1 0 2
haar_x4
-3.069372e-002 0 -1
6.818785e-002 -1.531545e-001 
1
2
2 5 3 1 0 -1
3 5 1 1 0 3
haar_x3
3.581598e-002 0 -1
1.999077e-002 -4.566998e-001 
1
2
0 5 6 1 0 -1
2 5 2 1 0 3
haar_x3
3.869501e-002 0 -1
-5.567647e-002 2.002451e-001 
1
2
4 0 2 1 0 -1
5 0 1 1 0 2
haar_x2
1.576919e-003 0 -1
-1.074006e-001 9.691262e-002 
1
2
3 0 3 1 0 -1
4 0 1 1 0 3
haar_x3
1.601492e-003 0 -1
-1.117124e-001 9.375481e-002 
1
2
0 2 6 3 0 -1
0 3 6 1 0 3
haar_y3
-7.689826e-001 0 -1
4.412872e-001 -2.275103e-002 
1
2
5 3 1 2 0 -1
5 4 1 1 0 2
haar_y2
1.401657e-001 0 -1
2.593860e-002 -4.242090e-001 
1
2
0 2 6 4 0 -1
2 2 2 4 0 3
haar_x3
-1.695020e+000 0 -1
4.520874e-001 -2.492547e-002 
1
2
2 2 4 1 0 -1
4 2 2 1 0 2
haar_x2
1.574117e-001 0 -1
5.593923e-002 -2.011623e-001 
1
3
3 2 2 2 0 -1
3 2 1 1 0 2
4 3 1 1 0 2
haar_x2_y2
-3.428699e-002 0 -1
2.100257e-001 -5.439774e-002 
1
3
3 2 2 2 0 -1
3 2 1 1 0 2
4 3 1 1 0 2
haar_x2_y2
3.105609e-002 0 -1
-6.267405e-002 1.599365e-001 
-1.015182e+000

12
-1
