81
1
2
2 2 6 2 0 -1
4 2 2 2 0 3
haar_x3
4.757600e-002 0 -1
-3.765619e-001 2.748014e-001 
1
2
1 5 9 3 0 -1
1 6 9 1 0 3
haar_y3
-1.717036e-001 0 -1
3.620849e-001 -1.758445e-001 
1
2
4 0 2 4 0 -1
4 2 2 2 0 2
haar_y2
3.599299e-002 0 -1
8.154139e-002 -5.657567e-001 
1
2
8 3 2 1 0 -1
8 3 1 1 0 2
haar_x2
-6.748764e-004 0 -1
2.057138e-001 -2.861443e-001 
1
2
2 0 6 8 0 -1
2 2 6 4 0 2
haar_y4
2.817619e-001 0 -1
-1.777389e-001 1.705106e-001 
1
2
8 3 2 1 0 -1
8 3 1 1 0 2
haar_x2
1.253929e-002 0 -1
4.310616e-002 -3.228730e-001 
1
2
0 3 2 1 0 -1
1 3 1 1 0 2
haar_x2
-4.235547e-004 0 -1
1.571287e-001 -2.229872e-001 
1
2
5 2 1 4 0 -1
5 2 1 2 0 2
tilted_haar_x2
1.532152e-002 0 -1
-1.324128e-001 3.198957e-002 
1
3
1 1 8 2 0 -1
1 1 4 1 0 2
5 2 4 1 0 2
haar_x2_y2
-3.069688e-002 0 -1
-5.311456e-001 5.024307e-002 
1
2
5 2 1 4 0 -1
5 2 1 2 0 2
tilted_haar_x2
1.565531e-001 0 -1
-1.032561e-002 5.463389e-001 
1
2
2 1 2 3 0 -1
2 2 2 1 0 3
haar_y3
-1.170540e-002 0 -1
-4.221385e-001 5.621474e-002 
1
2
5 2 1 4 0 -1
5 2 1 2 0 2
tilted_haar_x2
-8.924051e-002 0 -1
-1.000000e+000 7.880755e-004 
1
2
5 2 4 1 0 -1
5 2 2 1 0 2
tilted_haar_x2
1.362114e-001 0 -1
-4.538398e-002 5.194584e-001 
1
2
7 0 2 3 0 -1
7 0 1 3 0 2
tilted_haar_y2
4.575623e-002 0 -1
4.760649e-002 -3.762565e-001 
1
2
3 0 6 2 0 -1
3 0 6 1 0 2
tilted_haar_y2
1.234127e-001 0 -1
3.790301e-002 -5.102129e-001 
1
3
0 3 10 4 0 -1
5 3 5 2 0 2
0 5 5 2 0 2
haar_x2_y2
-1.667088e-001 0 -1
-8.714221e-001 1.885921e-002 
1
2
2 3 4 1 0 -1
2 3 2 1 0 2
tilted_haar_x2
-1.500465e-002 0 -1
-4.315355e-001 4.338221e-002 
1
3
5 6 2 2 0 -1
6 6 1 1 0 2
5 7 1 1 0 2
haar_x2_y2
-1.395889e-002 0 -1
2.832168e-001 -4.798951e-002 
1
2
3 0 2 1 0 -1
4 0 1 1 0 2
haar_x2
3.083150e-003 0 -1
-1.929355e-001 9.552711e-002 
1
2
1 4 8 4 0 -1
1 5 8 2 0 2
haar_y4
1.059983e-001 0 -1
-6.349844e-002 3.178847e-001 
1
2
4 0 1 3 0 -1
4 1 1 1 0 3
haar_y3
-1.134537e-002 0 -1
-8.261057e-001 2.438321e-002 
1
2
3 3 4 3 0 -1
3 4 4 1 0 3
haar_y3
4.198970e-002 0 -1
-1.328603e-001 1.611288e-001 
1
2
0 0 6 10 0 -1
3 0 3 10 0 2
haar_x2
-7.508580e-001 0 -1
7.562377e-001 -2.963238e-002 
1
2
7 1 3 2 0 -1
8 2 1 2 0 3
tilted_haar_y3
4.434635e-002 0 -1
3.363828e-002 -2.259256e-001 
1
2
3 1 2 3 0 -1
2 2 2 1 0 3
tilted_haar_y3
-4.183418e-002 0 -1
-4.575784e-001 4.619824e-002 
1
2
7 9 2 1 0 -1
7 9 1 1 0 2
haar_x2
-8.121782e-003 0 -1
-3.473507e-001 5.315771e-002 
1
3
0 3 2 2 0 -1
0 3 1 1 0 2
1 4 1 1 0 2
haar_x2_y2
-3.504156e-003 0 -1
2.186214e-001 -9.242495e-002 
1
2
7 1 3 1 0 -1
8 2 1 1 0 3
tilted_haar_y3
-3.652731e-002 0 -1
-4.293285e-001 2.462358e-002 
1
2
3 1 1 3 0 -1
2 2 1 1 0 3
tilted_haar_y3
2.916564e-002 0 -1
3.084211e-002 -5.786824e-001 
1
2
9 5 1 2 0 -1
9 6 1 1 0 2
haar_y2
-1.405267e-002 0 -1
-2.368261e-001 2.934565e-002 
1
2
2 0 3 3 0 -1
2 1 3 1 0 3
haar_y3
3.235599e-002 0 -1
2.188656e-002 -8.248568e-001 
1
3
2 6 8 4 0 -1
6 6 4 2 0 2
2 8 4 2 0 2
haar_x2_y2
1.867669e-001 0 -1
1.340941e-002 -4.092780e-001 
1
3
0 6 8 4 0 -1
0 6 4 2 0 2
4 8 4 2 0 2
haar_x2_y2
2.056540e-001 0 -1
2.514384e-002 -7.586958e-001 
1
2
7 8 2 2 0 -1
7 8 1 2 0 2
haar_x2
1.616953e-002 0 -1
1.676511e-002 -3.050406e-001 
1
2
1 9 8 1 0 -1
3 9 4 1 0 2
haar_x4
1.010824e-002 0 -1
-1.096892e-001 1.976339e-001 
1
3
4 2 4 8 0 -1
6 2 2 4 0 2
4 6 2 4 0 2
haar_x2_y2
1.001946e-001 0 -1
-1.007801e-002 3.551013e-001 
1
3
2 2 4 8 0 -1
2 2 2 4 0 2
4 6 2 4 0 2
haar_x2_y2
-4.320011e-002 0 -1
1.284854e-001 -1.751293e-001 
1
2
6 4 4 1 0 -1
7 4 2 1 0 2
haar_x4
-7.121068e-003 0 -1
1.041990e-001 -9.378529e-002 
1
2
3 2 4 5 0 -1
4 2 2 5 0 2
haar_x4
-2.172156e-003 0 -1
2.547710e-001 -8.285549e-002 
1
3
8 4 2 4 0 -1
9 4 1 2 0 2
8 6 1 2 0 2
haar_x2_y2
-2.038808e-002 0 -1
2.307349e-001 -6.933047e-002 
1
2
2 8 5 2 0 -1
2 9 5 1 0 2
haar_y2
-6.742261e-002 0 -1
4.764442e-001 -3.901136e-002 
1
3
8 8 2 2 0 -1
9 8 1 1 0 2
8 9 1 1 0 2
haar_x2_y2
3.953762e-004 0 -1
-1.000242e-001 9.224259e-002 
1
3
0 4 2 4 0 -1
0 4 1 2 0 2
1 6 1 2 0 2
haar_x2_y2
-1.860994e-002 0 -1
2.527417e-001 -7.476425e-002 
1
2
9 0 1 3 0 -1
8 1 1 1 0 3
tilted_haar_x3
2.463120e-002 0 -1
-2.942777e-002 2.805385e-001 
1
3
0 8 10 2 0 -1
0 8 5 1 0 2
5 9 5 1 0 2
haar_x2_y2
8.219701e-002 0 -1
2.665924e-002 -7.090942e-001 
1
3
5 6 2 2 0 -1
6 6 1 1 0 2
5 7 1 1 0 2
haar_x2_y2
9.025756e-003 0 -1
-3.648590e-002 1.873980e-001 
1
3
3 6 2 2 0 -1
3 6 1 1 0 2
4 7 1 1 0 2
haar_x2_y2
-1.122435e-002 0 -1
3.126605e-001 -6.052864e-002 
1
3
0 0 10 10 0 -1
5 0 5 5 0 2
0 5 5 5 0 2
haar_x2_y2
2.558161e-001 0 -1
4.257887e-002 -4.201169e-001 
1
2
0 5 2 3 0 -1
0 6 2 1 0 3
haar_y3
-3.965078e-002 0 -1
-3.897147e-001 4.977860e-002 
1
3
0 1 10 2 0 -1
5 1 5 1 0 2
0 2 5 1 0 2
haar_x2_y2
-3.655968e-002 0 -1
-4.403631e-001 4.005428e-002 
1
2
0 0 6 3 0 -1
0 1 6 1 0 3
haar_y3
-1.936998e-002 0 -1
-4.251508e-001 4.179830e-002 
1
2
8 0 2 3 0 -1
7 1 2 1 0 3
tilted_haar_x3
2.483303e-002 0 -1
-5.384469e-002 2.060166e-001 
1
2
2 0 3 2 0 -1
3 1 1 2 0 3
tilted_haar_x3
-2.927554e-002 0 -1
2.186348e-001 -9.774923e-002 
1
2
9 0 1 3 0 -1
8 1 1 1 0 3
tilted_haar_x3
-1.350052e-002 0 -1
1.634623e-001 -9.347896e-002 
1
2
1 0 3 1 0 -1
2 1 1 1 0 3
tilted_haar_x3
9.848049e-003 0 -1
-1.140113e-001 1.858296e-001 
1
2
7 0 3 1 0 -1
8 1 1 1 0 3
tilted_haar_y3
1.488021e-002 0 -1
3.270105e-002 -3.999105e-001 
1
2
2 0 3 2 0 -1
3 0 1 2 0 3
haar_x3
5.799081e-003 0 -1
-7.696348e-002 2.268511e-001 
1
2
8 1 2 5 0 -1
8 1 1 5 0 2
tilted_haar_y2
1.348077e-001 0 -1
2.267952e-002 -4.409603e-001 
1
2
3 1 3 8 0 -1
3 3 3 4 0 2
haar_y4
2.390496e-001 0 -1
2.304123e-002 -6.820703e-001 
1
2
5 0 2 3 0 -1
5 1 2 1 0 3
haar_y3
-1.225254e-002 0 -1
-4.452018e-001 2.935335e-002 
1
2
3 2 2 2 0 -1
3 3 2 1 0 2
haar_y2
4.320166e-004 0 -1
-1.651732e-001 1.139583e-001 
1
2
8 1 2 5 0 -1
8 1 1 5 0 2
tilted_haar_y2
1.016512e-002 0 -1
-2.284503e-001 3.698883e-002 
1
2
3 4 2 2 0 -1
3 5 2 1 0 2
haar_y2
2.578809e-003 0 -1
-6.728495e-002 2.728750e-001 
1
2
6 5 1 2 0 -1
6 6 1 1 0 2
haar_y2
8.314284e-003 0 -1
-3.338106e-002 4.357608e-001 
1
2
2 7 4 3 0 -1
3 7 2 3 0 2
haar_x4
4.352553e-002 0 -1
2.984069e-002 -6.213621e-001 
1
2
3 2 4 3 0 -1
3 3 4 1 0 3
haar_y3
-3.359612e-004 0 -1
1.489629e-001 -1.138979e-001 
1
2
1 3 8 2 0 -1
1 4 8 1 0 2
haar_y2
4.369179e-002 0 -1
4.822711e-002 -4.262391e-001 
1
3
5 0 2 10 0 -1
6 0 1 5 0 2
5 5 1 5 0 2
haar_x2_y2
-3.601363e-003 0 -1
6.041652e-002 -1.756332e-001 
1
2
3 6 4 4 0 -1
4 6 2 4 0 2
haar_x4
-3.268887e-002 0 -1
-2.892580e-001 5.540522e-002 
1
3
5 0 2 10 0 -1
6 0 1 5 0 2
5 5 1 5 0 2
haar_x2_y2
5.580696e-002 0 -1
7.255192e-003 -8.075059e-001 
1
3
3 0 2 10 0 -1
3 0 1 5 0 2
4 5 1 5 0 2
haar_x2_y2
-6.467427e-003 0 -1
8.192210e-002 -2.225609e-001 
1
2
2 0 6 4 0 -1
4 0 2 4 0 3
haar_x3
-4.118338e-002 0 -1
5.613686e-001 -4.356415e-002 
1
2
4 1 1 3 0 -1
3 2 1 1 0 3
tilted_haar_y3
-2.489477e-002 0 -1
-3.683358e-001 4.929719e-002 
1
2
0 7 10 3 0 -1
0 8 10 1 0 3
haar_y3
1.570392e-002 0 -1
-1.445265e-001 1.194760e-001 
1
2
0 8 2 1 0 -1
1 8 1 1 0 2
haar_x2
-3.093193e-004 0 -1
1.093713e-001 -1.820409e-001 
1
3
8 1 2 8 0 -1
9 1 1 4 0 2
8 5 1 4 0 2
haar_x2_y2
-5.054280e-002 0 -1
-3.698111e-001 3.216187e-002 
1
2
0 6 6 3 0 -1
3 6 3 3 0 2
haar_x2
-1.493332e-001 0 -1
-3.057443e-001 5.314981e-002 
1
2
7 6 3 3 0 -1
8 7 1 1 0 9
haar_point
2.010340e-002 0 -1
-6.315620e-002 1.155079e-001 
1
2
3 0 2 3 0 -1
2 1 2 1 0 3
tilted_haar_y3
9.405429e-003 0 -1
7.137524e-002 -2.125730e-001 
1
2
1 6 8 2 0 -1
1 6 4 2 0 2
haar_x2
-7.654411e-002 0 -1
-2.698245e-001 6.328993e-002 
1
2
1 0 6 5 0 -1
3 0 2 5 0 3
haar_x3
-2.190404e-002 0 -1
2.252808e-001 -8.555214e-002 
-1.137883e+000

11
-1
