14
1
2
2 0 8 6 0 -1
2 2 8 2 0 3
haar_y3
-2.661246e-001 0 -1
7.448044e-001 -4.238383e-001 
1
2
4 2 7 3 0 -1
4 3 7 1 0 3
haar_y3
-1.465466e-001 0 -1
6.623120e-001 -2.007015e-001 
1
2
3 2 9 2 0 -1
6 2 3 2 0 3
haar_x3
3.931509e-002 0 -1
-3.874354e-001 4.927922e-001 
1
2
9 7 3 1 0 -1
10 7 1 1 0 3
haar_x3
-8.790814e-003 0 -1
-8.375980e-001 1.368568e-001 
1
2
0 0 4 2 0 -1
0 1 4 1 0 2
haar_y2
-6.166266e-004 0 -1
2.772449e-001 -4.619983e-001 
1
2
10 2 3 6 0 -1
10 5 3 3 0 2
haar_y2
3.280339e-002 0 -1
-5.441312e-001 3.168828e-001 
1
2
4 6 3 2 0 -1
5 6 1 2 0 3
haar_x3
7.134240e-003 0 -1
1.735151e-001 -6.671955e-001 
1
2
8 5 3 3 0 -1
9 5 1 3 0 3
haar_x3
-2.310929e-002 0 -1
-8.625383e-001 8.522370e-002 
1
2
4 5 3 3 0 -1
5 5 1 3 0 3
haar_x3
-1.700998e-002 0 -1
-8.718957e-001 1.191516e-001 
1
2
13 2 2 2 0 -1
13 2 1 2 0 2
haar_x2
-1.585703e-003 0 -1
2.394967e-001 -4.214580e-001 
1
2
3 6 9 1 0 -1
6 6 3 1 0 3
haar_x3
-2.655760e-002 0 -1
3.954642e-001 -2.414297e-001 
1
3
7 2 6 4 0 -1
10 2 3 2 0 2
7 4 3 2 0 2
haar_x2_y2
5.752301e-002 0 -1
-1.124064e-001 5.276594e-001 
1
2
5 2 4 2 0 -1
5 3 4 1 0 2
haar_y2
5.615760e-002 0 -1
-1.435562e-001 7.669706e-001 
1
2
14 1 1 3 0 -1
14 2 1 1 0 3
haar_y3
5.112072e-003 0 -1
1.749658e-001 -5.032076e-001 
-1.607176e+000

1
-1
