29
1
2
2 0 6 1 0 -1
4 2 2 1 0 3
tilted_haar_x3
-1.379110e-001 0 -1
6.411092e-001 -7.887741e-001 
1
2
4 2 4 6 0 -1
4 5 4 3 0 2
haar_y2
1.093238e-001 0 -1
-7.113819e-001 3.156467e-001 
1
2
0 2 3 6 0 -1
0 5 3 3 0 2
haar_y2
1.114698e-001 0 -1
-7.272630e-001 3.612735e-001 
1
2
4 1 3 2 0 -1
5 2 1 2 0 3
tilted_haar_y3
-6.290914e-002 0 -1
2.651826e-001 -5.550972e-001 
1
2
1 4 4 2 0 -1
3 4 2 2 0 2
haar_x2
-1.047739e-003 0 -1
3.335148e-001 -4.753358e-001 
1
2
7 6 1 2 0 -1
7 7 1 1 0 2
haar_y2
5.980138e-004 0 -1
-4.860555e-001 3.114800e-001 
1
2
0 6 1 2 0 -1
0 7 1 1 0 2
haar_y2
6.837088e-004 0 -1
-4.893095e-001 2.643498e-001 
1
2
4 1 2 1 0 -1
4 1 1 1 0 2
tilted_haar_y2
-4.323129e-002 0 -1
6.694216e-001 -1.834542e-001 
1
2
0 4 1 4 0 -1
0 5 1 2 0 2
haar_y4
4.589614e-004 0 -1
-3.376704e-001 4.291355e-001 
1
2
0 3 8 3 0 -1
0 4 8 1 0 3
haar_y3
3.704311e-003 0 -1
-4.513581e-001 3.614481e-001 
1
2
1 1 3 6 0 -1
2 3 1 2 0 9
haar_point
-4.094094e-002 0 -1
3.798469e-001 -6.175941e-001 
1
2
2 2 6 3 0 -1
2 2 3 3 0 2
haar_x2
6.025555e-002 0 -1
-2.055455e-001 3.832871e-001 
1
2
4 2 3 3 0 -1
5 3 1 3 0 3
tilted_haar_x3
-2.269408e-003 0 -1
3.324668e-001 -5.908910e-001 
1
2
4 0 1 6 0 -1
4 3 1 3 0 2
haar_y2
-9.349308e-004 0 -1
1.623339e-001 -2.248243e-001 
1
2
1 2 4 2 0 -1
1 3 4 1 0 2
haar_y2
2.968713e-002 0 -1
-2.560541e-001 6.010545e-001 
1
2
5 2 1 6 0 -1
5 5 1 3 0 2
haar_y2
2.978939e-003 0 -1
-5.843893e-001 1.478409e-001 
1
2
4 1 2 2 0 -1
4 1 2 1 0 2
tilted_haar_y2
3.154319e-002 0 -1
-4.416715e-001 4.982547e-001 
1
2
4 0 3 8 0 -1
4 4 3 4 0 2
haar_y2
9.808136e-003 0 -1
-7.291664e-001 2.566584e-001 
1
2
2 2 1 6 0 -1
2 5 1 3 0 2
haar_y2
8.171526e-004 0 -1
-8.221611e-001 1.926650e-001 
1
2
2 2 6 3 0 -1
2 2 3 3 0 2
haar_x2
-5.467214e-003 0 -1
1.394005e-001 -6.002724e-001 
1
2
0 2 6 3 0 -1
3 2 3 3 0 2
haar_x2
-3.160571e-003 0 -1
5.105153e-001 -6.607031e-001 
1
2
3 3 3 4 0 -1
3 5 3 2 0 2
haar_y2
-5.797442e-004 0 -1
8.434803e-001 -2.392835e-001 
1
2
2 3 4 2 0 -1
4 3 2 2 0 2
haar_x2
-1.157897e-001 0 -1
7.845432e-001 -1.472445e-001 
1
2
2 2 6 2 0 -1
2 2 3 2 0 2
haar_x2
-6.254862e-003 0 -1
2.758482e-001 -2.021726e-001 
1
2
2 2 4 3 0 -1
3 2 2 3 0 2
haar_x4
4.903093e-003 0 -1
-2.305504e-001 5.520751e-001 
1
2
3 0 2 8 0 -1
3 2 2 4 0 2
haar_y4
-2.224952e-003 0 -1
1.526804e-001 -6.899285e-001 
1
2
0 2 8 6 0 -1
0 5 8 3 0 2
haar_y2
-2.752879e-002 0 -1
8.075507e-001 -1.821693e-001 
1
2
7 0 1 8 0 -1
7 2 1 4 0 2
haar_y4
-6.270081e-003 0 -1
2.406575e-001 -3.067884e-001 
1
2
2 7 4 1 0 -1
3 7 2 1 0 2
haar_x4
1.717785e-002 0 -1
1.004928e-001 -8.531852e-001 
-2.215277e+000

0
-1
