5
1
2
3 4 4 4 0 -1
3 6 4 2 0 2
haar_y2
-8.418454e-002 0 -1
8.202128e-001 -7.301268e-001 
1
2
3 3 4 4 0 -1
3 5 4 2 0 2
haar_y2
-8.113600e-002 0 -1
6.742791e-001 -5.611942e-001 
1
2
2 0 6 3 0 -1
4 0 2 3 0 3
haar_x3
5.193436e-002 0 -1
-5.111626e-001 5.296116e-001 
1
2
9 3 1 4 0 -1
9 3 1 2 0 2
tilted_haar_x2
-3.906830e-003 0 -1
-3.561720e-001 1.328675e-001 
1
2
2 0 1 2 0 -1
2 0 1 1 0 2
tilted_haar_y2
4.402936e-003 0 -1
2.453196e-001 -6.343062e-001 
-1.424297e+000

-1
-1
