29
1
2
0 2 1 3 0 -1
0 3 1 1 0 3
haar_y3
-2.530027e-001 0 -1
-7.127753e-001 2.741725e-001 
1
2
4 2 1 2 0 -1
4 2 1 1 0 2
tilted_haar_x2
3.356248e-003 0 -1
-1.977686e-001 9.206520e-002 
1
2
0 0 3 4 0 -1
1 0 1 4 0 3
haar_x3
-5.225303e-002 0 -1
1.992270e-001 -3.865884e-001 
1
2
1 0 4 3 0 -1
2 0 2 3 0 2
haar_x4
8.563069e-001 0 -1
9.379462e-002 -7.028450e-001 
1
2
0 0 4 3 0 -1
1 0 2 3 0 2
haar_x4
-7.086489e-002 0 -1
-4.853309e-001 1.488345e-001 
1
2
1 0 3 2 0 -1
1 1 3 1 0 2
haar_y2
2.396592e-001 0 -1
8.774683e-002 -5.351387e-001 
1
3
1 1 2 4 0 -1
1 1 1 2 0 2
2 3 1 2 0 2
haar_x2_y2
-6.301118e-002 0 -1
1.801624e-001 -2.976786e-001 
1
2
4 2 1 2 0 -1
4 3 1 1 0 2
haar_y2
-1.756659e-001 0 -1
-6.478357e-001 1.649358e-001 
1
2
0 2 1 2 0 -1
0 3 1 1 0 2
haar_y2
7.084614e-002 0 -1
1.035810e-001 -6.736867e-001 
1
3
3 2 2 2 0 -1
4 2 1 1 0 2
3 3 1 1 0 2
haar_x2_y2
-5.227126e-002 0 -1
1.692183e-001 -2.381615e-001 
1
2
0 4 3 1 0 -1
1 4 1 1 0 3
haar_x3
7.853253e-002 0 -1
1.307512e-001 -4.589967e-001 
1
3
3 2 2 2 0 -1
4 2 1 1 0 2
3 3 1 1 0 2
haar_x2_y2
2.094544e-001 0 -1
1.211914e-002 -5.152331e-001 
1
3
0 2 2 2 0 -1
0 2 1 1 0 2
1 3 1 1 0 2
haar_x2_y2
-3.682068e-002 0 -1
2.028458e-001 -2.462456e-001 
1
2
1 4 4 1 0 -1
1 4 2 1 0 2
haar_x2
3.067638e-001 0 -1
-4.741063e-002 5.433673e-001 
1
2
1 2 2 1 0 -1
1 2 1 1 0 2
tilted_haar_x2
-2.776945e-002 0 -1
-2.846279e-001 7.839432e-002 
1
2
3 0 1 2 0 -1
3 1 1 1 0 2
haar_y2
3.430421e-003 0 -1
-1.061183e-001 7.122082e-002 
1
2
0 3 4 2 0 -1
1 3 2 2 0 2
haar_x4
-2.399868e-001 0 -1
-2.824221e-001 8.274751e-002 
1
2
1 4 4 1 0 -1
2 4 2 1 0 2
haar_x4
-3.809267e-001 0 -1
5.436306e-001 -3.022106e-002 
1
2
0 0 2 4 0 -1
1 0 1 4 0 2
haar_x2
-9.088442e-001 0 -1
7.280365e-001 -3.286912e-002 
1
2
2 0 1 4 0 -1
2 2 1 2 0 2
haar_y2
-2.948090e-001 0 -1
1.988891e-001 -1.177971e-001 
1
2
1 0 1 2 0 -1
1 1 1 1 0 2
haar_y2
3.712507e-003 0 -1
-1.945311e-001 1.319349e-001 
1
2
1 1 3 3 0 -1
2 2 1 1 0 9
haar_point
1.344735e+000 0 -1
-5.095694e-002 4.801171e-001 
1
2
0 2 1 3 0 -1
0 3 1 1 0 3
haar_y3
-2.540714e-001 0 -1
3.477201e-001 -7.136475e-002 
1
2
2 0 1 4 0 -1
2 1 1 2 0 2
haar_y4
3.174325e-001 0 -1
4.060495e-002 -4.641860e-001 
1
2
0 2 5 3 0 -1
0 3 5 1 0 3
haar_y3
-1.766085e+000 0 -1
-5.163007e-001 3.567826e-002 
1
2
1 4 3 1 0 -1
2 4 1 1 0 3
haar_x3
9.416884e-002 0 -1
8.753975e-002 -2.415539e-001 
1
3
1 1 2 4 0 -1
1 1 1 2 0 2
2 3 1 2 0 2
haar_x2_y2
-5.102926e-001 0 -1
-6.975345e-001 2.216952e-002 
1
2
4 1 1 4 0 -1
4 3 1 2 0 2
haar_y2
4.524053e-002 0 -1
5.764506e-002 -3.652487e-001 
1
2
0 3 1 2 0 -1
0 4 1 1 0 2
haar_y2
-2.026261e-001 0 -1
-5.302790e-001 2.966513e-002 
-1.297308e+000

7
-1
