9
1
2
0 4 1 4 0 -1
0 6 1 2 0 2
haar_y2
4.352857e-002 0 -1
4.560173e-001 -6.782326e-001 
1
2
2 2 4 2 0 -1
2 3 4 1 0 2
haar_y2
9.077396e-003 0 -1
-3.466312e-001 7.256165e-001 
1
2
2 0 4 6 0 -1
2 2 4 2 0 3
haar_y3
3.896562e-001 0 -1
-2.926107e-001 6.746784e-001 
1
2
6 5 2 2 0 -1
6 5 1 2 0 2
haar_x2
-1.440617e-002 0 -1
4.673843e-001 -3.100112e-001 
1
2
1 0 3 2 0 -1
2 0 1 2 0 3
haar_x3
-6.819741e-003 0 -1
3.631117e-001 -3.968947e-001 
1
2
7 3 1 4 0 -1
7 5 1 2 0 2
haar_y2
4.382106e-002 0 -1
1.570825e-001 -6.175901e-001 
1
2
0 3 1 4 0 -1
0 5 1 2 0 2
haar_y2
-5.953117e-002 0 -1
-6.669356e-001 2.796949e-001 
1
2
2 0 6 8 0 -1
2 4 6 4 0 2
haar_y2
-6.659523e-001 0 -1
3.691203e-001 -3.195173e-001 
1
3
0 0 4 4 0 -1
0 0 2 2 0 2
2 2 2 2 0 2
haar_x2_y2
-3.418766e-002 0 -1
5.219786e-001 -1.926617e-001 
-1.339775e+000

7
-1
