18
1
2
5 3 3 3 0 -1
5 4 3 1 0 3
haar_y3
6.344890e-002 0 -1
-2.518312e-001 5.525947e-001 
1
2
10 0 3 8 0 -1
10 2 3 4 0 2
haar_y4
-9.003285e-002 0 -1
3.480974e-001 -3.283364e-001 
1
2
3 2 7 3 0 -1
3 3 7 1 0 3
haar_y3
1.234216e-001 0 -1
-1.113610e-001 6.669073e-001 
1
2
8 1 6 6 0 -1
10 3 2 2 0 9
haar_point
-3.741667e-001 0 -1
3.004559e-001 -7.153200e-002 
1
2
4 2 4 1 0 -1
4 2 2 1 0 2
tilted_haar_x2
-2.436238e-002 0 -1
2.157991e-001 -3.535427e-001 
1
2
8 1 2 5 0 -1
8 1 1 5 0 2
tilted_haar_y2
-8.181848e-002 0 -1
-6.004553e-001 9.644549e-002 
1
2
3 5 2 1 0 -1
3 5 1 1 0 2
tilted_haar_x2
2.042074e-002 0 -1
6.924696e-002 -9.025717e-001 
1
2
6 1 5 3 0 -1
6 2 5 1 0 3
haar_y3
1.031263e-001 0 -1
-1.455533e-001 4.402976e-001 
1
3
4 0 6 6 0 -1
4 0 3 3 0 2
7 3 3 3 0 2
haar_x2_y2
-5.449697e-002 0 -1
-5.978743e-001 1.110735e-001 
1
3
6 0 4 8 0 -1
8 0 2 4 0 2
6 4 2 4 0 2
haar_x2_y2
2.634934e-002 0 -1
1.124737e-001 -5.702707e-001 
1
3
5 0 4 8 0 -1
5 0 2 4 0 2
7 4 2 4 0 2
haar_x2_y2
4.209018e-002 0 -1
1.179035e-001 -7.126636e-001 
1
2
13 7 2 1 0 -1
13 7 1 1 0 2
haar_x2
4.368490e-004 0 -1
-3.110878e-001 1.913932e-001 
1
2
0 0 2 5 0 -1
1 0 1 5 0 2
haar_x2
-4.269483e-004 0 -1
1.872269e-001 -3.999391e-001 
1
2
13 7 2 1 0 -1
13 7 1 1 0 2
haar_x2
-4.727843e-003 0 -1
-3.924783e-001 4.803826e-002 
1
2
0 7 2 1 0 -1
1 7 1 1 0 2
haar_x2
4.871135e-004 0 -1
-2.707582e-001 2.464138e-001 
1
2
5 0 7 3 0 -1
5 1 7 1 0 3
haar_y3
6.186777e-002 0 -1
-1.985756e-001 3.161460e-001 
1
2
0 0 1 4 0 -1
0 1 1 2 0 2
haar_y4
1.287605e-002 0 -1
9.502932e-002 -6.929152e-001 
1
3
1 0 14 2 0 -1
8 0 7 1 0 2
1 1 7 1 0 2
haar_x2_y2
-3.125422e-002 0 -1
-6.296518e-001 1.318529e-001 
-1.040714e+000

6
-1
