83
1
2
1 2 6 3 0 -1
3 2 2 3 0 3
haar_x3
-1.012110e-001 0 -1
1.932761e-001 -3.931215e-001 
1
2
0 2 8 6 0 -1
0 5 8 3 0 2
haar_y2
8.108008e-001 0 -1
-2.846991e-001 2.009970e-001 
1
2
0 0 8 1 0 -1
4 0 4 1 0 2
haar_x2
3.283542e-002 0 -1
-2.214086e-001 2.063876e-001 
1
2
7 1 1 3 0 -1
7 2 1 1 0 3
haar_y3
9.262513e-004 0 -1
-1.303883e-001 1.778676e-001 
1
2
3 4 3 1 0 -1
4 5 1 1 0 3
tilted_haar_x3
1.689764e-002 0 -1
1.153184e-001 -2.964773e-001 
1
2
3 6 3 2 0 -1
4 6 1 2 0 3
haar_x3
2.434338e-002 0 -1
4.091550e-002 -6.703147e-001 
1
2
3 0 1 3 0 -1
2 1 1 1 0 3
tilted_haar_y3
2.986335e-002 0 -1
5.594976e-002 -4.540095e-001 
1
2
4 0 3 1 0 -1
5 0 1 1 0 3
haar_x3
-2.051671e-002 0 -1
-6.710743e-001 2.353118e-002 
1
2
1 0 3 1 0 -1
2 0 1 1 0 3
haar_x3
1.316416e-002 0 -1
4.193462e-002 -5.866240e-001 
1
2
3 0 2 2 0 -1
3 1 2 1 0 2
haar_y2
3.460459e-002 0 -1
-8.894560e-002 2.822526e-001 
1
2
1 5 2 1 0 -1
1 5 1 1 0 2
tilted_haar_x2
-3.753389e-002 0 -1
-4.799666e-001 5.332937e-002 
1
2
7 0 1 8 0 -1
7 2 1 4 0 2
haar_y4
-2.070031e-002 0 -1
8.160539e-002 -3.545601e-001 
1
2
0 3 2 3 0 -1
1 3 1 3 0 2
haar_x2
2.958409e-002 0 -1
-8.837871e-002 2.890953e-001 
1
2
5 3 3 3 0 -1
6 3 1 3 0 3
haar_x3
-4.080032e-002 0 -1
2.390953e-001 -5.197172e-002 
1
2
0 3 3 3 0 -1
1 3 1 3 0 3
haar_x3
-3.375955e-002 0 -1
2.807791e-001 -1.051892e-001 
1
2
4 3 3 2 0 -1
5 3 1 2 0 3
haar_x3
-2.559398e-002 0 -1
2.266319e-001 -8.532829e-002 
1
2
3 1 4 2 0 -1
4 2 2 2 0 2
tilted_haar_x4
-1.462153e-001 0 -1
2.044060e-001 -1.460811e-001 
1
2
7 1 1 3 0 -1
7 2 1 1 0 3
haar_y3
-8.742674e-002 0 -1
-5.709740e-001 8.547681e-003 
1
2
0 1 1 3 0 -1
0 2 1 1 0 3
haar_y3
4.159207e-002 0 -1
4.141672e-002 -6.050481e-001 
1
2
7 1 1 2 0 -1
7 2 1 1 0 2
haar_y2
-5.197342e-002 0 -1
-4.455452e-001 1.880782e-002 
1
2
2 6 3 2 0 -1
3 6 1 2 0 3
haar_x3
-2.930342e-002 0 -1
-5.559714e-001 4.150622e-002 
1
2
6 2 2 3 0 -1
6 3 2 1 0 3
haar_y3
-1.768544e-001 0 -1
-6.602914e-001 2.081492e-002 
1
2
2 0 2 2 0 -1
2 0 2 1 0 2
tilted_haar_y2
1.068258e-001 0 -1
2.467428e-002 -7.770292e-001 
1
2
6 2 2 3 0 -1
6 3 2 1 0 3
haar_y3
1.364350e-001 0 -1
-7.409384e-004 -9.023089e-001 
1
2
0 2 2 3 0 -1
0 3 2 1 0 3
haar_y3
-1.743768e-003 0 -1
9.994003e-002 -2.258554e-001 
1
2
3 7 3 1 0 -1
4 7 1 1 0 3
haar_x3
-1.070770e-002 0 -1
-3.479852e-001 3.829392e-002 
1
2
0 6 6 2 0 -1
0 7 6 1 0 2
haar_y2
3.115624e-002 0 -1
-1.656568e-001 1.275203e-001 
1
2
3 2 2 4 0 -1
3 2 1 4 0 2
haar_x2
5.692520e-002 0 -1
-6.419267e-002 2.902195e-001 
1
2
0 0 3 2 0 -1
1 0 1 2 0 3
haar_x3
-2.942152e-002 0 -1
-4.006032e-001 4.929671e-002 
1
2
2 7 4 1 0 -1
3 7 2 1 0 2
haar_x4
-7.088229e-004 0 -1
1.352368e-001 -1.403317e-001 
1
2
0 3 3 3 0 -1
1 3 1 3 0 3
haar_x3
9.561457e-002 0 -1
-6.093264e-002 3.015570e-001 
1
2
2 2 4 6 0 -1
2 5 4 3 0 2
haar_y2
1.217401e-001 0 -1
-4.771922e-001 3.939981e-002 
1
3
0 5 8 2 0 -1
0 5 4 1 0 2
4 6 4 1 0 2
haar_x2_y2
1.592033e-001 0 -1
1.832705e-002 -8.058048e-001 
1
2
4 7 3 1 0 -1
5 7 1 1 0 3
haar_x3
9.447472e-003 0 -1
5.103676e-002 -4.716423e-001 
1
2
2 5 2 1 0 -1
2 5 1 1 0 2
tilted_haar_x2
-5.566933e-002 0 -1
-6.380290e-001 2.086184e-002 
1
2
5 5 3 1 0 -1
6 5 1 1 0 3
haar_x3
-8.572674e-002 0 -1
5.136296e-001 -1.249815e-002 
1
2
0 5 3 1 0 -1
1 5 1 1 0 3
haar_x3
-7.294514e-004 0 -1
1.527342e-001 -1.090240e-001 
1
2
4 0 3 1 0 -1
5 0 1 1 0 3
haar_x3
1.469022e-002 0 -1
3.466899e-002 -3.077067e-001 
1
2
0 0 8 1 0 -1
2 0 4 1 0 2
haar_x4
3.229317e-002 0 -1
-7.399942e-002 2.616489e-001 
1
2
3 0 3 1 0 -1
4 0 1 1 0 3
haar_x3
1.950468e-002 0 -1
2.592750e-002 -5.765823e-001 
1
2
2 0 3 1 0 -1
3 0 1 1 0 3
haar_x3
5.530864e-003 0 -1
8.470046e-002 -3.120780e-001 
1
2
4 0 3 1 0 -1
5 0 1 1 0 3
haar_x3
3.216331e-002 0 -1
6.316044e-003 -6.118684e-001 
1
2
1 0 3 1 0 -1
2 0 1 1 0 3
haar_x3
-7.658921e-004 0 -1
1.090940e-001 -1.647909e-001 
1
2
0 0 8 1 0 -1
2 0 4 1 0 2
haar_x4
8.863069e-002 0 -1
-3.177929e-002 5.863414e-001 
1
3
0 0 6 2 0 -1
0 0 3 1 0 2
3 1 3 1 0 2
haar_x2_y2
4.994479e-002 0 -1
-6.062436e-002 2.762877e-001 
1
2
2 3 4 5 0 -1
3 3 2 5 0 2
haar_x4
-9.377576e-002 0 -1
1.682660e-001 -9.779520e-002 
1
2
1 3 3 2 0 -1
2 3 1 2 0 3
haar_x3
-8.632793e-003 0 -1
1.762827e-001 -1.221649e-001 
1
3
5 4 2 2 0 -1
6 4 1 1 0 2
5 5 1 1 0 2
haar_x2_y2
1.568184e-002 0 -1
-4.153592e-002 1.176730e-001 
1
2
0 0 3 1 0 -1
1 0 1 1 0 3
haar_x3
9.334296e-003 0 -1
5.650423e-002 -3.325726e-001 
1
3
5 4 2 2 0 -1
6 4 1 1 0 2
5 5 1 1 0 2
haar_x2_y2
-1.292073e-002 0 -1
2.020398e-001 -4.337825e-002 
1
3
1 4 2 2 0 -1
1 4 1 1 0 2
2 5 1 1 0 2
haar_x2_y2
-6.325762e-004 0 -1
1.568599e-001 -1.173561e-001 
1
2
0 1 8 1 0 -1
2 1 4 1 0 2
haar_x4
-2.237663e-002 0 -1
1.629899e-001 -1.056851e-001 
1
2
1 0 4 3 0 -1
2 0 2 3 0 2
haar_x4
-5.131422e-002 0 -1
-3.400491e-001 5.195986e-002 
1
2
6 0 1 4 0 -1
6 0 1 2 0 2
tilted_haar_x2
2.352725e-001 0 -1
-1.965149e-002 3.365047e-001 
1
2
0 0 8 6 0 -1
4 0 4 6 0 2
haar_x2
-4.241686e-001 0 -1
2.858381e-001 -5.546944e-002 
1
2
2 7 6 1 0 -1
2 7 3 1 0 2
haar_x2
-1.213779e-002 0 -1
1.074980e-001 -7.388358e-002 
1
2
3 2 3 2 0 -1
3 2 3 1 0 2
tilted_haar_y2
-2.373884e-001 0 -1
3.456996e-001 -4.316791e-002 
1
2
7 0 1 8 0 -1
7 2 1 4 0 2
haar_y4
-7.143372e-002 0 -1
9.641461e-002 -1.323479e-001 
1
3
1 3 2 2 0 -1
1 3 1 1 0 2
2 4 1 1 0 2
haar_x2_y2
-1.523182e-002 0 -1
2.253770e-001 -6.994662e-002 
1
2
6 4 1 3 0 -1
5 5 1 1 0 3
tilted_haar_x3
-8.001463e-002 0 -1
-5.584151e-001 2.714779e-002 
1
2
0 1 8 2 0 -1
4 1 4 2 0 2
haar_x2
5.200899e-002 0 -1
-1.361381e-001 1.327720e-001 
1
2
5 2 3 4 0 -1
5 4 3 2 0 2
haar_y2
1.311634e-001 0 -1
-7.404263e-002 1.020846e-001 
1
2
0 3 3 2 0 -1
0 4 3 1 0 2
haar_y2
9.936911e-002 0 -1
5.030507e-002 -3.277171e-001 
1
2
3 2 3 3 0 -1
4 3 1 1 0 9
haar_point
-1.134742e-001 0 -1
1.197318e-001 -1.263511e-001 
1
3
3 2 2 2 0 -1
3 2 1 1 0 2
4 3 1 1 0 2
haar_x2_y2
7.664207e-003 0 -1
-7.418143e-002 2.269093e-001 
1
2
3 1 3 2 0 -1
4 1 1 2 0 3
haar_x3
-1.926931e-002 0 -1
-2.684403e-001 6.324455e-002 
1
2
2 0 2 3 0 -1
3 0 1 3 0 2
haar_x2
5.338426e-002 0 -1
1.835216e-002 -7.862156e-001 
1
3
4 3 2 2 0 -1
5 3 1 1 0 2
4 4 1 1 0 2
haar_x2_y2
-1.182178e-002 0 -1
1.638720e-001 -6.794219e-002 
1
2
4 0 4 3 0 -1
3 1 4 1 0 3
tilted_haar_y3
-1.186985e-001 0 -1
9.200247e-002 -1.719203e-001 
1
2
7 6 1 2 0 -1
7 7 1 1 0 2
haar_y2
5.636923e-004 0 -1
-1.800719e-001 7.130992e-002 
1
2
0 6 1 2 0 -1
0 7 1 1 0 2
haar_y2
-2.745029e-002 0 -1
-7.135617e-001 1.810824e-002 
1
2
3 6 3 1 0 -1
4 6 1 1 0 3
haar_x3
3.267276e-002 0 -1
1.637001e-003 -8.704714e-001 
1
2
0 7 8 1 0 -1
2 7 4 1 0 2
haar_x4
2.004955e-002 0 -1
-6.303624e-002 2.095445e-001 
1
2
4 7 3 1 0 -1
5 7 1 1 0 3
haar_x3
-1.323032e-002 0 -1
-4.470761e-001 5.711124e-002 
1
2
4 0 4 1 0 -1
5 1 2 1 0 2
tilted_haar_x4
-1.080447e-001 0 -1
3.090643e-001 -4.931912e-002 
1
3
1 3 6 2 0 -1
4 3 3 1 0 2
1 4 3 1 0 2
haar_x2_y2
-9.301640e-002 0 -1
-5.564970e-001 2.640928e-002 
1
3
3 3 2 2 0 -1
3 3 1 1 0 2
4 4 1 1 0 2
haar_x2_y2
2.339819e-002 0 -1
-4.607012e-002 4.030263e-001 
1
2
5 7 2 1 0 -1
5 7 1 1 0 2
haar_x2
1.868008e-002 0 -1
1.399264e-002 -6.435006e-001 
1
3
2 5 2 2 0 -1
2 5 1 1 0 2
3 6 1 1 0 2
haar_x2_y2
-5.678509e-004 0 -1
1.600343e-001 -8.430625e-002 
1
2
3 4 3 3 0 -1
4 4 1 3 0 3
haar_x3
-4.385059e-003 0 -1
6.930583e-002 -1.495205e-001 
1
2
2 4 3 3 0 -1
3 4 1 3 0 3
haar_x3
-1.046704e-002 0 -1
9.405414e-002 -1.564841e-001 
1
2
3 3 3 2 0 -1
4 3 1 2 0 3
haar_x3
2.984780e-002 0 -1
-2.760893e-002 2.417343e-001 
1
2
2 2 3 6 0 -1
3 2 1 6 0 3
haar_x3
-1.918852e-001 0 -1
-7.406862e-001 2.048357e-002 
-1.215482e+000

13
-1
