239
1
2
0 2 3 3 0 -1
1 3 1 1 0 9
haar_point
-7.506509e-001 0 -1
2.358939e-001 -2.325643e-001 
1
2
1 0 3 2 0 -1
2 0 1 2 0 3
haar_x3
1.431631e-001 0 -1
-3.611565e-001 1.113051e-001 
1
2
2 0 1 2 0 -1
2 1 1 1 0 2
haar_y2
4.599075e-002 0 -1
8.861136e-002 -2.826208e-001 
1
3
1 1 4 2 0 -1
3 1 2 1 0 2
1 2 2 1 0 2
haar_x2_y2
-8.504165e-002 0 -1
-2.424774e-001 9.400659e-002 
1
3
0 1 4 2 0 -1
0 1 2 1 0 2
2 2 2 1 0 2
haar_x2_y2
-5.589760e-002 0 -1
-1.939062e-001 1.473658e-001 
1
3
1 3 4 2 0 -1
3 3 2 1 0 2
1 4 2 1 0 2
haar_x2_y2
3.768876e-001 0 -1
2.765448e-002 -4.570889e-001 
1
3
0 3 4 2 0 -1
0 3 2 1 0 2
2 4 2 1 0 2
haar_x2_y2
3.333387e-003 0 -1
-1.721925e-001 1.258436e-001 
1
2
2 0 1 2 0 -1
2 1 1 1 0 2
haar_y2
2.038078e-003 0 -1
-1.756817e-001 1.211096e-001 
1
2
0 3 4 2 0 -1
0 4 4 1 0 2
haar_y2
4.856500e-001 0 -1
-6.708145e-002 2.427305e-001 
1
2
0 2 5 3 0 -1
0 3 5 1 0 3
haar_y3
2.220071e-001 0 -1
-2.864332e-002 4.061175e-001 
1
2
1 3 3 2 0 -1
2 3 1 2 0 3
haar_x3
2.121306e-001 0 -1
4.048312e-002 -2.925593e-001 
1
2
1 3 4 2 0 -1
2 3 2 2 0 2
haar_x4
9.712401e-002 0 -1
4.372583e-002 -2.480035e-001 
1
2
0 3 4 2 0 -1
1 3 2 2 0 2
haar_x4
-2.852689e-001 0 -1
-2.884652e-001 5.607133e-002 
1
2
3 0 2 1 0 -1
3 0 1 1 0 2
tilted_haar_y2
4.702619e-001 0 -1
1.492861e-002 -3.644898e-001 
1
2
0 0 3 4 0 -1
1 0 1 4 0 3
haar_x3
-3.210187e-001 0 -1
1.252104e-001 -1.083477e-001 
1
3
2 0 2 2 0 -1
3 0 1 1 0 2
2 1 1 1 0 2
haar_x2_y2
3.509481e-002 0 -1
5.489064e-002 -1.797868e-001 
1
3
0 0 4 2 0 -1
0 0 2 1 0 2
2 1 2 1 0 2
haar_x2_y2
1.250544e-001 0 -1
4.561579e-002 -2.368985e-001 
1
2
4 0 1 2 0 -1
4 1 1 1 0 2
haar_y2
2.604818e-003 0 -1
-6.969259e-002 4.789820e-002 
1
2
1 2 3 2 0 -1
1 3 3 1 0 2
haar_y2
-6.167536e-001 0 -1
1.792020e-001 -4.869509e-002 
1
2
2 1 1 3 0 -1
2 2 1 1 0 3
haar_y3
3.096759e-001 0 -1
4.111417e-002 -2.946912e-001 
1
2
0 0 5 4 0 -1
0 1 5 2 0 2
haar_y4
1.624566e-001 0 -1
2.619381e-001 -3.703254e-002 
1
2
2 1 1 3 0 -1
2 2 1 1 0 3
haar_y3
1.369061e-001 0 -1
-1.084518e-001 7.630657e-002 
1
2
1 0 2 2 0 -1
1 1 2 1 0 2
haar_y2
-5.096170e-002 0 -1
-2.173432e-001 3.605540e-002 
1
2
2 0 2 4 0 -1
2 1 2 2 0 2
haar_y4
5.471010e-001 0 -1
2.720585e-002 -1.552443e-001 
1
2
1 0 3 1 0 -1
2 0 1 1 0 3
haar_x3
-3.221982e-001 0 -1
8.350754e-001 -9.589488e-003 
1
2
1 4 3 1 0 -1
2 4 1 1 0 3
haar_x3
3.504703e-003 0 -1
-8.518852e-002 8.942097e-002 
1
3
0 3 2 2 0 -1
0 3 1 1 0 2
1 4 1 1 0 2
haar_x2_y2
-1.685596e-001 0 -1
3.428828e-001 -1.953571e-002 
1
2
3 1 2 3 0 -1
3 2 2 1 0 3
haar_y3
7.760218e-002 0 -1
-4.534272e-002 3.581254e-002 
1
2
0 1 2 3 0 -1
0 2 2 1 0 3
haar_y3
3.876159e-001 0 -1
3.012960e-002 -2.799196e-001 
1
2
4 2 1 2 0 -1
4 3 1 1 0 2
haar_y2
-9.983374e-002 0 -1
-8.394442e-002 2.932527e-002 
1
2
0 2 1 2 0 -1
0 3 1 1 0 2
haar_y2
-2.986013e-003 0 -1
5.665983e-002 -1.484550e-001 
1
2
4 1 1 4 0 -1
4 3 1 2 0 2
haar_y2
-4.489856e-001 0 -1
-3.251477e-001 1.527070e-002 
1
2
0 1 1 4 0 -1
0 3 1 2 0 2
haar_y2
-3.234384e-001 0 -1
-2.014613e-001 3.228824e-002 
1
2
0 3 5 2 0 -1
0 4 5 1 0 2
haar_y2
1.058142e+000 0 -1
1.058035e-002 -5.261083e-001 
1
2
2 0 1 2 0 -1
2 1 1 1 0 2
haar_y2
-2.327003e-003 0 -1
1.160268e-001 -5.678156e-002 
1
3
2 0 2 2 0 -1
3 0 1 1 0 2
2 1 1 1 0 2
haar_x2_y2
1.089735e-001 0 -1
1.394366e-002 -2.677650e-001 
1
2
1 1 3 1 0 -1
2 1 1 1 0 3
haar_x3
1.430493e-001 0 -1
-9.517971e-002 1.064685e-001 
1
2
0 2 5 2 0 -1
0 3 5 1 0 2
haar_y2
-8.366868e-001 0 -1
2.137748e-001 -3.769017e-002 
1
2
1 0 3 1 0 -1
2 0 1 1 0 3
haar_x3
-1.108783e-001 0 -1
4.813667e-001 -1.327618e-002 
1
2
2 0 1 2 0 -1
2 1 1 1 0 2
haar_y2
-4.720836e-002 0 -1
-2.555240e-001 2.674568e-002 
1
3
0 3 2 2 0 -1
0 3 1 1 0 2
1 4 1 1 0 2
haar_x2_y2
3.838089e-002 0 -1
-9.066639e-002 7.270765e-002 
1
2
0 0 5 2 0 -1
0 1 5 1 0 2
haar_y2
7.637199e-001 0 -1
-1.666993e-002 3.614259e-001 
1
2
0 1 1 2 0 -1
0 2 1 1 0 2
haar_y2
-2.433976e-003 0 -1
5.756802e-002 -1.186493e-001 
1
3
3 1 2 4 0 -1
4 1 1 2 0 2
3 3 1 2 0 2
haar_x2_y2
1.967705e-001 0 -1
-2.517599e-002 2.850355e-001 
1
2
1 2 3 2 0 -1
1 3 3 1 0 2
haar_y2
-4.726297e-001 0 -1
7.660178e-002 -1.012642e-001 
1
3
3 1 2 4 0 -1
4 1 1 2 0 2
3 3 1 2 0 2
haar_x2_y2
-7.467552e-001 0 -1
5.145162e-001 -1.165738e-002 
1
3
0 1 2 4 0 -1
0 1 1 2 0 2
1 3 1 2 0 2
haar_x2_y2
-6.039038e-001 0 -1
4.546395e-001 -1.309408e-002 
1
2
3 3 2 2 0 -1
3 3 1 2 0 2
haar_x2
-2.018344e-001 0 -1
-1.446427e-001 3.793436e-002 
1
2
1 0 4 1 0 -1
1 0 2 1 0 2
tilted_haar_x2
7.909831e-001 0 -1
3.032664e-002 -2.322417e-001 
1
2
2 0 2 4 0 -1
2 1 2 2 0 2
haar_y4
7.753220e-003 0 -1
1.927081e-001 -1.373043e-002 
1
2
0 3 4 1 0 -1
2 3 2 1 0 2
haar_x2
-2.110246e-003 0 -1
6.342322e-002 -1.307970e-001 
1
2
1 3 3 2 0 -1
1 4 3 1 0 2
haar_y2
-3.671355e-001 0 -1
2.573407e-001 -2.496544e-002 
1
2
1 0 2 4 0 -1
1 1 2 2 0 2
haar_y4
6.221117e-001 0 -1
1.912949e-002 -3.480583e-001 
1
3
2 2 2 2 0 -1
3 2 1 1 0 2
2 3 1 1 0 2
haar_x2_y2
-3.922841e-001 0 -1
-7.409112e-001 2.277701e-003 
1
3
1 2 2 2 0 -1
1 2 1 1 0 2
2 3 1 1 0 2
haar_x2_y2
2.516968e-003 0 -1
-4.155181e-002 1.538762e-001 
1
3
2 1 2 4 0 -1
3 1 1 2 0 2
2 3 1 2 0 2
haar_x2_y2
-1.283354e-001 0 -1
9.596928e-002 -8.953820e-002 
1
3
0 1 4 4 0 -1
0 1 2 2 0 2
2 3 2 2 0 2
haar_x2_y2
3.524102e-002 0 -1
3.352197e-002 -1.634017e-001 
1
2
3 3 2 2 0 -1
3 3 1 2 0 2
haar_x2
-1.603106e-003 0 -1
4.967797e-002 -1.382742e-001 
1
2
0 3 2 2 0 -1
1 3 1 2 0 2
haar_x2
-1.935133e-001 0 -1
-1.500921e-001 4.025643e-002 
1
2
1 0 4 1 0 -1
1 0 2 1 0 2
haar_x2
-1.397532e+000 0 -1
6.587472e-001 -6.459430e-003 
1
2
0 0 4 1 0 -1
2 0 2 1 0 2
haar_x2
-6.862114e-001 0 -1
6.029437e-001 -1.475024e-002 
1
2
4 2 1 3 0 -1
4 3 1 1 0 3
haar_y3
4.449695e-001 0 -1
6.116340e-003 -6.121070e-001 
1
2
1 0 1 3 0 -1
1 1 1 1 0 3
haar_y3
-1.226002e-001 0 -1
-4.193716e-001 1.436369e-002 
1
2
1 0 3 4 0 -1
1 2 3 2 0 2
haar_y2
-2.144503e-001 0 -1
-4.332789e-002 1.698749e-001 
1
2
2 0 3 2 0 -1
3 1 1 2 0 3
tilted_haar_x3
8.496556e-001 0 -1
2.902994e-002 -2.488545e-001 
1
2
4 2 1 3 0 -1
4 3 1 1 0 3
haar_y3
3.749623e-003 0 -1
-2.985617e-002 5.530298e-002 
1
2
0 2 1 3 0 -1
0 3 1 1 0 3
haar_y3
2.534908e-001 0 -1
1.334049e-002 -4.677476e-001 
1
3
2 2 2 2 0 -1
3 2 1 1 0 2
2 3 1 1 0 2
haar_x2_y2
1.121116e-003 0 -1
-3.928671e-002 1.094781e-001 
1
2
0 1 3 3 0 -1
1 2 1 1 0 9
haar_point
1.340906e+000 0 -1
-1.320741e-002 3.830089e-001 
1
2
2 1 2 1 0 -1
2 1 1 1 0 2
haar_x2
1.571188e-001 0 -1
2.399182e-002 -1.234777e-001 
1
2
1 1 2 1 0 -1
2 1 1 1 0 2
haar_x2
3.525452e-003 0 -1
-1.443627e-001 4.548391e-002 
1
2
3 0 2 2 0 -1
3 0 1 2 0 2
tilted_haar_y2
-4.558374e-001 0 -1
-1.000000e+000 1.383152e-003 
1
2
2 0 2 2 0 -1
2 0 2 1 0 2
tilted_haar_y2
6.103526e-001 0 -1
1.693218e-002 -3.120330e-001 
1
2
4 0 1 2 0 -1
4 1 1 1 0 2
haar_y2
5.585956e-001 0 -1
2.230812e-003 -8.533419e-001 
1
2
0 0 1 2 0 -1
0 1 1 1 0 2
haar_y2
-2.191230e-001 0 -1
4.891381e-001 -1.053940e-002 
1
2
1 0 4 1 0 -1
2 0 2 1 0 2
haar_x4
-4.131052e-001 0 -1
3.625459e-001 -8.654955e-003 
1
2
0 0 4 1 0 -1
1 0 2 1 0 2
haar_x4
2.846799e-003 0 -1
-1.378358e-001 5.335882e-002 
1
2
4 0 1 2 0 -1
4 1 1 1 0 2
haar_y2
-8.190221e-002 0 -1
-1.910726e-001 1.938386e-002 
1
2
0 0 1 2 0 -1
0 1 1 1 0 2
haar_y2
-3.177558e-003 0 -1
1.111294e-001 -5.611723e-002 
1
2
3 0 1 2 0 -1
3 1 1 1 0 2
haar_y2
2.841013e-003 0 -1
-6.712956e-002 3.865640e-002 
1
2
1 0 1 2 0 -1
1 1 1 1 0 2
haar_y2
2.667241e-003 0 -1
-9.753896e-002 5.643023e-002 
1
2
1 0 3 2 0 -1
1 1 3 1 0 2
haar_y2
1.053731e-001 0 -1
7.407615e-002 -1.202436e-001 
1
3
0 0 2 2 0 -1
0 0 1 1 0 2
1 1 1 1 0 2
haar_x2_y2
-1.813649e-003 0 -1
8.330455e-002 -8.429062e-002 
1
3
3 0 2 2 0 -1
4 0 1 1 0 2
3 1 1 1 0 2
haar_x2_y2
-1.170106e-001 0 -1
1.923770e-001 -2.817318e-002 
1
3
0 0 2 2 0 -1
0 0 1 1 0 2
1 1 1 1 0 2
haar_x2_y2
2.952131e-003 0 -1
-7.447726e-002 9.440555e-002 
1
3
3 0 2 2 0 -1
4 0 1 1 0 2
3 1 1 1 0 2
haar_x2_y2
1.156396e-001 0 -1
-2.553483e-002 1.956457e-001 
1
3
0 0 2 2 0 -1
0 0 1 1 0 2
1 1 1 1 0 2
haar_x2_y2
9.724906e-002 0 -1
2.534785e-002 -2.142772e-001 
1
2
2 1 1 3 0 -1
2 2 1 1 0 3
haar_y3
1.857338e-003 0 -1
-1.504400e-001 3.065723e-002 
1
2
1 1 3 4 0 -1
1 2 3 2 0 2
haar_y4
-9.152985e-001 0 -1
3.351018e-001 -2.337229e-002 
1
2
1 1 4 4 0 -1
1 3 4 2 0 2
haar_y2
-1.314473e+000 0 -1
-8.121166e-002 3.559873e-002 
1
2
1 2 2 1 0 -1
1 2 1 1 0 2
tilted_haar_x2
-1.348025e-001 0 -1
-3.681930e-001 1.279836e-002 
1
2
4 0 1 4 0 -1
3 1 1 2 0 2
tilted_haar_x4
3.938425e-001 0 -1
-3.388931e-002 1.494954e-001 
1
2
1 1 1 2 0 -1
1 2 1 1 0 2
haar_y2
8.749659e-002 0 -1
1.922784e-002 -3.073640e-001 
1
2
1 0 4 2 0 -1
1 0 2 2 0 2
haar_x2
4.021772e-001 0 -1
3.076598e-002 -1.016163e-001 
1
2
0 1 1 4 0 -1
0 3 1 2 0 2
haar_y2
-7.030126e-001 0 -1
-8.491465e-001 5.237997e-003 
1
2
1 0 4 1 0 -1
1 0 2 1 0 2
haar_x2
5.288572e-001 0 -1
-1.219817e-002 2.569598e-001 
1
2
0 1 5 4 0 -1
0 2 5 2 0 2
haar_y4
-2.009592e+000 0 -1
-9.315677e-001 4.941069e-003 
1
2
3 0 2 1 0 -1
3 0 1 1 0 2
haar_x2
3.288073e-003 0 -1
-5.009641e-002 4.600054e-002 
1
2
0 0 2 1 0 -1
1 0 1 1 0 2
haar_x2
-5.071986e-001 0 -1
4.648772e-001 -9.340944e-003 
1
3
2 1 2 4 0 -1
3 1 1 2 0 2
2 3 1 2 0 2
haar_x2_y2
-6.823683e-002 0 -1
5.071938e-002 -8.685815e-002 
1
3
1 1 2 4 0 -1
1 1 1 2 0 2
2 3 1 2 0 2
haar_x2_y2
-4.036469e-001 0 -1
-2.996651e-001 1.816540e-002 
1
2
1 1 3 4 0 -1
2 1 1 4 0 3
haar_x3
-1.669261e-001 0 -1
1.543519e-001 -2.792607e-002 
1
2
2 1 2 2 0 -1
2 1 1 2 0 2
tilted_haar_x2
1.997559e-001 0 -1
9.373848e-002 -6.723950e-002 
1
2
3 0 2 2 0 -1
3 0 1 2 0 2
tilted_haar_y2
-3.660374e-001 0 -1
-3.168164e-001 3.250435e-003 
1
2
2 0 2 2 0 -1
2 0 2 1 0 2
tilted_haar_y2
3.998030e-001 0 -1
4.848349e-002 -1.017029e-001 
1
2
1 2 4 2 0 -1
2 2 2 2 0 2
haar_x4
2.884588e-001 0 -1
-1.681073e-002 1.123099e-001 
1
2
0 2 4 2 0 -1
1 2 2 2 0 2
haar_x4
-2.214043e-001 0 -1
-1.497202e-001 3.314276e-002 
1
2
3 3 2 1 0 -1
3 3 1 1 0 2
haar_x2
-9.306218e-002 0 -1
5.042417e-002 -3.212313e-002 
1
2
1 0 2 4 0 -1
1 2 2 2 0 2
haar_y2
-5.671277e-001 0 -1
9.951728e-002 -5.058065e-002 
1
2
3 4 2 1 0 -1
3 4 1 1 0 2
haar_x2
2.302534e-001 0 -1
6.345213e-003 -7.531938e-001 
1
2
0 4 2 1 0 -1
1 4 1 1 0 2
haar_x2
-3.184067e-003 0 -1
5.438570e-002 -7.750567e-002 
1
2
1 0 4 5 0 -1
1 0 2 5 0 2
haar_x2
-4.751733e-001 0 -1
1.037422e-001 -2.983605e-002 
1
2
0 4 2 1 0 -1
1 4 1 1 0 2
haar_x2
2.656659e-003 0 -1
-4.944468e-002 9.262693e-002 
1
2
1 0 3 4 0 -1
1 1 3 2 0 2
haar_y4
6.258345e-001 0 -1
-5.541098e-002 8.325647e-002 
1
2
0 2 1 2 0 -1
0 3 1 1 0 2
haar_y2
2.736638e-003 0 -1
-3.570922e-002 1.242472e-001 
1
2
3 0 2 3 0 -1
3 0 1 3 0 2
tilted_haar_y2
-3.585981e-001 0 -1
-6.166289e-001 3.268379e-003 
1
2
2 0 3 2 0 -1
2 0 3 1 0 2
tilted_haar_y2
9.252008e-001 0 -1
1.070644e-002 -4.042929e-001 
1
2
3 1 2 2 0 -1
3 1 1 2 0 2
tilted_haar_y2
2.726976e-001 0 -1
-7.761925e-002 3.189266e-002 
1
2
0 0 4 5 0 -1
2 0 2 5 0 2
haar_x2
7.692989e-001 0 -1
-3.792790e-002 1.615783e-001 
1
2
2 0 2 4 0 -1
2 1 2 2 0 2
haar_y4
6.631565e-001 0 -1
1.086232e-002 -2.266261e-001 
1
2
0 3 2 2 0 -1
1 3 1 2 0 2
haar_x2
-2.199381e-003 0 -1
3.686149e-002 -1.177310e-001 
1
3
3 2 2 2 0 -1
4 2 1 1 0 2
3 3 1 1 0 2
haar_x2_y2
1.466383e-003 0 -1
-3.832049e-002 1.608121e-001 
1
2
0 0 3 4 0 -1
0 1 3 2 0 2
haar_y4
1.812416e-001 0 -1
-1.720945e-001 2.950258e-002 
1
3
3 2 2 2 0 -1
4 2 1 1 0 2
3 3 1 1 0 2
haar_x2_y2
-3.538308e-003 0 -1
1.827518e-002 -6.477077e-002 
1
3
0 2 2 2 0 -1
0 2 1 1 0 2
1 3 1 1 0 2
haar_x2_y2
6.045664e-002 0 -1
-2.848028e-002 2.294134e-001 
1
3
1 0 4 2 0 -1
3 0 2 1 0 2
1 1 2 1 0 2
haar_x2_y2
1.763372e-001 0 -1
1.769236e-002 -1.786606e-001 
1
2
1 0 4 1 0 -1
2 1 2 1 0 2
tilted_haar_x4
6.089257e-001 0 -1
-2.092985e-002 2.244195e-001 
1
2
0 0 5 2 0 -1
0 1 5 1 0 2
haar_y2
2.399828e-001 0 -1
5.314953e-002 -1.136872e-001 
1
2
2 3 1 2 0 -1
2 4 1 1 0 2
haar_y2
2.717584e-003 0 -1
-8.949535e-002 5.084043e-002 
1
3
1 1 4 4 0 -1
3 1 2 2 0 2
1 3 2 2 0 2
haar_x2_y2
-4.130017e-001 0 -1
-1.319604e-001 4.040356e-002 
1
2
1 1 1 4 0 -1
1 3 1 2 0 2
haar_y2
-4.508434e-001 0 -1
1.782295e-001 -3.243628e-002 
1
3
2 1 2 4 0 -1
3 1 1 2 0 2
2 3 1 2 0 2
haar_x2_y2
-2.562252e-001 0 -1
1.070764e-001 -2.551436e-002 
1
2
0 1 2 4 0 -1
0 3 2 2 0 2
haar_y2
-9.765188e-001 0 -1
-4.175802e-001 1.150946e-002 
1
2
3 1 2 1 0 -1
3 1 1 1 0 2
haar_x2
-3.517599e-003 0 -1
5.964040e-002 -5.449501e-002 
1
3
0 3 4 2 0 -1
0 3 2 1 0 2
2 4 2 1 0 2
haar_x2_y2
2.956023e-001 0 -1
2.124652e-002 -2.322182e-001 
1
2
3 1 2 1 0 -1
3 1 1 1 0 2
haar_x2
-2.154507e-001 0 -1
-2.292747e-001 1.302904e-002 
1
2
0 1 2 1 0 -1
1 1 1 1 0 2
haar_x2
-2.654398e-003 0 -1
7.383858e-002 -6.774443e-002 
1
2
1 0 3 2 0 -1
1 1 3 1 0 2
haar_y2
3.304700e-003 0 -1
-1.054919e-001 4.303578e-002 
1
2
0 0 5 2 0 -1
0 1 5 1 0 2
haar_y2
4.202645e-002 0 -1
9.702789e-002 -5.264002e-002 
1
2
4 0 1 2 0 -1
4 0 1 1 0 2
tilted_haar_x2
-4.733610e-001 0 -1
2.316831e-001 -2.173692e-002 
1
2
0 1 4 2 0 -1
0 2 4 1 0 2
haar_y2
3.771604e-001 0 -1
1.059793e-002 -5.193568e-001 
1
3
2 2 2 2 0 -1
3 2 1 1 0 2
2 3 1 1 0 2
haar_x2_y2
2.489564e-001 0 -1
-6.959143e-003 5.319947e-001 
1
2
1 0 2 1 0 -1
1 0 1 1 0 2
tilted_haar_x2
-1.086392e-001 0 -1
1.104639e-001 -4.306035e-002 
1
2
2 1 2 4 0 -1
2 1 1 4 0 2
haar_x2
2.905242e-001 0 -1
4.535663e-002 -1.342392e-001 
1
2
0 2 3 1 0 -1
1 2 1 1 0 3
haar_x3
-6.548828e-002 0 -1
7.752921e-002 -7.065841e-002 
1
2
3 2 2 1 0 -1
3 2 1 1 0 2
haar_x2
2.544892e-001 0 -1
-1.251422e-002 3.230514e-001 
1
2
0 2 4 1 0 -1
1 2 2 1 0 2
haar_x4
3.879846e-003 0 -1
-9.426945e-002 5.345592e-002 
1
2
2 1 2 3 0 -1
2 1 1 3 0 2
haar_x2
-4.224711e-001 0 -1
4.906117e-001 -7.048417e-003 
1
2
1 1 2 3 0 -1
2 1 1 3 0 2
haar_x2
5.963427e-001 0 -1
6.557170e-003 -7.370670e-001 
1
2
0 2 5 3 0 -1
0 3 5 1 0 3
haar_y3
8.027793e-001 0 -1
-1.137801e-002 4.701455e-001 
1
2
2 0 3 2 0 -1
2 0 3 1 0 2
tilted_haar_y2
7.351743e-001 0 -1
2.302314e-002 -1.704042e-001 
1
3
1 0 4 4 0 -1
3 0 2 2 0 2
1 2 2 2 0 2
haar_x2_y2
1.211099e-001 0 -1
3.267021e-002 -1.509853e-001 
1
2
1 1 3 4 0 -1
1 2 3 2 0 2
haar_y4
1.474817e-001 0 -1
-3.030689e-002 1.334961e-001 
1
2
0 1 5 4 0 -1
0 2 5 2 0 2
haar_y4
-2.348901e-002 0 -1
4.070576e-002 -1.097734e-001 
1
2
0 0 4 5 0 -1
2 0 2 5 0 2
haar_x2
1.345187e+000 0 -1
-1.673841e-002 2.364148e-001 
1
2
1 3 4 1 0 -1
1 3 2 1 0 2
haar_x2
-2.004437e-001 0 -1
-1.408541e-001 4.556941e-002 
1
2
1 2 1 2 0 -1
1 3 1 1 0 2
haar_y2
-3.785121e-001 0 -1
8.097129e-001 -5.819844e-003 
1
2
3 1 2 1 0 -1
3 1 1 1 0 2
haar_x2
1.395443e-001 0 -1
1.753949e-002 -1.673349e-001 
1
2
0 1 2 1 0 -1
1 1 1 1 0 2
haar_x2
1.941673e-001 0 -1
8.285398e-003 -3.933166e-001 
1
2
4 2 1 3 0 -1
4 3 1 1 0 3
haar_y3
1.443219e-001 0 -1
-1.340051e-002 1.116405e-001 
1
2
2 0 1 4 0 -1
2 1 1 2 0 2
haar_y4
1.240538e-001 0 -1
-1.243321e-001 2.796756e-002 
1
2
2 0 1 2 0 -1
2 1 1 1 0 2
haar_y2
-2.327003e-003 0 -1
8.351412e-002 -4.349114e-002 
1
2
2 0 1 2 0 -1
2 1 1 1 0 2
haar_y2
2.038078e-003 0 -1
-7.889634e-002 6.099541e-002 
1
3
2 0 2 2 0 -1
3 0 1 1 0 2
2 1 1 1 0 2
haar_x2_y2
-2.451829e-003 0 -1
5.977961e-002 -6.670550e-002 
1
2
1 1 3 4 0 -1
1 3 3 2 0 2
haar_y2
5.744708e-001 0 -1
-7.046377e-003 4.892395e-001 
1
2
2 3 2 2 0 -1
2 3 1 2 0 2
haar_x2
-2.828380e-003 0 -1
5.162158e-002 -4.787674e-002 
1
2
0 1 4 1 0 -1
1 1 2 1 0 2
haar_x4
7.415846e-003 0 -1
-8.978161e-002 4.386279e-002 
1
2
2 1 3 3 0 -1
3 1 1 3 0 3
haar_x3
4.332988e-001 0 -1
-2.338530e-002 3.947586e-001 
1
2
0 1 3 3 0 -1
1 1 1 3 0 3
haar_x3
-8.993481e-001 0 -1
2.614470e-001 -1.360199e-002 
1
3
1 0 4 4 0 -1
3 0 2 2 0 2
1 2 2 2 0 2
haar_x2_y2
-4.993532e-001 0 -1
-1.797791e-001 2.543826e-002 
1
2
0 0 4 4 0 -1
0 2 4 2 0 2
haar_y2
7.111675e-001 0 -1
6.117506e-003 -5.891364e-001 
1
2
2 1 1 4 0 -1
2 2 1 2 0 2
haar_y4
-2.760212e-001 0 -1
1.430675e-001 -2.546625e-002 
1
2
0 0 4 5 0 -1
1 0 2 5 0 2
haar_x4
7.376324e-001 0 -1
-2.144467e-002 1.886832e-001 
1
2
3 4 2 1 0 -1
3 4 1 1 0 2
haar_x2
-4.766262e-001 0 -1
4.983165e-001 -1.392967e-002 
1
2
1 3 2 2 0 -1
2 3 1 2 0 2
haar_x2
-1.904053e-001 0 -1
-2.117650e-001 2.208740e-002 
1
2
1 4 4 1 0 -1
1 4 2 1 0 2
haar_x2
5.317569e-001 0 -1
-9.516382e-003 4.091102e-001 
1
2
0 4 2 1 0 -1
1 4 1 1 0 2
haar_x2
8.044175e-002 0 -1
1.891778e-002 -2.532740e-001 
1
3
1 1 4 2 0 -1
3 1 2 1 0 2
1 2 2 1 0 2
haar_x2_y2
-2.108810e-001 0 -1
-2.011485e-001 1.568623e-002 
1
2
2 0 2 1 0 -1
2 0 1 1 0 2
tilted_haar_x2
8.703962e-002 0 -1
-2.507642e-002 1.680488e-001 
1
2
2 0 2 1 0 -1
2 0 1 1 0 2
haar_x2
1.502233e-001 0 -1
1.851168e-002 -6.133242e-002 
1
3
1 1 2 4 0 -1
1 1 1 2 0 2
2 3 1 2 0 2
haar_x2_y2
-1.378184e-001 0 -1
7.461116e-002 -7.353963e-002 
1
2
4 0 1 4 0 -1
4 1 1 2 0 2
haar_y4
5.173562e-002 0 -1
-8.511598e-002 5.065177e-002 
1
3
1 0 2 2 0 -1
1 0 1 1 0 2
2 1 1 1 0 2
haar_x2_y2
3.100600e-002 0 -1
3.857042e-002 -1.135561e-001 
1
2
2 3 3 1 0 -1
3 3 1 1 0 3
haar_x3
-9.028494e-002 0 -1
7.666245e-002 -5.752221e-002 
1
2
0 3 3 1 0 -1
1 3 1 1 0 3
haar_x3
-6.225166e-002 0 -1
6.966008e-002 -7.373442e-002 
1
2
2 0 3 4 0 -1
2 2 3 2 0 2
haar_y2
5.454915e-001 0 -1
6.130207e-003 -3.976248e-001 
1
2
1 1 3 1 0 -1
2 1 1 1 0 3
haar_x3
-1.122810e-001 0 -1
-3.653781e-001 1.126107e-002 
1
2
1 3 3 1 0 -1
2 3 1 1 0 3
haar_x3
1.530502e-001 0 -1
2.155022e-002 -1.762740e-001 
1
2
2 1 2 2 0 -1
2 1 2 1 0 2
tilted_haar_y2
9.146264e-001 0 -1
-1.032526e-002 4.163120e-001 
1
3
2 0 2 2 0 -1
3 0 1 1 0 2
2 1 1 1 0 2
haar_x2_y2
2.818881e-003 0 -1
-5.697169e-002 8.612654e-002 
1
2
1 0 1 2 0 -1
1 1 1 1 0 2
haar_y2
-2.750515e-003 0 -1
1.046794e-001 -4.545233e-002 
1
2
3 0 1 2 0 -1
3 1 1 1 0 2
haar_y2
-8.062638e-002 0 -1
-3.649748e-001 1.932749e-002 
1
2
1 0 1 2 0 -1
1 1 1 1 0 2
haar_y2
2.667241e-003 0 -1
-1.032903e-001 5.665696e-002 
1
2
3 0 1 2 0 -1
3 1 1 1 0 2
haar_y2
-2.439237e-003 0 -1
6.351603e-002 -2.829122e-002 
1
3
0 0 2 2 0 -1
0 0 1 1 0 2
1 1 1 1 0 2
haar_x2_y2
-1.813649e-003 0 -1
6.840859e-002 -6.909791e-002 
1
3
1 0 4 2 0 -1
3 0 2 1 0 2
1 1 2 1 0 2
haar_x2_y2
3.605193e-001 0 -1
-7.996964e-003 3.727477e-001 
1
3
0 0 4 2 0 -1
0 0 2 1 0 2
2 1 2 1 0 2
haar_x2_y2
4.409127e-002 0 -1
-5.689395e-002 1.038671e-001 
1
3
2 0 2 2 0 -1
3 0 1 1 0 2
2 1 1 1 0 2
haar_x2_y2
-2.451829e-003 0 -1
6.394821e-002 -7.157575e-002 
1
2
1 0 1 2 0 -1
1 1 1 1 0 2
haar_y2
-4.935002e-002 0 -1
-2.119415e-001 2.358061e-002 
1
2
4 0 1 4 0 -1
4 2 1 2 0 2
haar_y2
-3.301582e-001 0 -1
-1.869255e-001 2.219682e-002 
1
2
0 0 1 4 0 -1
0 2 1 2 0 2
haar_y2
-7.569861e-002 0 -1
5.773084e-002 -8.014922e-002 
1
2
2 1 3 2 0 -1
2 2 3 1 0 2
haar_y2
2.845845e-001 0 -1
-1.106420e-002 2.715986e-001 
1
3
0 0 4 2 0 -1
0 0 2 1 0 2
2 1 2 1 0 2
haar_x2_y2
-1.255113e-001 0 -1
1.113202e-001 -3.643864e-002 
1
3
2 0 2 2 0 -1
3 0 1 1 0 2
2 1 1 1 0 2
haar_x2_y2
2.623879e-003 0 -1
-5.482081e-002 8.079185e-002 
1
2
1 0 1 2 0 -1
1 1 1 1 0 2
haar_y2
-2.714455e-003 0 -1
1.045262e-001 -4.496972e-002 
1
2
4 1 1 2 0 -1
4 2 1 1 0 2
haar_y2
9.105772e-002 0 -1
7.996062e-003 -1.414799e-001 
1
2
0 1 1 2 0 -1
0 2 1 1 0 2
haar_y2
2.691949e-003 0 -1
-4.194283e-002 1.141068e-001 
1
3
1 1 4 2 0 -1
3 1 2 1 0 2
1 2 2 1 0 2
haar_x2_y2
-7.855314e-002 0 -1
7.252631e-002 -2.930085e-002 
1
2
0 2 1 3 0 -1
0 3 1 1 0 3
haar_y3
2.229159e-003 0 -1
-4.313038e-002 7.984776e-002 
1
2
0 2 5 3 0 -1
0 3 5 1 0 3
haar_y3
-9.320972e-001 0 -1
9.472667e-002 -5.153220e-002 
1
3
0 0 4 4 0 -1
0 0 2 2 0 2
2 2 2 2 0 2
haar_x2_y2
-6.521485e-001 0 -1
-2.375214e-001 1.587345e-002 
1
2
2 0 2 1 0 -1
2 0 1 1 0 2
haar_x2
6.205195e-002 0 -1
-7.120100e-002 5.429381e-002 
1
2
1 0 2 1 0 -1
2 0 1 1 0 2
haar_x2
4.472673e-002 0 -1
-8.957003e-002 4.884015e-002 
1
2
1 0 3 3 0 -1
2 0 1 3 0 3
haar_x3
1.291888e-001 0 -1
1.300796e-001 -4.089042e-002 
1
2
0 2 3 3 0 -1
0 3 3 1 0 3
haar_y3
-9.592152e-001 0 -1
-2.022688e-001 1.715687e-002 
1
2
3 2 2 3 0 -1
3 3 2 1 0 3
haar_y3
-7.997750e-001 0 -1
-3.987011e-001 8.187977e-003 
1
2
0 2 2 3 0 -1
0 3 2 1 0 3
haar_y3
-4.945914e-001 0 -1
1.375489e-001 -2.685139e-002 
1
2
2 2 3 3 0 -1
3 3 1 1 0 9
haar_point
-6.745371e-001 0 -1
5.253839e-002 -5.702091e-002 
1
2
0 2 3 3 0 -1
1 3 1 1 0 9
haar_point
-7.117561e-001 0 -1
-7.171239e-002 6.462667e-002 
1
2
1 4 4 1 0 -1
2 4 2 1 0 2
haar_x4
-3.667496e-001 0 -1
2.251924e-001 -1.418735e-002 
1
2
1 4 2 1 0 -1
2 4 1 1 0 2
haar_x2
3.614258e-003 0 -1
-6.235990e-002 7.541812e-002 
1
2
2 4 3 1 0 -1
3 4 1 1 0 3
haar_x3
1.259782e-001 0 -1
2.479437e-002 -3.168351e-001 
1
2
0 4 4 1 0 -1
1 4 2 1 0 2
haar_x4
-5.946468e-001 0 -1
3.666115e-001 -1.368208e-002 
1
2
2 4 3 1 0 -1
3 4 1 1 0 3
haar_x3
-6.828833e-002 0 -1
-1.536417e-001 7.048607e-002 
1
2
0 0 1 4 0 -1
0 1 1 2 0 2
haar_y4
3.079813e-003 0 -1
-1.185053e-001 3.447306e-002 
1
2
2 4 3 1 0 -1
3 4 1 1 0 3
haar_x3
2.563612e-001 0 -1
5.053690e-003 -4.365573e-001 
1
3
1 1 2 4 0 -1
1 1 1 2 0 2
2 3 1 2 0 2
haar_x2_y2
-5.656431e-002 0 -1
3.984565e-002 -9.897152e-002 
1
3
3 2 2 2 0 -1
4 2 1 1 0 2
3 3 1 1 0 2
haar_x2_y2
7.017749e-002 0 -1
-1.775939e-002 1.936573e-001 
1
3
0 2 2 2 0 -1
0 2 1 1 0 2
1 3 1 1 0 2
haar_x2_y2
-1.365245e-001 0 -1
1.289773e-001 -4.392839e-002 
1
3
1 1 4 2 0 -1
3 1 2 1 0 2
1 2 2 1 0 2
haar_x2_y2
2.876810e-003 0 -1
-4.903979e-002 5.757647e-002 
1
3
0 1 4 2 0 -1
0 1 2 1 0 2
2 2 2 1 0 2
haar_x2_y2
-1.548257e-001 0 -1
-1.806465e-001 2.808182e-002 
1
2
2 1 2 3 0 -1
2 2 2 1 0 3
haar_y3
6.582996e-001 0 -1
1.387675e-002 -2.729384e-001 
1
2
1 2 1 3 0 -1
1 3 1 1 0 3
haar_y3
-5.473287e-001 0 -1
-5.946339e-001 5.314101e-003 
1
2
3 2 2 2 0 -1
3 2 1 2 0 2
haar_x2
3.261348e-001 0 -1
-9.386746e-003 1.830932e-001 
1
2
0 2 2 2 0 -1
1 2 1 2 0 2
haar_x2
2.909898e-001 0 -1
8.868785e-003 -4.433776e-001 
1
2
1 1 3 4 0 -1
1 3 3 2 0 2
haar_y2
-2.156011e+000 0 -1
-8.512143e-001 3.306078e-003 
1
2
0 0 1 3 0 -1
0 1 1 1 0 3
haar_y3
4.998180e-001 0 -1
4.579505e-003 -5.924855e-001 
1
2
0 0 5 2 0 -1
0 1 5 1 0 2
haar_y2
9.392051e-001 0 -1
-1.081237e-002 4.651968e-001 
1
2
0 4 3 1 0 -1
1 4 1 1 0 3
haar_x3
-4.696143e-002 0 -1
-7.324722e-002 4.344027e-002 
-9.411287e-001

11
-1
