8
1
2
4 3 7 2 0 -1
4 4 7 1 0 2
haar_y2
8.376189e-002 0 -1
-3.803503e-001 6.964288e-001 
1
2
10 0 3 8 0 -1
10 2 3 4 0 2
haar_y4
-9.218777e-002 0 -1
6.251848e-001 -3.732698e-001 
1
3
1 3 8 4 0 -1
1 3 4 2 0 2
5 5 4 2 0 2
haar_x2_y2
-5.183932e-002 0 -1
5.781307e-001 -3.350655e-001 
1
2
11 1 4 4 0 -1
11 1 2 4 0 2
haar_x2
-3.601348e-002 0 -1
4.845896e-001 -2.503586e-001 
1
2
0 0 6 5 0 -1
2 0 2 5 0 3
haar_x3
-1.678406e-002 0 -1
3.160983e-001 -4.419532e-001 
1
2
6 5 3 3 0 -1
7 5 1 3 0 3
haar_x3
8.587305e-003 0 -1
2.190206e-001 -6.924725e-001 
1
2
5 7 3 1 0 -1
6 7 1 1 0 3
haar_x3
5.918071e-003 0 -1
1.304098e-001 -7.489736e-001 
1
3
7 0 8 2 0 -1
11 0 4 1 0 2
7 1 4 1 0 2
haar_x2_y2
3.594222e-002 0 -1
-2.444549e-001 5.901600e-001 
-1.062406e+000

0
-1
