22
1
2
1 2 3 3 0 -1
2 3 1 1 0 9
haar_point
-2.618584e-003 0 -1
2.598341e-001 -4.811111e-001 
1
2
1 5 8 3 0 -1
1 6 8 1 0 3
haar_y3
-1.380406e-001 0 -1
3.300033e-001 -2.946060e-001 
1
2
3 0 4 2 0 -1
4 0 2 2 0 2
haar_x4
2.385327e-002 0 -1
-3.959012e-001 2.712222e-001 
1
2
6 1 3 1 0 -1
7 2 1 1 0 3
tilted_haar_y3
-3.243121e-002 0 -1
-8.155720e-001 8.591001e-002 
1
2
4 1 1 3 0 -1
3 2 1 1 0 3
tilted_haar_y3
-2.588399e-002 0 -1
-7.478942e-001 9.639806e-002 
1
2
5 0 1 4 0 -1
5 0 1 2 0 2
tilted_haar_x2
4.851733e-004 0 -1
-4.445380e-001 3.860059e-002 
1
2
0 9 6 1 0 -1
2 9 2 1 0 3
haar_x3
3.165683e-002 0 -1
8.039751e-002 -8.385184e-001 
1
3
6 6 4 4 0 -1
8 6 2 2 0 2
6 8 2 2 0 2
haar_x2_y2
2.816727e-002 0 -1
-3.391649e-001 3.227315e-001 
1
2
3 1 4 2 0 -1
3 2 4 1 0 2
haar_y2
-8.505341e-003 0 -1
-6.386563e-001 1.030458e-001 
1
2
5 0 1 4 0 -1
5 0 1 2 0 2
tilted_haar_x2
8.231280e-002 0 -1
2.107647e-002 -5.409966e-001 
1
2
5 0 4 1 0 -1
5 0 2 1 0 2
tilted_haar_x2
1.476657e-002 0 -1
-3.797248e-001 1.920001e-001 
1
2
5 2 2 2 0 -1
5 3 2 1 0 2
haar_y2
5.983667e-004 0 -1
-3.337198e-001 2.060069e-001 
1
2
3 0 2 3 0 -1
3 1 2 1 0 3
haar_y3
-9.461706e-003 0 -1
-6.760610e-001 9.387700e-002 
1
2
5 0 1 4 0 -1
5 1 1 2 0 2
haar_y4
-1.142745e-002 0 -1
-6.218524e-001 4.532865e-002 
1
2
4 0 1 4 0 -1
4 1 1 2 0 2
haar_y4
-2.881010e-004 0 -1
2.724515e-001 -3.142317e-001 
1
3
0 2 10 4 0 -1
5 2 5 2 0 2
0 4 5 2 0 2
haar_x2_y2
-1.025126e-001 0 -1
-8.138198e-001 6.844012e-002 
1
2
0 4 1 3 0 -1
0 5 1 1 0 3
haar_y3
1.562637e-002 0 -1
5.731336e-002 -8.109459e-001 
1
2
2 2 6 6 0 -1
2 4 6 2 0 3
haar_y3
2.604398e-001 0 -1
-1.925443e-001 3.204101e-001 
1
2
2 6 2 3 0 -1
2 7 2 1 0 3
haar_y3
1.330638e-002 0 -1
-1.942931e-001 4.195055e-001 
1
2
0 0 10 4 0 -1
0 1 10 2 0 2
haar_y4
5.035149e-004 0 -1
-3.554603e-001 1.609741e-001 
1
3
0 0 6 10 0 -1
0 0 3 5 0 2
3 5 3 5 0 2
haar_x2_y2
-3.279356e-002 0 -1
7.889297e-002 -6.476437e-001 
1
3
3 1 4 2 0 -1
5 1 2 1 0 2
3 2 2 1 0 2
haar_x2_y2
-1.382453e-002 0 -1
-8.438600e-001 5.804580e-002 
-1.238933e+000

9
-1
