53
1
2
4 2 3 1 0 -1
5 3 1 1 0 3
tilted_haar_x3
-6.037316e-002 0 -1
2.990118e-001 -2.970808e-001 
1
2
2 1 4 3 0 -1
2 2 4 1 0 3
haar_y3
-8.767556e-002 0 -1
4.130611e-001 -1.788052e-001 
1
2
4 1 2 3 0 -1
3 2 2 1 0 3
tilted_haar_y3
-1.306179e-001 0 -1
3.444410e-001 -2.312700e-001 
1
2
3 1 2 1 0 -1
3 1 1 1 0 2
haar_x2
-7.929364e-004 0 -1
1.973307e-001 -3.113222e-001 
1
2
1 3 3 2 0 -1
2 3 1 2 0 3
haar_x3
4.918048e-002 0 -1
-9.313635e-002 4.046275e-001 
1
2
4 0 4 1 0 -1
5 0 2 1 0 2
haar_x4
-1.705372e-002 0 -1
-4.017463e-001 5.033328e-002 
1
2
0 4 8 2 0 -1
0 5 8 1 0 2
haar_y2
2.187258e-001 0 -1
-9.895039e-002 3.723750e-001 
1
2
4 0 4 1 0 -1
5 0 2 1 0 2
haar_x4
3.927385e-002 0 -1
2.458361e-002 -7.676134e-001 
1
2
0 0 4 1 0 -1
1 0 2 1 0 2
haar_x4
-7.974877e-004 0 -1
1.525455e-001 -2.541262e-001 
1
2
5 4 3 1 0 -1
6 4 1 1 0 3
haar_x3
2.946734e-002 0 -1
-8.816181e-002 3.568627e-001 
1
2
0 4 3 1 0 -1
1 4 1 1 0 3
haar_x3
3.525877e-002 0 -1
-8.971066e-002 3.873334e-001 
1
2
5 0 3 1 0 -1
6 0 1 1 0 3
haar_x3
6.189822e-004 0 -1
-1.098126e-001 1.217272e-001 
1
2
0 0 3 1 0 -1
1 0 1 1 0 3
haar_x3
-2.099728e-002 0 -1
-6.122375e-001 5.948300e-002 
1
2
5 3 3 3 0 -1
6 3 1 3 0 3
haar_x3
-1.814970e-002 0 -1
2.308058e-001 -1.074042e-001 
1
2
0 3 3 3 0 -1
1 3 1 3 0 3
haar_x3
-1.681507e-002 0 -1
2.608375e-001 -1.398444e-001 
1
3
0 0 8 8 0 -1
4 0 4 4 0 2
0 4 4 4 0 2
haar_x2_y2
6.319567e-001 0 -1
4.221562e-002 -7.857873e-001 
1
2
1 0 4 3 0 -1
2 0 2 3 0 2
haar_x4
-6.313877e-002 0 -1
-5.186345e-001 5.651286e-002 
1
2
0 1 8 7 0 -1
2 1 4 7 0 2
haar_x4
-9.679919e-002 0 -1
1.151492e-001 -3.098953e-001 
1
2
3 3 1 2 0 -1
3 4 1 1 0 2
haar_y2
3.180110e-002 0 -1
-1.023060e-001 3.465860e-001 
1
2
3 7 2 1 0 -1
3 7 1 1 0 2
haar_x2
-1.077725e-002 0 -1
-5.310898e-001 5.935539e-002 
1
2
3 0 1 3 0 -1
2 1 1 1 0 3
tilted_haar_y3
-6.625782e-002 0 -1
-4.844433e-001 5.479408e-002 
1
2
1 0 6 3 0 -1
1 1 6 1 0 3
haar_y3
-1.135728e-001 0 -1
4.803144e-001 -6.739684e-002 
1
2
1 0 6 3 0 -1
1 1 6 1 0 3
haar_y3
1.227077e-001 0 -1
-1.309190e-001 2.505638e-001 
1
2
3 7 2 1 0 -1
3 7 1 1 0 2
haar_x2
-5.999989e-004 0 -1
1.999681e-001 -1.385245e-001 
1
2
3 7 2 1 0 -1
4 7 1 1 0 2
haar_x2
-8.045465e-004 0 -1
2.146243e-001 -1.478152e-001 
1
2
3 7 2 1 0 -1
3 7 1 1 0 2
haar_x2
8.872423e-003 0 -1
6.508102e-002 -4.256724e-001 
1
2
1 3 3 2 0 -1
2 3 1 2 0 3
haar_x3
-2.308290e-002 0 -1
2.835326e-001 -1.065724e-001 
1
2
6 0 2 1 0 -1
6 0 1 1 0 2
tilted_haar_y2
9.148130e-002 0 -1
1.269111e-002 -7.566705e-001 
1
2
2 0 1 2 0 -1
2 0 1 1 0 2
tilted_haar_y2
6.097429e-002 0 -1
3.101860e-002 -8.200042e-001 
1
2
3 5 2 1 0 -1
3 5 1 1 0 2
haar_x2
-1.386875e-002 0 -1
-5.178348e-001 4.488101e-002 
1
2
2 4 3 4 0 -1
3 4 1 4 0 3
haar_x3
-1.610447e-002 0 -1
1.480957e-001 -1.906088e-001 
1
3
3 2 2 2 0 -1
4 2 1 1 0 2
3 3 1 1 0 2
haar_x2_y2
1.696867e-002 0 -1
-1.003441e-001 3.349669e-001 
1
2
0 3 1 4 0 -1
0 5 1 2 0 2
haar_y2
6.686720e-004 0 -1
-3.559514e-001 8.345105e-002 
1
2
5 7 3 1 0 -1
6 7 1 1 0 3
haar_x3
1.454290e-002 0 -1
6.028643e-002 -5.726094e-001 
1
2
3 5 2 3 0 -1
3 6 2 1 0 3
haar_y3
-1.769401e-002 0 -1
2.720888e-001 -1.034538e-001 
1
2
5 7 3 1 0 -1
6 7 1 1 0 3
haar_x3
-1.184123e-002 0 -1
-3.474556e-001 6.198204e-002 
1
2
3 3 3 2 0 -1
4 4 1 2 0 3
tilted_haar_x3
1.483782e-002 0 -1
8.622435e-002 -2.692053e-001 
1
2
1 2 6 5 0 -1
3 2 2 5 0 3
haar_x3
-5.938495e-001 0 -1
-7.191900e-001 3.086749e-002 
1
2
0 4 4 4 0 -1
0 6 4 2 0 2
haar_y2
3.508748e-001 0 -1
4.409756e-002 -4.485165e-001 
1
2
4 0 4 6 0 -1
4 3 4 3 0 2
haar_y2
2.025825e-001 0 -1
2.868554e-002 -1.471361e-001 
1
2
2 2 4 6 0 -1
2 5 4 3 0 2
haar_y2
2.441924e-004 0 -1
-7.517225e-001 3.323173e-002 
1
3
6 3 2 2 0 -1
7 3 1 1 0 2
6 4 1 1 0 2
haar_x2_y2
-1.398503e-002 0 -1
3.186804e-001 -8.344088e-002 
1
3
0 3 2 2 0 -1
0 3 1 1 0 2
1 4 1 1 0 2
haar_x2_y2
-1.497744e-002 0 -1
3.398594e-001 -6.351117e-002 
1
2
5 7 3 1 0 -1
6 7 1 1 0 3
haar_x3
-7.724958e-004 0 -1
1.162235e-001 -8.584529e-002 
1
2
0 7 3 1 0 -1
1 7 1 1 0 3
haar_x3
2.587377e-002 0 -1
3.363325e-002 -6.843976e-001 
1
2
5 7 3 1 0 -1
6 7 1 1 0 3
haar_x3
5.734571e-004 0 -1
-1.119495e-001 1.348386e-001 
1
2
0 7 3 1 0 -1
1 7 1 1 0 3
haar_x3
7.306380e-004 0 -1
-1.425850e-001 1.666450e-001 
1
2
4 1 2 1 0 -1
4 1 1 1 0 2
haar_x2
-1.701391e-002 0 -1
-2.987030e-001 3.988385e-002 
1
2
2 1 2 1 0 -1
3 1 1 1 0 2
haar_x2
9.878973e-004 0 -1
-1.585525e-001 1.321290e-001 
1
2
4 0 2 2 0 -1
4 0 1 2 0 2
haar_x2
-7.594024e-004 0 -1
9.426800e-002 -1.599163e-001 
1
2
0 1 1 6 0 -1
0 4 1 3 0 2
haar_y2
1.380576e-001 0 -1
7.012086e-002 -3.354800e-001 
1
2
4 0 3 2 0 -1
5 0 1 2 0 3
haar_x3
-2.683491e-002 0 -1
-5.748876e-001 4.149770e-002 
1
2
0 2 8 5 0 -1
2 2 4 5 0 2
haar_x4
-8.467728e-001 0 -1
6.159986e-001 -4.420692e-002 
-1.165510e+000

10
-1
