307
1
2
0 3 3 1 0 -1
1 3 1 1 0 3
haar_x3
9.295363e-002 0 -1
-1.055306e-001 2.760320e-001 
1
2
3 3 3 1 0 -1
4 3 1 1 0 3
haar_x3
4.051667e-002 0 -1
-1.027145e-001 1.469570e-001 
1
2
2 0 3 3 0 -1
2 1 3 1 0 3
haar_y3
3.308766e-001 0 -1
-4.645124e-002 1.702074e-001 
1
2
1 0 4 3 0 -1
1 1 4 1 0 3
haar_y3
-3.176597e-001 0 -1
2.397257e-001 -3.459346e-002 
1
2
5 2 1 3 0 -1
5 3 1 1 0 3
haar_y3
2.090734e-001 0 -1
-1.330925e-002 4.727833e-001 
1
2
2 2 3 2 0 -1
3 2 1 2 0 3
haar_x3
-1.771881e-001 0 -1
1.204627e-001 -4.261015e-002 
1
2
1 1 3 3 0 -1
2 2 1 1 0 9
haar_point
-3.307980e-001 0 -1
6.901708e-002 -9.184836e-002 
1
2
3 2 3 2 0 -1
4 2 1 2 0 3
haar_x3
-7.926099e-002 0 -1
2.525700e-001 -8.387494e-003 
1
2
4 0 2 3 0 -1
5 0 1 3 0 2
haar_x2
7.113516e-002 0 -1
3.150107e-002 -1.499995e-001 
1
2
0 2 3 2 0 -1
1 2 1 2 0 3
haar_x3
-7.959533e-002 0 -1
2.013671e-001 -1.009284e-002 
1
2
2 0 3 2 0 -1
3 0 1 2 0 3
haar_x3
3.872135e-002 0 -1
3.445658e-002 -1.604498e-001 
1
3
1 2 2 2 0 -1
1 2 1 1 0 2
2 3 1 1 0 2
haar_x2_y2
-2.337257e-002 0 -1
8.029277e-002 -6.319792e-002 
1
2
2 5 3 1 0 -1
3 5 1 1 0 3
haar_x3
-3.112382e-002 0 -1
-2.023650e-001 2.737173e-002 
1
2
2 5 4 1 0 -1
4 5 2 1 0 2
haar_x2
7.334733e-003 0 -1
-7.841235e-002 7.217757e-002 
1
2
1 2 3 3 0 -1
2 3 1 1 0 9
haar_point
2.151363e-001 0 -1
-2.690919e-002 2.056261e-001 
1
2
0 2 4 4 0 -1
0 4 4 2 0 2
haar_y2
8.005291e-001 0 -1
-6.266369e-002 7.767053e-002 
1
3
1 1 2 2 0 -1
1 1 1 1 0 2
2 2 1 1 0 2
haar_x2_y2
-3.321590e-002 0 -1
8.301760e-002 -6.642172e-002 
1
2
3 1 3 1 0 -1
4 1 1 1 0 3
haar_x3
-1.676337e-003 0 -1
6.172233e-002 -7.039277e-002 
1
2
1 0 3 2 0 -1
2 0 1 2 0 3
haar_x3
6.495419e-002 0 -1
2.024697e-002 -2.338871e-001 
1
2
0 0 6 1 0 -1
2 0 2 1 0 3
haar_x3
6.576625e-002 0 -1
-4.383519e-002 1.073859e-001 
1
2
1 0 2 1 0 -1
2 0 1 1 0 2
haar_x2
4.245608e-002 0 -1
1.908090e-002 -2.542468e-001 
1
2
3 2 3 3 0 -1
4 3 1 1 0 9
haar_point
5.784028e-001 0 -1
-2.040483e-002 2.227402e-001 
1
2
5 0 1 4 0 -1
5 2 1 2 0 2
haar_y2
3.991656e-002 0 -1
4.206543e-002 -1.011302e-001 
1
2
1 0 5 6 0 -1
1 2 5 2 0 3
haar_y3
-2.573955e+000 0 -1
-3.502788e-001 1.244906e-002 
1
2
2 0 2 4 0 -1
2 2 2 2 0 2
haar_y2
-6.314319e-001 0 -1
2.800367e-001 -2.211076e-002 
1
2
1 1 4 1 0 -1
2 1 2 1 0 2
haar_x4
-9.831686e-003 0 -1
6.464024e-002 -7.731657e-002 
1
2
2 0 3 1 0 -1
3 1 1 1 0 3
tilted_haar_x3
3.283901e-002 0 -1
-4.606081e-002 1.091075e-001 
1
2
4 1 1 4 0 -1
4 3 1 2 0 2
haar_y2
1.913532e-003 0 -1
-1.348794e-001 3.628603e-002 
1
2
4 0 2 4 0 -1
4 0 2 2 0 2
tilted_haar_y2
2.466477e-001 0 -1
-1.956552e-002 2.371230e-001 
1
2
3 1 2 2 0 -1
4 1 1 2 0 2
haar_x2
2.465979e-001 0 -1
-6.388715e-003 6.335766e-001 
1
2
2 5 3 1 0 -1
3 5 1 1 0 3
haar_x3
2.690702e-002 0 -1
1.985403e-002 -2.086648e-001 
1
2
0 1 2 4 0 -1
0 3 2 2 0 2
haar_y2
5.895200e-002 0 -1
-9.112374e-002 4.104257e-002 
1
2
0 0 6 3 0 -1
0 1 6 1 0 3
haar_y3
2.179936e-001 0 -1
-6.823647e-002 8.049034e-002 
1
2
3 3 1 3 0 -1
3 4 1 1 0 3
haar_y3
1.577612e-001 0 -1
1.339144e-002 -2.810620e-001 
1
2
1 3 4 3 0 -1
1 4 4 1 0 3
haar_y3
3.408396e-001 0 -1
-3.125797e-002 1.643661e-001 
1
2
3 0 3 3 0 -1
2 1 3 1 0 3
tilted_haar_y3
1.246337e-001 0 -1
-1.713915e-002 2.745265e-001 
1
2
4 0 1 3 0 -1
3 1 1 1 0 3
tilted_haar_y3
-3.081087e-001 0 -1
1.780809e-001 -2.290395e-002 
1
3
0 0 6 4 0 -1
0 0 3 2 0 2
3 2 3 2 0 2
haar_x2_y2
1.358664e-001 0 -1
-5.165866e-002 9.192496e-002 
1
2
4 4 1 2 0 -1
4 5 1 1 0 2
haar_y2
1.578303e-002 0 -1
-7.745198e-002 4.671024e-002 
1
2
2 2 3 3 0 -1
3 3 1 1 0 9
haar_point
-2.525758e-001 0 -1
5.070082e-002 -8.231318e-002 
1
2
3 2 1 3 0 -1
3 3 1 1 0 3
haar_y3
3.107667e-003 0 -1
-3.793354e-002 1.270940e-001 
1
2
0 3 2 1 0 -1
1 3 1 1 0 2
haar_x2
-1.529898e-001 0 -1
2.727768e-001 -1.403419e-002 
1
3
0 4 2 2 0 -1
0 4 1 1 0 2
1 5 1 1 0 2
haar_x2_y2
5.431736e-002 0 -1
1.982581e-002 -2.349398e-001 
1
3
3 2 2 2 0 -1
3 2 1 1 0 2
4 3 1 1 0 2
haar_x2_y2
2.576756e-002 0 -1
-5.056382e-002 7.116777e-002 
1
2
5 3 1 3 0 -1
5 4 1 1 0 3
haar_y3
-1.451221e-001 0 -1
-4.693467e-001 8.117328e-003 
1
2
1 1 3 3 0 -1
2 2 1 1 0 9
haar_point
-1.191982e+000 0 -1
-7.931965e-001 3.154840e-003 
1
2
3 5 2 1 0 -1
4 5 1 1 0 2
haar_x2
-1.953221e-003 0 -1
7.322957e-002 -4.651824e-002 
1
2
1 0 4 1 0 -1
3 0 2 1 0 2
haar_x2
4.141151e-002 0 -1
-4.231276e-002 9.096150e-002 
1
2
2 0 4 1 0 -1
3 0 2 1 0 2
haar_x4
-2.222652e-003 0 -1
6.218789e-002 -6.267308e-002 
1
2
1 1 2 4 0 -1
1 3 2 2 0 2
haar_y2
4.737183e-001 0 -1
8.617358e-003 -4.145854e-001 
1
2
0 0 2 4 0 -1
0 1 2 2 0 2
haar_y4
-6.082519e-002 0 -1
5.362027e-002 -7.740632e-002 
1
2
3 2 3 3 0 -1
3 3 3 1 0 3
haar_y3
-5.178662e-001 0 -1
3.291748e-001 -1.242928e-002 
1
2
2 3 2 2 0 -1
2 4 2 1 0 2
haar_y2
2.992998e-001 0 -1
1.196736e-002 -2.944491e-001 
1
3
3 4 2 2 0 -1
3 4 1 1 0 2
4 5 1 1 0 2
haar_x2_y2
2.260644e-003 0 -1
-4.485777e-002 7.850169e-002 
1
2
5 2 1 2 0 -1
5 2 1 1 0 2
tilted_haar_y2
-1.320639e-001 0 -1
-1.821946e-001 2.289474e-002 
1
2
5 2 1 2 0 -1
5 2 1 1 0 2
tilted_haar_y2
1.379425e-002 0 -1
4.317479e-002 -8.885928e-002 
1
2
2 3 4 1 0 -1
4 3 2 1 0 2
haar_x2
3.273367e-001 0 -1
-1.882525e-002 2.210817e-001 
1
3
4 4 2 2 0 -1
4 4 1 1 0 2
5 5 1 1 0 2
haar_x2_y2
-1.198423e-002 0 -1
-8.490411e-002 4.476293e-002 
1
2
1 4 1 2 0 -1
1 5 1 1 0 2
haar_y2
2.973112e-003 0 -1
-9.000997e-002 3.745390e-002 
1
2
5 4 1 2 0 -1
5 5 1 1 0 2
haar_y2
6.729641e-002 0 -1
2.400421e-002 -1.617921e-001 
1
2
3 3 1 3 0 -1
3 4 1 1 0 3
haar_y3
-4.048506e-002 0 -1
1.624936e-001 -2.177680e-002 
1
2
2 0 4 1 0 -1
3 0 2 1 0 2
haar_x4
1.921005e-003 0 -1
-5.232776e-002 6.697654e-002 
1
2
3 0 3 2 0 -1
4 0 1 2 0 3
haar_x3
6.658657e-002 0 -1
1.599913e-002 -2.336105e-001 
1
2
4 1 2 1 0 -1
5 1 1 1 0 2
haar_x2
-2.754958e-003 0 -1
8.997361e-002 -4.479567e-002 
1
2
1 1 4 2 0 -1
2 1 2 2 0 2
haar_x4
6.150857e-003 0 -1
2.637194e-002 -1.517804e-001 
1
2
0 0 6 6 0 -1
2 0 2 6 0 3
haar_x3
2.615940e-001 0 -1
-1.328843e-002 2.710364e-001 
1
2
2 2 2 1 0 -1
2 2 1 1 0 2
tilted_haar_x2
-1.078884e-001 0 -1
-1.317135e-001 2.532320e-002 
1
2
5 2 1 3 0 -1
4 3 1 1 0 3
tilted_haar_y3
-4.011759e-001 0 -1
-5.466603e-001 5.640245e-003 
1
2
3 1 3 3 0 -1
4 2 1 1 0 9
haar_point
6.537856e-001 0 -1
-9.015729e-003 3.666897e-001 
1
2
2 2 4 1 0 -1
4 2 2 1 0 2
haar_x2
1.791616e-001 0 -1
2.741566e-002 -1.135905e-001 
1
2
2 0 4 4 0 -1
4 0 2 4 0 2
haar_x2
1.292446e-001 0 -1
-7.472973e-002 4.849568e-002 
1
2
0 1 6 1 0 -1
3 1 3 1 0 2
haar_x2
-8.073213e-002 0 -1
7.894697e-002 -4.971274e-002 
1
2
0 5 6 1 0 -1
3 5 3 1 0 2
haar_x2
-1.606444e-001 0 -1
-1.861100e-001 2.027605e-002 
1
3
1 0 4 6 0 -1
1 0 2 3 0 2
3 3 2 3 0 2
haar_x2_y2
2.463922e-001 0 -1
2.768037e-002 -1.495830e-001 
1
2
4 0 2 3 0 -1
3 1 2 1 0 3
tilted_haar_y3
5.399364e-002 0 -1
-1.359051e-002 2.506863e-001 
1
2
1 1 3 4 0 -1
1 3 3 2 0 2
haar_y2
7.293873e-001 0 -1
-4.591069e-003 6.763940e-001 
1
2
2 0 4 6 0 -1
3 0 2 6 0 2
haar_x4
-2.182034e-001 0 -1
9.541478e-002 -3.638792e-002 
1
3
1 3 4 2 0 -1
1 3 2 1 0 2
3 4 2 1 0 2
haar_x2_y2
1.902579e-001 0 -1
1.403035e-002 -2.393290e-001 
1
2
0 0 1 2 0 -1
0 1 1 1 0 2
haar_y2
-1.736482e-001 0 -1
-7.553622e-001 3.533316e-003 
1
3
0 3 2 2 0 -1
0 3 1 1 0 2
1 4 1 1 0 2
haar_x2_y2
-1.495408e-003 0 -1
5.672306e-002 -5.117036e-002 
1
3
0 3 2 2 0 -1
0 3 1 1 0 2
1 4 1 1 0 2
haar_x2_y2
5.846630e-002 0 -1
-2.840955e-002 1.582722e-001 
1
2
1 3 1 2 0 -1
1 4 1 1 0 2
haar_y2
1.526961e-001 0 -1
8.198255e-003 -4.526234e-001 
1
2
0 3 1 2 0 -1
0 4 1 1 0 2
haar_y2
7.622284e-002 0 -1
-3.301879e-002 1.033951e-001 
1
2
2 1 3 1 0 -1
3 1 1 1 0 3
haar_x3
-7.169016e-002 0 -1
-2.345602e-001 1.253075e-002 
1
2
3 0 3 1 0 -1
4 1 1 1 0 3
tilted_haar_x3
-3.491337e-001 0 -1
1.909780e-001 -1.798751e-002 
1
2
4 0 2 3 0 -1
4 1 2 1 0 3
haar_y3
8.227369e-002 0 -1
-4.781639e-002 7.979423e-002 
1
2
4 1 1 4 0 -1
4 3 1 2 0 2
haar_y2
-2.560496e-002 0 -1
-1.314855e-001 2.393748e-002 
1
2
4 3 2 1 0 -1
5 3 1 1 0 2
haar_x2
-1.368343e-001 0 -1
-5.815033e-001 4.927088e-003 
1
3
0 0 2 4 0 -1
0 0 1 2 0 2
1 2 1 2 0 2
haar_x2_y2
-3.889588e-001 0 -1
5.271999e-001 -6.681485e-003 
1
3
0 4 2 2 0 -1
0 4 1 1 0 2
1 5 1 1 0 2
haar_x2_y2
-1.533434e-003 0 -1
6.142370e-002 -5.092085e-002 
1
2
0 3 3 3 0 -1
1 4 1 1 0 9
haar_point
-1.328022e-003 0 -1
8.065870e-002 -3.938133e-002 
1
2
0 5 2 1 0 -1
1 5 1 1 0 2
haar_x2
-4.226118e-002 0 -1
-1.849909e-001 2.183483e-002 
1
2
3 0 3 3 0 -1
2 1 3 1 0 3
tilted_haar_y3
-3.269902e-001 0 -1
4.461744e-002 -8.058467e-002 
1
2
1 2 3 2 0 -1
2 2 1 2 0 3
haar_x3
7.258905e-002 0 -1
-2.192537e-002 1.609114e-001 
1
2
3 1 2 1 0 -1
3 1 1 1 0 2
tilted_haar_x2
2.336311e-001 0 -1
1.091534e-002 -3.438890e-001 
1
2
1 2 2 1 0 -1
1 2 1 1 0 2
tilted_haar_x2
-2.756104e-001 0 -1
-6.403459e-001 3.826483e-003 
1
2
0 0 5 4 0 -1
0 2 5 2 0 2
haar_y2
3.025986e-001 0 -1
1.604829e-002 -1.653141e-001 
1
2
0 1 1 2 0 -1
0 2 1 1 0 2
haar_y2
-7.680760e-002 0 -1
-1.172786e-001 2.719952e-002 
1
2
2 0 3 2 0 -1
3 0 1 2 0 3
haar_x3
8.054068e-002 0 -1
1.198421e-002 -2.438359e-001 
1
2
1 2 4 4 0 -1
1 4 4 2 0 2
haar_y2
1.225544e+000 0 -1
1.121033e-002 -2.707582e-001 
1
2
1 2 5 4 0 -1
1 4 5 2 0 2
haar_y2
1.662040e+000 0 -1
-6.566855e-003 4.508380e-001 
1
2
4 1 2 3 0 -1
4 2 2 1 0 3
haar_y3
-3.944157e-001 0 -1
-2.716267e-001 1.162298e-002 
1
2
2 4 3 1 0 -1
3 4 1 1 0 3
haar_x3
-1.892171e-002 0 -1
-6.623492e-002 4.708235e-002 
1
2
2 3 3 3 0 -1
3 4 1 1 0 9
haar_point
1.611536e-001 0 -1
3.798423e-002 -8.157780e-002 
1
2
3 3 1 3 0 -1
3 4 1 1 0 3
haar_y3
6.146560e-002 0 -1
-4.599924e-002 6.593466e-002 
1
2
1 3 2 2 0 -1
2 3 1 2 0 2
haar_x2
-1.516290e-001 0 -1
1.225834e-001 -2.381845e-002 
1
3
0 2 4 4 0 -1
0 2 2 2 0 2
2 4 2 2 0 2
haar_x2_y2
3.023812e-001 0 -1
3.181142e-002 -1.056947e-001 
1
2
0 4 6 2 0 -1
2 4 2 2 0 3
haar_x3
1.931576e-001 0 -1
-1.500073e-002 2.337698e-001 
1
2
2 2 2 2 0 -1
2 2 1 2 0 2
tilted_haar_x2
-1.417292e-001 0 -1
-7.858939e-002 3.855098e-002 
1
2
1 3 3 2 0 -1
2 3 1 2 0 3
haar_x3
-2.412172e-001 0 -1
-2.532662e-001 1.189667e-002 
1
2
0 1 4 1 0 -1
1 1 2 1 0 2
haar_x4
-1.976571e-001 0 -1
3.680485e-001 -8.721675e-003 
1
2
4 0 2 4 0 -1
3 1 2 2 0 2
tilted_haar_y4
-7.012368e-001 0 -1
-1.533930e-001 2.119414e-002 
1
2
0 0 4 4 0 -1
0 2 4 2 0 2
haar_y2
-8.518330e-001 0 -1
1.449554e-001 -2.832394e-002 
1
2
0 0 2 6 0 -1
0 3 2 3 0 2
haar_y2
-1.236736e-001 0 -1
-1.551248e-001 2.181564e-002 
1
2
0 0 2 4 0 -1
0 1 2 2 0 2
haar_y4
5.552594e-002 0 -1
-2.768919e-002 1.096582e-001 
1
3
4 0 2 4 0 -1
4 0 1 2 0 2
5 2 1 2 0 2
haar_x2_y2
3.695366e-001 0 -1
-7.003917e-003 4.060501e-001 
1
2
5 1 1 2 0 -1
5 2 1 1 0 2
haar_y2
4.110071e-002 0 -1
2.126931e-002 -1.674569e-001 
1
2
2 1 4 1 0 -1
2 1 2 1 0 2
tilted_haar_x2
-2.532520e-001 0 -1
5.404403e-002 -6.057828e-002 
1
2
1 2 4 3 0 -1
3 2 2 3 0 2
haar_x2
-2.149464e-001 0 -1
8.847825e-002 -3.744536e-002 
1
3
0 0 6 4 0 -1
0 0 3 2 0 2
3 2 3 2 0 2
haar_x2_y2
4.335647e-001 0 -1
-2.279844e-002 1.524820e-001 
1
2
2 3 2 1 0 -1
2 3 1 1 0 2
tilted_haar_x2
-2.247259e-001 0 -1
-4.409729e-001 6.615767e-003 
1
2
1 0 3 1 0 -1
2 0 1 1 0 3
haar_x3
3.119821e-002 0 -1
2.013710e-002 -1.386198e-001 
1
2
1 2 2 3 0 -1
1 3 2 1 0 3
haar_y3
-4.673530e-001 0 -1
4.625463e-001 -6.546246e-003 
1
2
0 0 6 1 0 -1
3 0 3 1 0 2
haar_x2
4.430553e-001 0 -1
4.922453e-003 -5.860571e-001 
1
2
0 0 1 6 0 -1
0 2 1 2 0 3
haar_y3
1.841581e-001 0 -1
-1.413157e-002 2.065172e-001 
1
2
0 2 1 4 0 -1
0 4 1 2 0 2
haar_y2
2.452997e-002 0 -1
-1.271430e-001 2.525948e-002 
1
2
1 0 2 1 0 -1
2 0 1 1 0 2
haar_x2
1.088174e-001 0 -1
-4.721512e-003 6.758729e-001 
1
2
4 1 2 4 0 -1
4 3 2 2 0 2
haar_y2
-4.746256e-001 0 -1
5.402427e-001 -4.374549e-003 
1
2
0 1 4 1 0 -1
2 1 2 1 0 2
haar_x2
1.835124e-001 0 -1
6.733518e-003 -4.365129e-001 
1
2
3 1 3 2 0 -1
4 2 1 2 0 3
tilted_haar_x3
-3.755256e-001 0 -1
5.853264e-002 -4.703374e-002 
1
3
2 1 4 4 0 -1
2 1 2 2 0 2
4 3 2 2 0 2
haar_x2_y2
1.835479e-001 0 -1
3.251349e-002 -1.084923e-001 
1
2
0 0 6 2 0 -1
2 0 2 2 0 3
haar_x3
1.361262e-001 0 -1
-2.412539e-002 1.225274e-001 
1
2
3 0 2 1 0 -1
4 0 1 1 0 2
haar_x2
-6.262090e-002 0 -1
-2.966125e-001 9.422280e-003 
1
2
3 0 3 3 0 -1
4 1 1 1 0 9
haar_point
-8.550757e-002 0 -1
7.541776e-002 -4.218788e-002 
1
2
1 0 5 3 0 -1
1 1 5 1 0 3
haar_y3
2.388641e-002 0 -1
-6.694447e-002 4.325671e-002 
1
2
0 0 3 3 0 -1
1 1 1 1 0 9
haar_point
-5.348739e-002 0 -1
7.602332e-002 -4.467708e-002 
1
2
2 0 4 1 0 -1
4 0 2 1 0 2
haar_x2
-3.134802e-002 0 -1
6.508348e-002 -4.005703e-002 
1
2
3 0 2 1 0 -1
4 0 1 1 0 2
haar_x2
1.899324e-003 0 -1
-5.250313e-002 6.977464e-002 
1
2
1 1 1 4 0 -1
1 2 1 2 0 2
haar_y4
-2.967286e-001 0 -1
6.369435e-001 -4.479813e-003 
1
3
3 0 2 6 0 -1
3 0 1 3 0 2
4 3 1 3 0 2
haar_x2_y2
-3.507823e-002 0 -1
-9.136235e-002 2.814780e-002 
1
3
3 2 2 2 0 -1
3 2 1 1 0 2
4 3 1 1 0 2
haar_x2_y2
-1.466224e-003 0 -1
7.204942e-002 -4.525232e-002 
1
3
0 1 4 4 0 -1
0 1 2 2 0 2
2 3 2 2 0 2
haar_x2_y2
-4.874181e-001 0 -1
3.310448e-001 -8.622726e-003 
1
2
2 1 2 2 0 -1
2 1 2 1 0 2
tilted_haar_y2
-3.250104e-001 0 -1
-1.004087e-001 2.840705e-002 
1
2
3 2 1 3 0 -1
2 3 1 1 0 3
tilted_haar_y3
3.185138e-001 0 -1
-1.441270e-002 1.946228e-001 
1
2
1 2 3 1 0 -1
2 3 1 1 0 3
tilted_haar_x3
1.772182e-001 0 -1
1.948003e-002 -1.726450e-001 
1
3
2 2 2 2 0 -1
2 2 1 1 0 2
3 3 1 1 0 2
haar_x2_y2
1.279130e-001 0 -1
4.265424e-003 -4.922000e-001 
1
2
2 3 4 3 0 -1
3 3 2 3 0 2
haar_x4
2.844571e-001 0 -1
-6.957654e-003 4.062971e-001 
1
2
4 0 2 6 0 -1
5 0 1 6 0 2
haar_x2
-2.039320e-001 0 -1
-3.483756e-001 8.561711e-003 
1
2
3 3 3 2 0 -1
4 3 1 2 0 3
haar_x3
2.261146e-001 0 -1
-1.520442e-002 1.997799e-001 
1
2
4 1 1 4 0 -1
4 1 1 2 0 2
tilted_haar_y2
-4.857747e-001 0 -1
7.434350e-002 -4.042118e-002 
1
3
0 4 6 2 0 -1
0 4 3 1 0 2
3 5 3 1 0 2
haar_x2_y2
-2.626317e-001 0 -1
-3.963255e-001 6.717524e-003 
1
2
1 0 4 4 0 -1
1 1 4 2 0 2
haar_y4
-6.739718e-001 0 -1
-2.011375e-001 1.435661e-002 
1
2
0 0 4 4 0 -1
0 1 4 2 0 2
haar_y4
-7.281865e-001 0 -1
2.802278e-001 -1.246715e-002 
1
2
0 0 6 4 0 -1
0 1 6 2 0 2
haar_y4
-1.073714e+000 0 -1
-3.685784e-001 7.391918e-003 
1
3
4 2 2 2 0 -1
4 2 1 1 0 2
5 3 1 1 0 2
haar_x2_y2
3.296461e-002 0 -1
-2.755939e-002 9.985428e-002 
1
3
4 0 2 6 0 -1
4 0 1 3 0 2
5 3 1 3 0 2
haar_x2_y2
7.291465e-002 0 -1
2.751185e-002 -1.278090e-001 
1
2
3 2 3 1 0 -1
4 2 1 1 0 3
haar_x3
-1.233477e-002 0 -1
6.178194e-002 -4.490859e-002 
1
3
4 3 2 2 0 -1
4 3 1 1 0 2
5 4 1 1 0 2
haar_x2_y2
2.618514e-003 0 -1
-5.054494e-002 6.993123e-002 
1
3
4 2 2 2 0 -1
4 2 1 1 0 2
5 3 1 1 0 2
haar_x2_y2
1.683880e-003 0 -1
-4.595496e-002 7.149664e-002 
1
2
2 0 4 1 0 -1
3 1 2 1 0 2
tilted_haar_x4
-3.874709e-001 0 -1
1.098877e-001 -3.079479e-002 
1
2
0 1 2 2 0 -1
1 1 1 2 0 2
haar_x2
-6.494562e-002 0 -1
-9.315602e-002 3.416972e-002 
1
2
0 0 3 3 0 -1
1 0 1 3 0 3
haar_x3
2.151611e-002 0 -1
4.854257e-002 -8.039404e-002 
1
3
1 2 2 2 0 -1
1 2 1 1 0 2
2 3 1 1 0 2
haar_x2_y2
1.898438e-002 0 -1
-3.621853e-002 9.571626e-002 
1
2
0 0 3 5 0 -1
1 0 1 5 0 3
haar_x3
5.854093e-002 0 -1
-5.276940e-002 5.999789e-002 
1
2
0 2 3 1 0 -1
1 2 1 1 0 3
haar_x3
-1.001545e-002 0 -1
7.710789e-002 -4.848579e-002 
1
2
2 0 4 2 0 -1
3 0 2 2 0 2
haar_x4
5.690935e-002 0 -1
-2.123199e-002 1.245326e-001 
1
2
2 0 3 2 0 -1
3 0 1 2 0 3
haar_x3
-1.053842e-003 0 -1
4.640288e-002 -6.005900e-002 
1
2
1 0 4 4 0 -1
2 0 2 4 0 2
haar_x4
-5.661411e-001 0 -1
-4.746719e-001 5.434171e-003 
1
2
4 4 1 2 0 -1
4 5 1 1 0 2
haar_y2
7.288525e-002 0 -1
1.890372e-002 -1.284210e-001 
1
2
5 0 1 4 0 -1
4 1 1 2 0 2
tilted_haar_y4
-4.798843e-001 0 -1
2.300208e-001 -1.240073e-002 
1
2
3 0 2 3 0 -1
4 0 1 3 0 2
haar_x2
7.128440e-002 0 -1
3.417332e-002 -8.329456e-002 
1
2
2 2 3 1 0 -1
3 2 1 1 0 3
haar_x3
-3.183003e-002 0 -1
4.728166e-002 -5.772182e-002 
1
2
2 0 4 3 0 -1
3 0 2 3 0 2
haar_x4
-1.321893e-001 0 -1
-1.126406e-001 3.104494e-002 
1
2
4 0 2 2 0 -1
5 0 1 2 0 2
haar_x2
2.819248e-001 0 -1
-6.878944e-003 5.246676e-001 
1
2
1 3 4 3 0 -1
1 4 4 1 0 3
haar_y3
8.169667e-002 0 -1
6.268109e-002 -4.311141e-002 
1
2
4 1 2 2 0 -1
5 1 1 2 0 2
haar_x2
-1.139320e-002 0 -1
-1.145080e-001 2.566635e-002 
1
2
0 5 6 1 0 -1
3 5 3 1 0 2
haar_x2
2.256218e-001 0 -1
1.117801e-002 -2.589699e-001 
1
2
1 5 2 1 0 -1
2 5 1 1 0 2
haar_x2
-3.330135e-002 0 -1
-1.587933e-001 1.588409e-002 
1
2
0 5 4 1 0 -1
1 5 2 1 0 2
haar_x4
-1.815080e-002 0 -1
7.896958e-002 -3.677073e-002 
1
2
1 1 1 2 0 -1
1 2 1 1 0 2
haar_y2
1.750589e-001 0 -1
2.722368e-003 -9.385149e-001 
1
2
1 2 2 2 0 -1
1 3 2 1 0 2
haar_y2
1.687739e-001 0 -1
1.775618e-002 -1.366393e-001 
1
2
2 4 4 2 0 -1
4 4 2 2 0 2
haar_x2
-3.192459e-002 0 -1
7.954363e-002 -3.475243e-002 
1
2
1 5 3 1 0 -1
2 5 1 1 0 3
haar_x3
1.871158e-002 0 -1
2.232087e-002 -1.219260e-001 
1
3
4 1 2 4 0 -1
4 1 1 2 0 2
5 3 1 2 0 2
haar_x2_y2
-1.797825e-001 0 -1
-3.348668e-001 7.930889e-003 
1
3
4 4 2 2 0 -1
4 4 1 1 0 2
5 5 1 1 0 2
haar_x2_y2
3.084401e-002 0 -1
-2.251580e-002 1.307725e-001 
1
2
0 5 2 1 0 -1
1 5 1 1 0 2
haar_x2
1.973068e-003 0 -1
-4.700994e-002 6.279001e-002 
1
2
2 5 3 1 0 -1
3 5 1 1 0 3
haar_x3
1.010244e-002 0 -1
2.957148e-002 -9.684421e-002 
1
2
0 5 3 1 0 -1
1 5 1 1 0 3
haar_x3
1.872773e-002 0 -1
2.571546e-002 -1.095191e-001 
1
2
0 3 3 3 0 -1
1 3 1 3 0 3
haar_x3
2.661169e-001 0 -1
-1.387129e-002 2.147702e-001 
1
2
0 4 6 2 0 -1
2 4 2 2 0 3
haar_x3
3.276343e-001 0 -1
-5.966840e-003 4.517926e-001 
1
2
4 0 2 6 0 -1
5 0 1 6 0 2
haar_x2
8.652899e-002 0 -1
-4.281587e-002 6.483126e-002 
1
2
2 1 4 4 0 -1
3 1 2 4 0 2
haar_x4
9.867230e-002 0 -1
-2.578231e-002 1.347653e-001 
1
2
4 1 1 2 0 -1
4 1 1 1 0 2
tilted_haar_y2
2.210200e-001 0 -1
1.010721e-002 -2.885694e-001 
1
2
1 0 4 6 0 -1
2 0 2 6 0 2
haar_x4
3.665085e-001 0 -1
-4.675594e-003 6.835371e-001 
1
2
5 2 1 2 0 -1
5 2 1 1 0 2
tilted_haar_y2
-2.139988e-001 0 -1
-5.261999e-001 7.928422e-003 
1
3
3 2 2 4 0 -1
3 2 1 2 0 2
4 4 1 2 0 2
haar_x2_y2
8.005615e-002 0 -1
-1.376774e-002 2.089561e-001 
1
2
3 5 2 1 0 -1
4 5 1 1 0 2
haar_x2
2.623350e-002 0 -1
2.144265e-002 -1.317140e-001 
1
2
3 0 1 3 0 -1
3 1 1 1 0 3
haar_y3
1.823613e-001 0 -1
-1.582754e-002 1.661443e-001 
1
2
1 0 5 3 0 -1
1 1 5 1 0 3
haar_y3
-4.161760e-001 0 -1
1.526572e-001 -1.767041e-002 
1
2
1 0 1 3 0 -1
1 1 1 1 0 3
haar_y3
1.796375e-003 0 -1
-6.021551e-002 4.761590e-002 
1
3
0 0 2 2 0 -1
0 0 1 1 0 2
1 1 1 1 0 2
haar_x2_y2
-3.270619e-002 0 -1
8.694293e-002 -3.029696e-002 
1
2
0 0 1 2 0 -1
0 1 1 1 0 2
haar_y2
1.020167e-001 0 -1
1.178952e-002 -2.728461e-001 
1
2
0 0 2 4 0 -1
0 1 2 2 0 2
haar_y4
4.299663e-001 0 -1
-6.706816e-003 5.166144e-001 
1
2
1 1 2 1 0 -1
1 1 1 1 0 2
tilted_haar_x2
-1.279910e-001 0 -1
1.687412e-001 -1.604433e-002 
1
2
0 0 2 5 0 -1
1 0 1 5 0 2
haar_x2
1.279922e-001 0 -1
1.685254e-002 -1.837249e-001 
1
2
2 2 4 2 0 -1
2 3 4 1 0 2
haar_y2
4.689823e-001 0 -1
-6.281715e-003 4.724256e-001 
1
2
1 1 3 1 0 -1
2 2 1 1 0 3
tilted_haar_x3
-2.872746e-001 0 -1
-1.759535e-001 1.528570e-002 
1
2
0 1 4 4 0 -1
1 1 2 4 0 2
haar_x4
-3.213054e-001 0 -1
1.470501e-001 -1.789516e-002 
1
2
1 3 3 3 0 -1
2 4 1 1 0 9
haar_point
-3.160140e-001 0 -1
-2.159262e-001 1.641326e-002 
1
2
2 2 1 4 0 -1
2 3 1 2 0 2
haar_y4
-2.480959e-001 0 -1
5.209716e-001 -5.670159e-003 
1
2
0 2 6 4 0 -1
0 3 6 2 0 2
haar_y4
-1.029058e+000 0 -1
-7.701669e-001 4.393551e-003 
1
3
0 2 4 2 0 -1
0 2 2 1 0 2
2 3 2 1 0 2
haar_x2_y2
-2.926302e-001 0 -1
-4.672019e-001 5.240072e-003 
1
2
3 1 2 1 0 -1
4 1 1 1 0 2
haar_x2
-8.259488e-002 0 -1
-6.188540e-001 3.286513e-003 
1
2
2 1 4 1 0 -1
4 1 2 1 0 2
haar_x2
-5.295011e-002 0 -1
9.682941e-002 -2.851514e-002 
1
2
4 0 2 1 0 -1
5 0 1 1 0 2
haar_x2
-3.057207e-002 0 -1
-1.363214e-001 1.813234e-002 
1
2
5 0 1 2 0 -1
5 0 1 1 0 2
tilted_haar_y2
-3.765845e-002 0 -1
-1.942765e-001 1.268615e-002 
1
2
2 1 3 3 0 -1
3 2 1 1 0 9
haar_point
4.986218e-001 0 -1
-7.990446e-003 4.282735e-001 
1
2
3 1 1 4 0 -1
3 2 1 2 0 2
haar_y4
9.356411e-003 0 -1
1.191600e-002 -2.455607e-001 
1
2
2 0 3 3 0 -1
3 0 1 3 0 3
haar_x3
8.200977e-003 0 -1
-2.974864e-002 8.663497e-002 
1
2
2 0 3 3 0 -1
3 0 1 3 0 3
haar_x3
-2.435628e-001 0 -1
2.690029e-001 -1.068212e-002 
1
2
2 1 3 3 0 -1
3 2 1 1 0 9
haar_point
-1.166250e+000 0 -1
-7.892734e-001 3.734466e-003 
1
2
1 0 2 2 0 -1
2 0 1 2 0 2
haar_x2
-3.055214e-001 0 -1
8.151489e-001 -4.041308e-003 
1
2
0 0 3 1 0 -1
1 0 1 1 0 3
haar_x3
5.945745e-002 0 -1
1.087505e-002 -2.709497e-001 
1
2
2 3 3 3 0 -1
3 4 1 1 0 9
haar_point
2.076954e-001 0 -1
2.945453e-002 -8.846036e-002 
1
2
2 4 2 2 0 -1
2 5 2 1 0 2
haar_y2
-7.461835e-002 0 -1
3.582495e-001 -8.228606e-003 
1
2
0 4 6 2 0 -1
0 5 6 1 0 2
haar_y2
-2.213679e-001 0 -1
-4.823706e-001 6.013291e-003 
1
2
4 4 2 2 0 -1
4 5 2 1 0 2
haar_y2
-5.993845e-002 0 -1
1.812769e-001 -1.463282e-002 
1
2
4 3 1 2 0 -1
4 4 1 1 0 2
haar_y2
1.955129e-001 0 -1
2.618794e-003 -8.827841e-001 
1
2
0 5 6 1 0 -1
2 5 2 1 0 3
haar_x3
2.692940e-002 0 -1
-3.140730e-002 7.340334e-002 
1
2
1 5 3 1 0 -1
2 5 1 1 0 3
haar_x3
-2.294356e-003 0 -1
6.105237e-002 -5.938550e-002 
1
2
4 5 2 1 0 -1
5 5 1 1 0 2
haar_x2
-5.657513e-002 0 -1
-3.590920e-001 7.079462e-003 
1
2
0 2 1 3 0 -1
0 3 1 1 0 3
haar_y3
9.945828e-002 0 -1
-1.535834e-002 1.589504e-001 
1
2
1 2 3 2 0 -1
2 2 1 2 0 3
haar_x3
2.990591e-002 0 -1
-2.240739e-002 1.036656e-001 
1
2
2 3 2 1 0 -1
3 3 1 1 0 2
haar_x2
-1.782692e-002 0 -1
-7.067066e-002 4.774463e-002 
1
2
2 3 2 1 0 -1
3 3 1 1 0 2
haar_x2
3.024726e-002 0 -1
2.719136e-002 -1.109761e-001 
1
2
2 3 3 1 0 -1
3 3 1 1 0 3
haar_x3
7.360090e-002 0 -1
-1.404685e-002 2.536531e-001 
1
2
1 2 4 2 0 -1
2 2 2 2 0 2
haar_x4
-6.467530e-002 0 -1
2.605139e-002 -1.114218e-001 
1
2
1 3 4 1 0 -1
2 3 2 1 0 2
haar_x4
-9.596800e-003 0 -1
-2.191361e-002 1.224149e-001 
1
3
3 1 2 4 0 -1
3 1 1 2 0 2
4 3 1 2 0 2
haar_x2_y2
-1.134908e-001 0 -1
-2.559958e-001 1.165154e-002 
1
2
0 3 3 1 0 -1
1 3 1 1 0 3
haar_x3
3.111394e-002 0 -1
-5.118001e-002 5.160515e-002 
1
2
0 3 3 2 0 -1
1 3 1 2 0 3
haar_x3
-2.016907e-002 0 -1
8.575913e-002 -3.176263e-002 
1
2
0 0 3 1 0 -1
1 0 1 1 0 3
haar_x3
-3.809229e-002 0 -1
-1.162296e-001 2.122717e-002 
1
2
0 0 4 1 0 -1
1 0 2 1 0 2
haar_x4
-6.487489e-002 0 -1
1.389569e-001 -1.793297e-002 
1
2
1 0 3 1 0 -1
2 0 1 1 0 3
haar_x3
-5.909745e-002 0 -1
-2.853670e-001 1.076646e-002 
1
2
1 0 4 1 0 -1
2 0 2 1 0 2
haar_x4
-8.971922e-002 0 -1
2.719803e-001 -1.003587e-002 
1
2
2 0 3 1 0 -1
3 0 1 1 0 3
haar_x3
-6.827946e-002 0 -1
-3.117145e-001 9.176292e-003 
1
2
0 4 2 1 0 -1
1 4 1 1 0 2
haar_x2
-1.312648e-002 0 -1
-6.656976e-002 3.664232e-002 
1
2
0 5 6 1 0 -1
3 5 3 1 0 2
haar_x2
-5.464539e-002 0 -1
8.165402e-002 -3.588454e-002 
1
2
2 4 2 1 0 -1
3 4 1 1 0 2
haar_x2
-2.319392e-002 0 -1
-9.853253e-002 2.956360e-002 
1
2
3 2 3 4 0 -1
3 3 3 2 0 2
haar_y4
1.265083e-001 0 -1
3.005232e-002 -1.037038e-001 
1
2
2 2 3 4 0 -1
3 2 1 4 0 3
haar_x3
-8.353391e-002 0 -1
4.286756e-002 -7.239452e-002 
1
3
3 4 2 2 0 -1
3 4 1 1 0 2
4 5 1 1 0 2
haar_x2_y2
-1.401999e-002 0 -1
-6.829824e-002 4.349486e-002 
1
2
0 3 6 1 0 -1
3 3 3 1 0 2
haar_x2
-5.851608e-003 0 -1
-4.758353e-002 5.554512e-002 
1
2
0 0 6 6 0 -1
0 3 6 3 0 2
haar_y2
-1.075368e+000 0 -1
-6.225323e-001 3.620183e-003 
1
2
2 0 2 6 0 -1
2 3 2 3 0 2
haar_y2
-3.164659e-001 0 -1
2.418703e-001 -1.198930e-002 
1
2
3 1 1 2 0 -1
3 1 1 1 0 2
tilted_haar_y2
1.142144e-001 0 -1
1.457864e-002 -1.879854e-001 
1
2
2 0 2 2 0 -1
2 0 2 1 0 2
tilted_haar_y2
3.827302e-001 0 -1
-4.304660e-003 6.707236e-001 
1
2
2 0 2 2 0 -1
3 0 1 2 0 2
haar_x2
-9.559361e-002 0 -1
-2.291389e-001 1.121345e-002 
1
2
0 0 6 2 0 -1
3 0 3 2 0 2
haar_x2
-2.374541e-001 0 -1
8.602256e-002 -3.290591e-002 
1
2
1 0 2 2 0 -1
2 0 1 2 0 2
haar_x2
-5.383897e-002 0 -1
-1.090118e-001 2.565738e-002 
1
2
0 1 3 2 0 -1
1 1 1 2 0 3
haar_x3
1.779543e-001 0 -1
-1.420024e-002 2.111698e-001 
1
3
1 1 2 2 0 -1
1 1 1 1 0 2
2 2 1 1 0 2
haar_x2_y2
-1.101962e-001 0 -1
-2.443753e-001 1.390473e-002 
1
2
2 0 4 1 0 -1
3 0 2 1 0 2
haar_x4
-5.099139e-002 0 -1
1.209519e-001 -2.090656e-002 
1
2
3 0 3 2 0 -1
4 0 1 2 0 3
haar_x3
-4.091199e-002 0 -1
-8.368126e-002 2.952726e-002 
1
2
0 1 6 3 0 -1
0 2 6 1 0 3
haar_y3
-1.122110e+000 0 -1
-4.096075e-001 5.790171e-003 
1
2
1 1 4 3 0 -1
1 2 4 1 0 3
haar_y3
-5.313655e-001 0 -1
8.556962e-002 -2.923717e-002 
1
2
2 1 4 1 0 -1
3 1 2 1 0 2
haar_x4
-3.050351e-002 0 -1
6.860390e-002 -3.983531e-002 
1
3
0 1 4 4 0 -1
0 1 2 2 0 2
2 3 2 2 0 2
haar_x2_y2
4.588404e-002 0 -1
4.134735e-002 -7.317073e-002 
1
2
4 2 2 2 0 -1
5 2 1 2 0 2
haar_x2
7.525384e-002 0 -1
3.379257e-002 -7.101931e-002 
1
2
3 3 3 1 0 -1
4 3 1 1 0 3
haar_x3
-3.850477e-002 0 -1
1.100579e-001 -3.131785e-002 
1
2
1 1 3 1 0 -1
2 1 1 1 0 3
haar_x3
-1.949304e-003 0 -1
4.567175e-002 -5.493610e-002 
1
2
2 1 1 4 0 -1
2 3 1 2 0 2
haar_y2
-9.364781e-002 0 -1
1.627233e-001 -1.802752e-002 
1
2
1 0 4 6 0 -1
1 3 4 3 0 2
haar_y2
-7.066630e-002 0 -1
-1.316705e-001 2.541944e-002 
1
2
0 0 6 1 0 -1
2 0 2 1 0 3
haar_x3
2.310297e-001 0 -1
-9.914493e-003 2.686715e-001 
1
2
5 2 1 2 0 -1
5 3 1 1 0 2
haar_y2
-8.753508e-002 0 -1
2.647589e-001 -9.625830e-003 
1
2
0 0 6 2 0 -1
3 0 3 2 0 2
haar_x2
4.481405e-001 0 -1
1.300194e-002 -2.198184e-001 
1
2
1 0 4 2 0 -1
3 0 2 2 0 2
haar_x2
1.588635e-001 0 -1
-2.299509e-002 1.228089e-001 
1
2
2 2 4 3 0 -1
2 3 4 1 0 3
haar_y3
-8.209376e-001 0 -1
-5.140983e-001 4.740584e-003 
1
2
1 0 2 1 0 -1
2 0 1 1 0 2
haar_x2
6.113147e-002 0 -1
6.369506e-003 -3.707940e-001 
1
2
1 2 1 2 0 -1
1 3 1 1 0 2
haar_y2
1.734652e-001 0 -1
3.451711e-003 -6.406449e-001 
1
3
2 0 2 2 0 -1
2 0 1 1 0 2
3 1 1 1 0 2
haar_x2_y2
-2.036356e-003 0 -1
4.902253e-002 -4.958684e-002 
1
2
1 5 3 1 0 -1
2 5 1 1 0 3
haar_x3
4.646164e-002 0 -1
7.808821e-003 -3.100155e-001 
1
2
1 5 3 1 0 -1
2 5 1 1 0 3
haar_x3
1.406948e-003 0 -1
-4.309631e-002 6.052161e-002 
1
2
1 5 3 1 0 -1
2 5 1 1 0 3
haar_x3
1.171397e-002 0 -1
2.845958e-002 -9.007239e-002 
1
2
0 2 3 3 0 -1
1 3 1 1 0 9
haar_point
8.845505e-001 0 -1
-7.700712e-003 3.278913e-001 
1
2
0 2 6 3 0 -1
0 3 6 1 0 3
haar_y3
-9.904736e-001 0 -1
3.602837e-001 -6.232550e-003 
1
2
4 2 1 4 0 -1
4 3 1 2 0 2
haar_y4
1.492924e-003 0 -1
-5.740803e-002 4.440616e-002 
1
3
2 2 2 2 0 -1
2 2 1 1 0 2
3 3 1 1 0 2
haar_x2_y2
-3.293257e-002 0 -1
1.015121e-001 -3.190300e-002 
1
2
2 1 3 2 0 -1
3 2 1 2 0 3
tilted_haar_x3
9.887019e-003 0 -1
2.616069e-002 -1.137116e-001 
1
2
3 3 3 3 0 -1
4 4 1 1 0 9
haar_point
-6.857850e-002 0 -1
1.028891e-001 -3.185772e-002 
1
2
4 3 1 3 0 -1
4 4 1 1 0 3
haar_y3
-1.782555e-001 0 -1
-6.359448e-001 4.587227e-003 
1
2
0 3 2 2 0 -1
0 4 2 1 0 2
haar_y2
2.447078e-001 0 -1
7.672539e-003 -3.068540e-001 
1
2
2 0 3 4 0 -1
2 1 3 2 0 2
haar_y4
-4.460320e-001 0 -1
-1.319464e-001 1.868601e-002 
1
2
2 0 2 3 0 -1
2 1 2 1 0 3
haar_y3
-9.237348e-002 0 -1
1.116486e-001 -3.008457e-002 
1
2
3 1 1 2 0 -1
3 2 1 1 0 2
haar_y2
-2.586943e-003 0 -1
2.498961e-002 -1.228603e-001 
1
2
4 0 2 2 0 -1
4 0 2 1 0 2
tilted_haar_y2
1.206100e-001 0 -1
6.684429e-002 -4.292764e-002 
1
2
1 1 2 1 0 -1
2 1 1 1 0 2
haar_x2
-1.010983e-001 0 -1
-3.696762e-001 7.004312e-003 
1
2
1 1 4 2 0 -1
2 1 2 2 0 2
haar_x4
-2.621131e-001 0 -1
2.217944e-001 -1.456885e-002 
1
2
3 0 1 2 0 -1
3 0 1 1 0 2
tilted_haar_y2
-9.425323e-002 0 -1
-1.710576e-001 1.617674e-002 
1
2
0 0 3 4 0 -1
0 1 3 2 0 2
haar_y4
-1.987106e-001 0 -1
-5.950363e-002 4.022079e-002 
1
2
1 0 1 2 0 -1
1 1 1 1 0 2
haar_y2
-5.006752e-002 0 -1
7.940525e-002 -3.288192e-002 
1
2
1 5 2 1 0 -1
2 5 1 1 0 2
haar_x2
1.989529e-003 0 -1
-3.942111e-002 5.691124e-002 
1
2
1 0 4 6 0 -1
2 0 2 6 0 2
haar_x4
-9.019807e-002 0 -1
2.626174e-002 -8.908677e-002 
1
2
2 2 4 2 0 -1
4 2 2 2 0 2
haar_x2
3.056679e-001 0 -1
3.770903e-002 -9.992345e-002 
1
2
5 2 1 4 0 -1
5 4 1 2 0 2
haar_y2
1.994757e-001 0 -1
3.320469e-002 -8.260458e-002 
1
2
3 1 2 4 0 -1
3 2 2 2 0 2
haar_y4
-5.141549e-001 0 -1
2.182337e-001 -1.146929e-002 
1
2
0 4 6 2 0 -1
2 4 2 2 0 3
haar_x3
-1.337025e-001 0 -1
6.354181e-002 -4.069881e-002 
-5.988809e-001

17
-1
