45
1
2
3 0 1 4 0 -1
3 2 1 2 0 2
haar_y2
-1.534538e-003 0 -1
1.800389e-001 -5.266930e-001 
1
2
2 5 3 1 0 -1
3 5 1 1 0 3
haar_x3
3.814888e-002 0 -1
7.447165e-002 -6.810581e-001 
1
2
2 5 3 1 0 -1
3 5 1 1 0 3
haar_x3
-3.172188e-002 0 -1
-5.322312e-001 1.316609e-001 
1
2
1 2 4 4 0 -1
2 2 2 4 0 2
haar_x4
-1.083225e-001 0 -1
2.013418e-001 -3.639978e-001 
1
2
2 0 3 1 0 -1
3 0 1 1 0 3
haar_x3
4.763954e-002 0 -1
9.581406e-002 -5.884073e-001 
1
2
0 0 5 3 0 -1
0 1 5 1 0 3
haar_y3
2.599438e-001 0 -1
-1.659167e-001 3.328299e-001 
1
2
1 0 1 6 0 -1
1 3 1 3 0 2
haar_y2
-1.222130e-001 0 -1
-6.349875e-001 8.429866e-002 
1
2
1 5 2 1 0 -1
2 5 1 1 0 2
haar_x2
-3.326540e-002 0 -1
-4.558987e-001 9.342597e-002 
1
2
1 5 2 1 0 -1
2 5 1 1 0 2
haar_x2
3.460547e-002 0 -1
6.809456e-002 -5.956613e-001 
1
2
1 0 3 1 0 -1
2 0 1 1 0 3
haar_x3
4.637955e-002 0 -1
6.710371e-002 -5.130432e-001 
1
2
2 0 3 6 0 -1
2 3 3 3 0 2
haar_y2
1.061086e+000 0 -1
5.999469e-002 -5.909285e-001 
1
2
3 0 2 1 0 -1
4 0 1 1 0 2
haar_x2
4.530973e-002 0 -1
5.389832e-002 -5.693331e-001 
1
2
4 2 1 2 0 -1
4 3 1 1 0 2
haar_y2
5.492927e-004 0 -1
-2.885629e-001 1.196728e-001 
1
2
3 1 3 1 0 -1
4 2 1 1 0 3
tilted_haar_x3
6.003781e-002 0 -1
-4.874172e-002 6.762175e-001 
1
2
2 2 4 2 0 -1
4 2 2 2 0 2
haar_x2
5.808082e-002 0 -1
-2.484483e-001 1.435769e-001 
1
2
3 5 3 1 0 -1
4 5 1 1 0 3
haar_x3
3.154622e-002 0 -1
8.996878e-002 -4.217083e-001 
1
2
0 3 4 1 0 -1
1 3 2 1 0 2
haar_x4
7.263798e-002 0 -1
-1.033106e-001 3.725578e-001 
1
2
3 5 3 1 0 -1
4 5 1 1 0 3
haar_x3
-3.614109e-002 0 -1
-3.550881e-001 9.516338e-002 
1
2
0 2 3 2 0 -1
1 2 1 2 0 3
haar_x3
-1.367908e-001 0 -1
5.263059e-001 -6.459257e-002 
1
2
1 2 3 3 0 -1
2 3 1 1 0 9
haar_point
-3.327554e-001 0 -1
2.519045e-001 -1.283796e-001 
1
2
2 4 2 1 0 -1
3 4 1 1 0 2
haar_x2
4.599853e-002 0 -1
6.178221e-002 -5.153752e-001 
1
3
4 3 2 2 0 -1
4 3 1 1 0 2
5 4 1 1 0 2
haar_x2_y2
6.078036e-004 0 -1
-1.451324e-001 1.989519e-001 
1
2
3 2 3 2 0 -1
4 2 1 2 0 3
haar_x3
-1.060574e-001 0 -1
3.910120e-001 -6.763782e-002 
1
2
0 0 2 1 0 -1
1 0 1 1 0 2
haar_x2
-1.940255e-002 0 -1
-2.135499e-001 1.442764e-001 
1
2
1 1 4 1 0 -1
1 1 2 1 0 2
tilted_haar_x2
-4.477831e-001 0 -1
-6.034333e-001 5.041477e-002 
1
2
0 1 1 2 0 -1
0 2 1 1 0 2
haar_y2
3.036248e-002 0 -1
8.846927e-002 -3.624764e-001 
1
2
5 0 1 6 0 -1
5 3 1 3 0 2
haar_y2
-1.987624e-001 0 -1
-6.933064e-001 3.750252e-002 
1
2
0 0 3 1 0 -1
1 0 1 1 0 3
haar_x3
4.232676e-002 0 -1
6.166325e-002 -4.309951e-001 
1
3
2 4 2 2 0 -1
2 4 1 1 0 2
3 5 1 1 0 2
haar_x2_y2
2.606250e-002 0 -1
8.294161e-002 -2.868611e-001 
1
2
2 2 3 2 0 -1
3 2 1 2 0 3
haar_x3
-1.297460e-001 0 -1
2.305161e-001 -1.266606e-001 
1
2
2 5 2 1 0 -1
3 5 1 1 0 2
haar_x2
-2.490802e-002 0 -1
-3.339983e-001 7.975305e-002 
1
3
0 0 6 6 0 -1
0 0 3 3 0 2
3 3 3 3 0 2
haar_x2_y2
7.035263e-001 0 -1
4.992459e-002 -4.443160e-001 
1
2
3 3 3 1 0 -1
4 3 1 1 0 3
haar_x3
-1.341920e-001 0 -1
5.732493e-001 -4.143801e-002 
1
2
5 4 1 2 0 -1
5 5 1 1 0 2
haar_y2
1.460306e-003 0 -1
-2.665448e-001 1.054823e-001 
1
2
5 4 1 2 0 -1
5 5 1 1 0 2
haar_y2
6.735753e-002 0 -1
6.925628e-002 -2.931101e-001 
1
2
0 5 2 1 0 -1
1 5 1 1 0 2
haar_x2
5.289415e-002 0 -1
3.181094e-002 -5.533630e-001 
1
2
1 2 3 4 0 -1
1 3 3 2 0 2
haar_y4
2.594635e-001 0 -1
3.357168e-002 -4.780072e-001 
1
2
0 3 6 3 0 -1
2 3 2 3 0 3
haar_x3
2.387272e-001 0 -1
-4.244372e-002 5.097860e-001 
1
2
3 4 2 1 0 -1
4 4 1 1 0 2
haar_x2
-4.398773e-002 0 -1
-6.194220e-001 3.595574e-002 
1
2
1 1 3 3 0 -1
2 2 1 1 0 9
haar_point
-3.319824e-001 0 -1
1.480831e-001 -1.376533e-001 
1
2
2 0 3 2 0 -1
3 0 1 2 0 3
haar_x3
3.030971e-002 0 -1
7.664883e-002 -2.507585e-001 
1
2
2 0 3 2 0 -1
3 0 1 2 0 3
haar_x3
-1.148891e-001 0 -1
-4.952860e-001 4.383725e-002 
1
2
1 1 4 1 0 -1
1 1 2 1 0 2
tilted_haar_x2
-2.731770e-001 0 -1
-2.183045e-001 8.726791e-002 
1
2
1 1 3 1 0 -1
2 1 1 1 0 3
haar_x3
-6.178442e-002 0 -1
-3.509088e-001 5.425144e-002 
1
3
0 3 2 2 0 -1
0 3 1 1 0 2
1 4 1 1 0 2
haar_x2_y2
-1.877717e-003 0 -1
1.444440e-001 -1.137204e-001 
-1.299695e+000

4
-1
